Accuracy: 0.38829556079381594

n_chords: 1
n_melody: 0
t_prior: 1037.5
e_prior: 50.0
dataset: All
keys: minor
filter_train_set: True
filter_val_set: True

~ First 3000 predicted states ~
Predicted	True
[-1]	[-1]
[13]	[-1]
[13]	[13]
[13]	[13]
[13]	[13]
[13]	[13]
[13]	[13]
[13]	[20]
[13]	[20]
[13]	[20]
[13]	[20]
[13]	[20]
[13]	[20]
[13]	[13]
[13]	[13]
[13]	[13]
[13]	[13]
[13]	[13]
[13]	[13]
[13]	[20]
[13]	[20]
[13]	[20]
[13]	[20]
[13]	[20]
[13]	[20]
[13]	[13]
[13]	[13]
[13]	[13]
[13]	[13]
[13]	[13]
[13]	[20]
[13]	[20]
[13]	[20]
[13]	[20]
[13]	[20]
[13]	[13]
[13]	[13]
[13]	[13]
[13]	[8]
[13]	[8]
[13]	[8]
[13]	[13]
[13]	[13]
[13]	[13]
[13]	[13]
[13]	[5]
[13]	[5]
[13]	[5]
[13]	[5]
[13]	[5]
[13]	[12]
[13]	[12]
[13]	[12]
[13]	[12]
[13]	[12]
[13]	[13]
[13]	[13]
[13]	[13]
[13]	[13]
[13]	[13]
[13]	[13]
[13]	[8]
[13]	[8]
[13]	[8]
[13]	[8]
[13]	[13]
[13]	[13]
[13]	[13]
[13]	[8]
[13]	[8]
[13]	[8]
[13]	[13]
[13]	[13]
[13]	[13]
[13]	[13]
[13]	[18]
[13]	[18]
[13]	[13]
[13]	[13]
[13]	[13]
[13]	[8]
[13]	[8]
[13]	[8]
[13]	[13]
[-1]	[13]
[13]	[13]
[13]	[13]
[13]	[13]
[13]	[13]
[13]	[8]
[13]	[8]
[13]	[8]
[13]	[8]
[13]	[8]
[13]	[8]
[13]	[8]
[13]	[8]
[13]	[8]
[13]	[13]
[13]	[13]
[13]	[13]
[13]	[13]
[13]	[13]
[13]	[13]
[13]	[13]
[13]	[13]
[13]	[13]
[13]	[8]
[13]	[8]
[13]	[8]
[13]	[8]
[13]	[8]
[13]	[8]
[13]	[8]
[13]	[8]
[13]	[8]
[13]	[13]
[13]	[13]
[13]	[13]
[13]	[3]
[13]	[3]
[13]	[3]
[13]	[3]
[13]	[3]
[13]	[3]
[13]	[8]
[13]	[8]
[13]	[8]
[13]	[8]
[13]	[8]
[13]	[8]
[13]	[8]
[13]	[8]
[13]	[8]
[13]	[8]
[13]	[8]
[13]	[13]
[13]	[13]
[13]	[13]
[13]	[13]
[13]	[13]
[13]	[13]
[13]	[13]
[13]	[13]
[13]	[13]
[13]	[13]
[13]	[13]
[13]	[8]
[13]	[8]
[13]	[8]
[13]	[8]
[13]	[8]
[13]	[8]
[13]	[8]
[13]	[8]
[13]	[8]
[13]	[13]
[13]	[13]
[13]	[5]
[13]	[5]
[13]	[5]
[13]	[5]
[13]	[1]
[13]	[1]
[18]	[1]
[18]	[1]
[18]	[18]
[18]	[18]
[18]	[18]
[18]	[18]
[18]	[18]
[18]	[18]
[18]	[18]
[8]	[18]
[8]	[8]
[8]	[8]
[8]	[8]
[13]	[8]
[13]	[8]
[13]	[8]
[13]	[8]
[13]	[8]
[13]	[8]
[13]	[13]
[13]	[13]
[13]	[13]
[13]	[13]
[13]	[13]
[13]	[13]
[13]	[13]
[13]	[13]
[13]	[13]
[13]	[13]
[13]	[13]
[13]	[13]
[13]	[6]
[13]	[6]
[13]	[6]
[13]	[6]
[13]	[6]
[13]	[6]
[13]	[6]
[13]	[6]
[13]	[6]
[13]	[6]
[13]	[6]
[13]	[6]
[13]	[6]
[13]	[6]
[13]	[6]
[13]	[6]
[13]	[8]
[13]	[8]
[13]	[8]
[13]	[8]
[13]	[8]
[13]	[8]
[13]	[8]
[13]	[8]
[13]	[8]
[13]	[8]
[13]	[8]
[13]	[8]
[13]	[8]
[13]	[8]
[13]	[8]
[13]	[8]
[13]	[8]
[13]	[8]
[13]	[8]
[13]	[8]
[13]	[8]
[13]	[8]
[13]	[8]
[13]	[13]
[13]	[13]
[13]	[13]
[13]	[13]
[13]	[13]
[13]	[13]
[13]	[13]
[13]	[13]
[13]	[13]
[13]	[13]
[13]	[13]
[13]	[13]
[13]	[13]
[13]	[13]
[13]	[13]
[13]	[13]
[13]	[13]
[13]	[13]
[13]	[13]
[13]	[13]
[13]	[13]
[13]	[13]
[13]	[1]
[18]	[1]
[18]	[18]
[18]	[18]
[18]	[18]
[18]	[18]
[18]	[18]
[18]	[18]
[18]	[18]
[18]	[18]
[18]	[18]
[13]	[18]
[13]	[13]
[13]	[13]
[13]	[13]
[13]	[13]
[13]	[13]
[13]	[13]
[13]	[13]
[13]	[8]
[13]	[8]
[13]	[8]
[13]	[8]
[13]	[8]
[13]	[8]
[-1]	[13]
[13]	[-1]
[13]	[-1]
[13]	[-1]
[13]	[-1]
[13]	[-1]
[13]	[-1]
[13]	[-1]
[13]	[-1]
[13]	[-1]
[13]	[-1]
[13]	[-1]
[13]	[-1]
[13]	[-1]
[13]	[-1]
[13]	[5]
[13]	[5]
[13]	[5]
[13]	[5]
[13]	[5]
[13]	[5]
[13]	[5]
[13]	[5]
[13]	[5]
[13]	[5]
[13]	[5]
[13]	[5]
[13]	[8]
[13]	[8]
[13]	[8]
[13]	[8]
[13]	[8]
[13]	[8]
[13]	[8]
[13]	[13]
[13]	[13]
[13]	[13]
[13]	[13]
[13]	[13]
[13]	[13]
[13]	[13]
[13]	[13]
[13]	[13]
[13]	[13]
[13]	[13]
[13]	[13]
[13]	[13]
[13]	[13]
[13]	[13]
[13]	[13]
[13]	[13]
[13]	[13]
[13]	[13]
[13]	[13]
[13]	[13]
[13]	[13]
[13]	[13]
[13]	[13]
[13]	[13]
[13]	[13]
[13]	[13]
[13]	[13]
[13]	[13]
[13]	[13]
[13]	[13]
[13]	[13]
[13]	[13]
[13]	[13]
[13]	[13]
[13]	[18]
[13]	[18]
[13]	[18]
[13]	[18]
[13]	[18]
[13]	[18]
[13]	[8]
[13]	[8]
[13]	[8]
[13]	[8]
[13]	[8]
[13]	[8]
[13]	[8]
[13]	[8]
[13]	[13]
[13]	[13]
[13]	[13]
[13]	[13]
[13]	[13]
[13]	[13]
[13]	[13]
[13]	[13]
[13]	[13]
[13]	[13]
[13]	[13]
[13]	[13]
[13]	[13]
[13]	[10]
[13]	[10]
[13]	[10]
[13]	[10]
[13]	[5]
[13]	[5]
[13]	[5]
[13]	[5]
[13]	[5]
[13]	[5]
[13]	[5]
[13]	[5]
[13]	[5]
[13]	[5]
[13]	[5]
[13]	[5]
[13]	[5]
[13]	[5]
[13]	[5]
[13]	[8]
[13]	[8]
[13]	[8]
[13]	[8]
[13]	[8]
[13]	[8]
[13]	[8]
[13]	[13]
[13]	[13]
[13]	[13]
[13]	[13]
[13]	[13]
[13]	[13]
[13]	[13]
[13]	[13]
[13]	[13]
[13]	[13]
[13]	[13]
[13]	[13]
[13]	[13]
[13]	[13]
[13]	[13]
[13]	[13]
[13]	[13]
[13]	[13]
[13]	[13]
[13]	[13]
[13]	[13]
[13]	[13]
[13]	[13]
[13]	[13]
[13]	[5]
[13]	[5]
[13]	[5]
[13]	[5]
[13]	[5]
[13]	[5]
[13]	[5]
[13]	[5]
[13]	[5]
[13]	[5]
[13]	[5]
[13]	[5]
[13]	[5]
[13]	[5]
[13]	[5]
[13]	[5]
[13]	[8]
[13]	[8]
[13]	[8]
[13]	[8]
[13]	[8]
[13]	[8]
[13]	[8]
[13]	[8]
[13]	[13]
[13]	[13]
[13]	[13]
[13]	[13]
[13]	[13]
[13]	[13]
[13]	[13]
[13]	[13]
[13]	[13]
[13]	[5]
[13]	[5]
[13]	[5]
[13]	[5]
[13]	[5]
[13]	[5]
[13]	[5]
[13]	[5]
[13]	[12]
[13]	[12]
[13]	[12]
[13]	[12]
[13]	[12]
[13]	[12]
[13]	[12]
[13]	[12]
[13]	[5]
[13]	[18]
[13]	[18]
[13]	[18]
[13]	[18]
[13]	[18]
[13]	[18]
[13]	[18]
[13]	[18]
[13]	[5]
[13]	[5]
[13]	[5]
[13]	[5]
[13]	[5]
[13]	[5]
[13]	[5]
[13]	[5]
[13]	[8]
[13]	[8]
[13]	[8]
[13]	[8]
[13]	[8]
[13]	[8]
[13]	[8]
[13]	[8]
[13]	[13]
[13]	[13]
[13]	[13]
[13]	[13]
[13]	[13]
[13]	[13]
[13]	[13]
[13]	[13]
[13]	[13]
[13]	[13]
[13]	[13]
[13]	[13]
[13]	[13]
[13]	[13]
[13]	[13]
[13]	[13]
[13]	[13]
[13]	[13]
[13]	[13]
[13]	[13]
[13]	[13]
[13]	[13]
[13]	[13]
[13]	[13]
[13]	[5]
[13]	[5]
[13]	[5]
[12]	[5]
[12]	[5]
[12]	[5]
[12]	[5]
[12]	[5]
[12]	[18]
[12]	[18]
[12]	[18]
[12]	[18]
[13]	[18]
[13]	[6]
[13]	[6]
[13]	[6]
[13]	[6]
[13]	[12]
[13]	[12]
[13]	[12]
[13]	[5]
[13]	[5]
[13]	[5]
[13]	[5]
[13]	[5]
[13]	[5]
[12]	[5]
[12]	[5]
[12]	[5]
[12]	[5]
[12]	[5]
[12]	[18]
[12]	[18]
[12]	[18]
[12]	[18]
[12]	[18]
[12]	[8]
[12]	[8]
[13]	[8]
[13]	[8]
[13]	[8]
[13]	[8]
[13]	[8]
[-1]	[8]
[13]	[13]
[13]	[13]
[13]	[13]
[13]	[13]
[13]	[13]
[13]	[13]
[13]	[13]
[13]	[13]
[13]	[12]
[13]	[12]
[13]	[12]
[13]	[13]
[13]	[13]
[13]	[13]
[13]	[13]
[13]	[13]
[13]	[10]
[13]	[10]
[13]	[10]
[13]	[12]
[13]	[12]
[13]	[12]
[13]	[13]
[13]	[13]
[13]	[13]
[13]	[13]
[13]	[13]
[13]	[13]
[13]	[13]
[13]	[13]
[13]	[12]
[13]	[12]
[13]	[12]
[13]	[13]
[13]	[13]
[13]	[12]
[13]	[12]
[13]	[12]
[13]	[20]
[13]	[20]
[13]	[20]
[13]	[13]
[13]	[13]
[13]	[13]
[13]	[13]
[13]	[13]
[13]	[13]
[13]	[13]
[13]	[13]
[13]	[13]
[13]	[13]
[13]	[13]
[13]	[13]
[13]	[13]
[13]	[12]
[13]	[12]
[13]	[12]
[13]	[12]
[13]	[12]
[13]	[12]
[13]	[12]
[13]	[12]
[13]	[12]
[13]	[12]
[13]	[13]
[13]	[13]
[13]	[13]
[13]	[13]
[13]	[13]
[13]	[13]
[13]	[13]
[13]	[13]
[13]	[13]
[13]	[13]
[13]	[13]
[13]	[13]
[13]	[12]
[13]	[12]
[13]	[12]
[13]	[12]
[13]	[12]
[13]	[12]
[13]	[20]
[13]	[20]
[13]	[20]
[13]	[13]
[13]	[13]
[13]	[13]
[13]	[13]
[13]	[13]
[13]	[13]
[13]	[13]
[13]	[13]
[13]	[13]
[13]	[13]
[13]	[13]
[13]	[13]
[13]	[13]
[13]	[20]
[13]	[20]
[13]	[20]
[13]	[20]
[13]	[20]
[13]	[20]
[13]	[20]
[13]	[20]
[13]	[20]
[-1]	[13]
[8]	[6]
[8]	[6]
[8]	[6]
[8]	[6]
[8]	[6]
[8]	[6]
[8]	[6]
[8]	[6]
[8]	[6]
[8]	[6]
[8]	[5]
[8]	[5]
[8]	[5]
[8]	[5]
[13]	[5]
[13]	[5]
[13]	[10]
[13]	[10]
[13]	[10]
[8]	[12]
[8]	[12]
[8]	[12]
[8]	[12]
[8]	[12]
[8]	[12]
[8]	[6]
[8]	[6]
[8]	[6]
[8]	[6]
[8]	[5]
[8]	[5]
[8]	[5]
[8]	[5]
[8]	[5]
[8]	[5]
[8]	[5]
[8]	[5]
[8]	[5]
[8]	[5]
[8]	[6]
[8]	[6]
[8]	[6]
[8]	[6]
[8]	[6]
[8]	[6]
[8]	[6]
[8]	[6]
[8]	[6]
[8]	[6]
[8]	[6]
[8]	[6]
[8]	[6]
[8]	[5]
[8]	[5]
[8]	[5]
[8]	[5]
[13]	[5]
[13]	[5]
[13]	[10]
[13]	[10]
[13]	[10]
[8]	[6]
[8]	[6]
[8]	[6]
[8]	[6]
[8]	[6]
[8]	[6]
[8]	[6]
[8]	[6]
[8]	[6]
[8]	[6]
[8]	[5]
[8]	[5]
[8]	[5]
[8]	[5]
[8]	[5]
[8]	[5]
[8]	[5]
[8]	[5]
[8]	[5]
[8]	[5]
[8]	[6]
[8]	[6]
[8]	[6]
[8]	[6]
[8]	[6]
[8]	[6]
[8]	[6]
[8]	[6]
[8]	[6]
[8]	[6]
[8]	[5]
[8]	[5]
[8]	[5]
[8]	[6]
[8]	[6]
[8]	[6]
[8]	[6]
[8]	[6]
[8]	[6]
[13]	[6]
[13]	[6]
[13]	[6]
[13]	[10]
[8]	[10]
[8]	[12]
[8]	[12]
[8]	[12]
[8]	[12]
[8]	[12]
[8]	[12]
[8]	[12]
[8]	[12]
[8]	[6]
[8]	[6]
[8]	[6]
[8]	[6]
[8]	[6]
[8]	[6]
[8]	[6]
[8]	[6]
[8]	[6]
[8]	[6]
[8]	[6]
[8]	[6]
[8]	[6]
[8]	[6]
[8]	[6]
[8]	[6]
[8]	[6]
[13]	[6]
[13]	[6]
[13]	[6]
[13]	[6]
[13]	[6]
[13]	[6]
[13]	[6]
[13]	[6]
[13]	[6]
[13]	[6]
[13]	[6]
[13]	[6]
[13]	[6]
[13]	[6]
[13]	[6]
[13]	[6]
[13]	[6]
[13]	[6]
[13]	[6]
[13]	[6]
[13]	[6]
[13]	[6]
[13]	[6]
[13]	[6]
[13]	[6]
[13]	[6]
[13]	[6]
[13]	[6]
[13]	[6]
[13]	[6]
[13]	[6]
[13]	[6]
[13]	[6]
[13]	[6]
[13]	[6]
[13]	[6]
[13]	[6]
[13]	[5]
[13]	[5]
[13]	[5]
[13]	[5]
[13]	[5]
[13]	[5]
[13]	[5]
[13]	[5]
[13]	[5]
[13]	[5]
[13]	[6]
[13]	[6]
[13]	[6]
[13]	[6]
[13]	[6]
[13]	[6]
[13]	[6]
[13]	[6]
[13]	[6]
[13]	[6]
[13]	[6]
[13]	[6]
[13]	[6]
[13]	[6]
[13]	[6]
[13]	[6]
[13]	[6]
[13]	[6]
[13]	[6]
[13]	[6]
[13]	[6]
[13]	[6]
[13]	[6]
[13]	[6]
[13]	[6]
[13]	[6]
[13]	[6]
[13]	[6]
[13]	[6]
[13]	[6]
[13]	[6]
[13]	[6]
[13]	[6]
[13]	[6]
[13]	[6]
[13]	[6]
[13]	[6]
[13]	[6]
[13]	[6]
[13]	[6]
[13]	[6]
[13]	[6]
[13]	[6]
[13]	[6]
[13]	[6]
[13]	[6]
[13]	[6]
[13]	[6]
[13]	[6]
[13]	[6]
[13]	[6]
[13]	[6]
[13]	[6]
[13]	[6]
[13]	[6]
[13]	[6]
[-1]	[6]
[13]	[-1]
[13]	[-1]
[13]	[-1]
[13]	[13]
[13]	[13]
[13]	[13]
[13]	[8]
[13]	[8]
[13]	[13]
[18]	[13]
[18]	[13]
[18]	[18]
[18]	[18]
[18]	[12]
[18]	[12]
[13]	[12]
[13]	[12]
[13]	[12]
[13]	[8]
[13]	[8]
[13]	[13]
[13]	[13]
[13]	[8]
[13]	[8]
[13]	[10]
[13]	[10]
[13]	[13]
[13]	[13]
[13]	[13]
[13]	[13]
[13]	[13]
[13]	[18]
[13]	[18]
[13]	[18]
[13]	[8]
[-1]	[8]
[13]	[-1]
[13]	[13]
[13]	[13]
[13]	[13]
[13]	[8]
[13]	[8]
[13]	[8]
[13]	[8]
[13]	[8]
[13]	[13]
[13]	[13]
[13]	[13]
[13]	[13]
[13]	[13]
[13]	[8]
[13]	[8]
[13]	[13]
[13]	[8]
[13]	[8]
[13]	[8]
[13]	[8]
[13]	[8]
[13]	[8]
[13]	[8]
[13]	[13]
[13]	[13]
[13]	[13]
[13]	[8]
[13]	[8]
[13]	[8]
[13]	[8]
[13]	[8]
[13]	[8]
[13]	[8]
[13]	[13]
[13]	[13]
[13]	[13]
[13]	[8]
[13]	[8]
[13]	[13]
[13]	[13]
[13]	[13]
[13]	[13]
[13]	[8]
[13]	[8]
[-1]	[8]
[13]	[-1]
[13]	[-1]
[13]	[13]
[13]	[13]
[13]	[13]
[13]	[13]
[13]	[13]
[13]	[13]
[13]	[13]
[13]	[13]
[13]	[10]
[13]	[10]
[13]	[10]
[13]	[10]
[13]	[10]
[13]	[10]
[13]	[10]
[12]	[10]
[12]	[12]
[12]	[12]
[12]	[12]
[12]	[12]
[12]	[12]
[12]	[12]
[12]	[12]
[12]	[12]
[12]	[12]
[12]	[12]
[13]	[12]
[13]	[12]
[13]	[12]
[13]	[12]
[13]	[12]
[13]	[12]
[13]	[13]
[13]	[13]
[13]	[13]
[13]	[13]
[13]	[13]
[13]	[13]
[13]	[13]
[13]	[13]
[13]	[10]
[13]	[10]
[13]	[10]
[13]	[10]
[13]	[10]
[13]	[10]
[13]	[10]
[13]	[10]
[13]	[12]
[13]	[12]
[13]	[12]
[13]	[12]
[13]	[12]
[13]	[12]
[13]	[12]
[13]	[12]
[13]	[12]
[13]	[12]
[13]	[12]
[13]	[12]
[13]	[13]
[13]	[13]
[13]	[13]
[13]	[13]
[13]	[13]
[13]	[13]
[13]	[13]
[13]	[13]
[13]	[13]
[13]	[13]
[13]	[13]
[13]	[13]
[13]	[13]
[13]	[13]
[13]	[13]
[13]	[13]
[12]	[13]
[12]	[13]
[12]	[13]
[12]	[12]
[12]	[12]
[12]	[12]
[12]	[12]
[12]	[12]
[12]	[12]
[12]	[12]
[12]	[12]
[12]	[12]
[12]	[12]
[12]	[12]
[12]	[12]
[12]	[12]
[12]	[12]
[12]	[12]
[13]	[12]
[13]	[13]
[13]	[13]
[13]	[13]
[13]	[13]
[13]	[13]
[13]	[13]
[13]	[13]
[13]	[13]
[13]	[13]
[13]	[13]
[13]	[13]
[13]	[13]
[13]	[13]
[12]	[13]
[12]	[13]
[12]	[13]
[12]	[12]
[12]	[12]
[12]	[12]
[12]	[12]
[12]	[12]
[12]	[12]
[12]	[12]
[13]	[12]
[13]	[13]
[13]	[13]
[13]	[13]
[-1]	[13]
[-1]	[-1]
[8]	[-1]
[8]	[-1]
[8]	[13]
[8]	[13]
[8]	[13]
[8]	[13]
[8]	[13]
[8]	[13]
[8]	[8]
[8]	[8]
[8]	[8]
[8]	[8]
[8]	[8]
[8]	[8]
[8]	[8]
[8]	[8]
[8]	[8]
[8]	[8]
[8]	[8]
[8]	[8]
[8]	[8]
[8]	[8]
[8]	[13]
[8]	[13]
[8]	[13]
[8]	[13]
[8]	[13]
[8]	[13]
[13]	[18]
[13]	[18]
[13]	[18]
[13]	[18]
[13]	[18]
[13]	[18]
[13]	[13]
[13]	[13]
[13]	[13]
[13]	[13]
[13]	[13]
[13]	[13]
[13]	[3]
[13]	[3]
[13]	[3]
[8]	[3]
[8]	[3]
[8]	[3]
[8]	[8]
[8]	[8]
[8]	[8]
[8]	[8]
[8]	[8]
[8]	[13]
[8]	[13]
[8]	[13]
[8]	[13]
[8]	[13]
[8]	[13]
[8]	[8]
[8]	[8]
[8]	[8]
[8]	[8]
[8]	[8]
[8]	[8]
[8]	[8]
[8]	[8]
[8]	[8]
[8]	[8]
[8]	[8]
[8]	[8]
[8]	[8]
[8]	[8]
[8]	[13]
[8]	[13]
[8]	[13]
[8]	[13]
[8]	[13]
[8]	[13]
[13]	[18]
[13]	[18]
[13]	[18]
[13]	[18]
[13]	[18]
[13]	[18]
[13]	[18]
[13]	[18]
[13]	[13]
[13]	[13]
[13]	[13]
[13]	[13]
[13]	[13]
[13]	[13]
[13]	[13]
[13]	[13]
[13]	[13]
[13]	[8]
[13]	[8]
[13]	[8]
[13]	[8]
[13]	[8]
[13]	[8]
[13]	[8]
[13]	[8]
[13]	[13]
[8]	[13]
[8]	[13]
[8]	[13]
[8]	[13]
[8]	[5]
[8]	[5]
[8]	[5]
[8]	[5]
[8]	[5]
[8]	[5]
[8]	[18]
[8]	[18]
[8]	[18]
[8]	[18]
[8]	[18]
[8]	[12]
[8]	[12]
[8]	[12]
[8]	[12]
[8]	[12]
[8]	[12]
[8]	[12]
[8]	[12]
[8]	[5]
[8]	[5]
[8]	[5]
[8]	[5]
[8]	[5]
[8]	[5]
[8]	[5]
[8]	[5]
[8]	[5]
[8]	[5]
[8]	[5]
[8]	[5]
[8]	[5]
[8]	[18]
[8]	[18]
[8]	[18]
[8]	[18]
[8]	[18]
[8]	[12]
[8]	[12]
[8]	[12]
[8]	[12]
[8]	[12]
[8]	[12]
[8]	[5]
[8]	[5]
[8]	[5]
[8]	[5]
[8]	[5]
[8]	[5]
[8]	[5]
[8]	[5]
[8]	[5]
[8]	[5]
[8]	[5]
[8]	[5]
[13]	[5]
[13]	[18]
[13]	[18]
[13]	[18]
[13]	[18]
[13]	[18]
[13]	[18]
[13]	[18]
[13]	[18]
[12]	[18]
[12]	[12]
[12]	[12]
[12]	[12]
[12]	[12]
[12]	[12]
[12]	[12]
[13]	[12]
[13]	[12]
[13]	[5]
[13]	[5]
[13]	[5]
[13]	[5]
[13]	[5]
[13]	[5]
[13]	[5]
[13]	[10]
[13]	[10]
[13]	[10]
[13]	[10]
[13]	[23]
[13]	[23]
[13]	[23]
[13]	[23]
[13]	[5]
[13]	[5]
[13]	[5]
[13]	[5]
[13]	[1]
[13]	[1]
[13]	[1]
[13]	[1]
[13]	[18]
[13]	[18]
[13]	[18]
[13]	[18]
[13]	[12]
[13]	[12]
[13]	[12]
[13]	[12]
[13]	[5]
[13]	[5]
[13]	[5]
[13]	[5]
[13]	[5]
[13]	[1]
[13]	[1]
[13]	[1]
[13]	[1]
[13]	[1]
[13]	[1]
[13]	[1]
[13]	[1]
[13]	[1]
[13]	[1]
[13]	[1]
[13]	[1]
[13]	[1]
[13]	[1]
[13]	[1]
[13]	[1]
[13]	[1]
[13]	[1]
[13]	[1]
[13]	[1]
[13]	[1]
[13]	[1]
[13]	[1]
[18]	[1]
[18]	[15]
[18]	[15]
[18]	[15]
[18]	[15]
[18]	[15]
[18]	[15]
[18]	[15]
[18]	[15]
[18]	[15]
[18]	[15]
[18]	[15]
[18]	[15]
[18]	[15]
[18]	[15]
[18]	[15]
[18]	[15]
[18]	[8]
[18]	[8]
[18]	[8]
[18]	[8]
[18]	[8]
[18]	[8]
[18]	[8]
[18]	[8]
[18]	[8]
[18]	[8]
[18]	[8]
[18]	[8]
[18]	[8]
[18]	[8]
[18]	[8]
[18]	[8]
[13]	[1]
[13]	[1]
[13]	[1]
[13]	[1]
[13]	[1]
[13]	[1]
[13]	[1]
[13]	[1]
[13]	[1]
[13]	[1]
[13]	[1]
[13]	[1]
[13]	[1]
[13]	[1]
[13]	[1]
[13]	[1]
[13]	[1]
[13]	[1]
[13]	[1]
[13]	[1]
[13]	[1]
[13]	[1]
[13]	[1]
[13]	[1]
[13]	[10]
[13]	[10]
[13]	[10]
[13]	[10]
[13]	[10]
[13]	[10]
[13]	[15]
[13]	[15]
[13]	[15]
[13]	[15]
[13]	[13]
[13]	[13]
[13]	[13]
[13]	[13]
[13]	[6]
[13]	[6]
[13]	[6]
[13]	[6]
[13]	[19]
[13]	[19]
[13]	[19]
[13]	[19]
[13]	[1]
[13]	[1]
[13]	[1]
[13]	[1]
[13]	[10]
[13]	[10]
[13]	[10]
[13]	[10]
[13]	[15]
[13]	[15]
[13]	[15]
[13]	[15]
[13]	[8]
[13]	[8]
[13]	[8]
[13]	[8]
[-1]	[1]
[13]	[13]
[13]	[13]
[13]	[13]
[13]	[13]
[13]	[13]
[13]	[13]
[13]	[10]
[13]	[10]
[13]	[10]
[13]	[10]
[13]	[10]
[13]	[10]
[13]	[6]
[13]	[6]
[13]	[6]
[13]	[6]
[13]	[6]
[13]	[6]
[13]	[12]
[13]	[12]
[13]	[12]
[13]	[12]
[13]	[12]
[13]	[12]
[13]	[12]
[13]	[12]
[13]	[13]
[13]	[13]
[13]	[13]
[13]	[13]
[13]	[13]
[13]	[13]
[13]	[10]
[13]	[10]
[13]	[10]
[13]	[10]
[13]	[10]
[13]	[10]
[13]	[12]
[13]	[12]
[13]	[12]
[13]	[12]
[13]	[12]
[13]	[12]
[13]	[12]
[13]	[12]
[13]	[20]
[13]	[20]
[13]	[20]
[13]	[13]
[13]	[13]
[13]	[13]
[13]	[13]
[13]	[13]
[13]	[13]
[13]	[13]
[13]	[13]
[13]	[18]
[13]	[18]
[13]	[18]
[13]	[18]
[13]	[18]
[13]	[18]
[13]	[10]
[13]	[10]
[13]	[10]
[13]	[10]
[13]	[10]
[13]	[10]
[13]	[8]
[13]	[8]
[13]	[8]
[13]	[8]
[13]	[8]
[13]	[8]
[13]	[13]
[13]	[13]
[13]	[13]
[13]	[13]
[13]	[13]
[13]	[13]
[13]	[18]
[13]	[18]
[13]	[18]
[13]	[18]
[13]	[18]
[13]	[18]
[13]	[10]
[13]	[10]
[13]	[10]
[13]	[10]
[13]	[10]
[13]	[10]
[13]	[8]
[13]	[8]
[13]	[8]
[13]	[13]
[13]	[13]
[13]	[13]
[13]	[13]
[13]	[13]
[13]	[13]
[13]	[13]
[13]	[10]
[13]	[10]
[13]	[10]
[13]	[10]
[13]	[10]
[13]	[10]
[13]	[6]
[13]	[6]
[13]	[6]
[13]	[6]
[13]	[6]
[13]	[6]
[13]	[12]
[13]	[12]
[13]	[12]
[13]	[12]
[13]	[12]
[13]	[12]
[13]	[12]
[13]	[12]
[13]	[13]
[13]	[13]
[13]	[13]
[13]	[13]
[13]	[13]
[13]	[13]
[13]	[10]
[13]	[10]
[13]	[10]
[13]	[10]
[13]	[10]
[13]	[10]
[13]	[12]
[13]	[12]
[13]	[12]
[13]	[12]
[13]	[12]
[13]	[12]
[13]	[12]
[13]	[12]
[13]	[20]
[13]	[20]
[13]	[20]
[13]	[13]
[13]	[13]
[13]	[13]
[13]	[13]
[13]	[13]
[13]	[13]
[13]	[13]
[13]	[13]
[13]	[18]
[13]	[18]
[13]	[18]
[13]	[18]
[13]	[18]
[13]	[18]
[13]	[10]
[13]	[10]
[13]	[10]
[13]	[10]
[13]	[10]
[13]	[10]
[13]	[8]
[13]	[8]
[13]	[8]
[13]	[8]
[13]	[8]
[13]	[8]
[13]	[13]
[13]	[13]
[13]	[13]
[13]	[13]
[13]	[13]
[13]	[18]
[13]	[18]
[13]	[18]
[13]	[18]
[13]	[18]
[13]	[18]
[13]	[10]
[13]	[10]
[13]	[10]
[13]	[10]
[13]	[10]
[13]	[10]
[13]	[8]
[13]	[8]
[13]	[8]
[13]	[8]
[13]	[8]
[13]	[13]
[13]	[13]
[13]	[13]
[13]	[13]
[13]	[13]
[13]	[13]
[13]	[18]
[13]	[18]
[13]	[18]
[13]	[18]
[13]	[18]
[13]	[18]
[13]	[10]
[13]	[10]
[13]	[10]
[13]	[10]
[13]	[10]
[13]	[10]
[13]	[8]
[13]	[8]
[13]	[8]
[13]	[8]
[13]	[8]
[13]	[8]
[13]	[13]
[13]	[13]
[13]	[13]
[13]	[13]
[13]	[13]
[13]	[13]
[13]	[10]
[13]	[10]
[13]	[10]
[13]	[10]
[13]	[10]
[13]	[10]
[13]	[12]
[13]	[12]
[13]	[12]
[13]	[12]
[13]	[12]
[13]	[12]
[13]	[20]
[13]	[20]
[13]	[20]
[-1]	[13]
[13]	[13]
[13]	[13]
[13]	[13]
[13]	[13]
[13]	[5]
[13]	[12]
[13]	[12]
[13]	[13]
[13]	[13]
[13]	[13]
[13]	[20]
[13]	[20]
[13]	[13]
[13]	[13]
[13]	[13]
[13]	[13]
[13]	[13]
[13]	[12]
[13]	[12]
[13]	[20]
[13]	[6]
[13]	[6]
[13]	[20]
[13]	[20]
[13]	[20]
[13]	[20]
[13]	[13]
[13]	[13]
[13]	[13]
[13]	[13]
[13]	[5]
[13]	[5]
[13]	[5]
[13]	[5]
[13]	[13]
[13]	[13]
[13]	[13]
[13]	[13]
[13]	[5]
[13]	[5]
[13]	[5]
[13]	[5]
[13]	[13]
[13]	[13]
[13]	[13]
[13]	[13]
[13]	[12]
[13]	[12]
[13]	[12]
[13]	[12]
[13]	[13]
[13]	[13]
[13]	[13]
[13]	[13]
[13]	[13]
[13]	[13]
[13]	[13]
[13]	[13]
[13]	[5]
[13]	[6]
[13]	[6]
[13]	[20]
[13]	[20]
[13]	[20]
[13]	[12]
[13]	[12]
[13]	[12]
[13]	[12]
[13]	[5]
[13]	[5]
[13]	[5]
[13]	[12]
[13]	[12]
[13]	[13]
[13]	[13]
[13]	[13]
[13]	[13]
[13]	[20]
[13]	[20]
[13]	[20]
[13]	[20]
[13]	[13]
[13]	[13]
[13]	[13]
[13]	[5]
[13]	[6]
[13]	[6]
[13]	[20]
[13]	[20]
[13]	[20]
[13]	[12]
[13]	[12]
[13]	[12]
[13]	[12]
[13]	[5]
[13]	[5]
[13]	[5]
[13]	[5]
[13]	[13]
[13]	[13]
[13]	[13]
[13]	[13]
[13]	[5]
[13]	[5]
[13]	[12]
[-1]	[12]
[13]	[13]
[13]	[13]
[13]	[13]
[13]	[13]
[13]	[13]
[13]	[13]
[13]	[13]
[13]	[13]
[13]	[13]
[13]	[13]
[13]	[13]
[13]	[13]
[13]	[13]
[13]	[13]
[13]	[13]
[13]	[13]
[13]	[13]
[13]	[13]
[13]	[13]
[13]	[13]
[13]	[13]
[13]	[13]
[13]	[18]
[13]	[18]
[13]	[18]
[13]	[18]
[13]	[18]
[13]	[18]
[13]	[18]
[13]	[13]
[13]	[13]
[13]	[13]
[13]	[13]
[13]	[13]
[13]	[18]
[13]	[18]
[13]	[18]
[13]	[18]
[13]	[18]
[13]	[18]
[13]	[18]
[13]	[13]
[13]	[13]
[13]	[13]
[13]	[13]
[-1]	[13]
[13]	[-1]
[13]	[-1]
[13]	[13]
[13]	[13]
[13]	[13]
[13]	[13]
[13]	[13]
[13]	[5]
[13]	[5]
[13]	[12]
[13]	[12]
[13]	[12]
[13]	[13]
[13]	[13]
[13]	[13]
[13]	[13]
[13]	[13]
[13]	[20]
[13]	[20]
[13]	[20]
[13]	[13]
[13]	[13]
[13]	[13]
[13]	[13]
[13]	[13]
[13]	[5]
[13]	[5]
[13]	[12]
[13]	[12]
[13]	[12]
[13]	[13]
[13]	[13]
[13]	[13]
[13]	[20]
[13]	[20]
[13]	[13]
[13]	[13]
[13]	[13]
[13]	[5]
[13]	[5]
[13]	[5]
[13]	[5]
[13]	[5]
[13]	[12]
[13]	[12]
[13]	[12]
[13]	[12]
[13]	[12]
[13]	[13]
[13]	[13]
[13]	[13]
[13]	[13]
[13]	[13]
[13]	[20]
[13]	[20]
[13]	[20]
[13]	[13]
[13]	[13]
[13]	[13]
[13]	[13]
[13]	[13]
[13]	[5]
[13]	[5]
[13]	[12]
[13]	[12]
[13]	[12]
[13]	[13]
[13]	[13]
[13]	[13]
[13]	[20]
[-1]	[20]
[13]	[13]
[13]	[13]
[13]	[13]
[13]	[13]
[13]	[8]
[13]	[8]
[13]	[8]
[13]	[8]
[13]	[13]
[18]	[13]
[18]	[18]
[18]	[18]
[18]	[18]
[18]	[18]
[18]	[12]
[18]	[12]
[18]	[12]
[18]	[12]
[18]	[5]
[18]	[1]
[18]	[18]
[18]	[18]
[18]	[18]
[18]	[18]
[18]	[18]
[18]	[18]
[18]	[18]
[18]	[18]
[18]	[18]
[18]	[13]
[13]	[13]
[13]	[13]
[13]	[13]
[13]	[13]
[13]	[13]
[13]	[13]
[13]	[13]
[13]	[13]
[13]	[18]
[13]	[18]
[13]	[8]
[13]	[8]
[13]	[13]
[13]	[13]
[13]	[8]
[13]	[8]
[13]	[13]
[13]	[13]
[13]	[13]
[13]	[1]
[13]	[1]
[12]	[1]
[12]	[1]
[12]	[18]
[12]	[18]
[12]	[1]
[12]	[1]
[12]	[18]
[12]	[18]
[12]	[12]
[12]	[12]
[12]	[12]
[12]	[12]
[13]	[5]
[13]	[5]
[13]	[12]
[13]	[12]
[13]	[5]
[13]	[8]
[13]	[13]
[13]	[13]
[13]	[13]
[13]	[13]
[13]	[13]
[13]	[13]
[13]	[13]
[13]	[13]
[13]	[13]
[13]	[8]
[13]	[8]
[13]	[8]
[13]	[8]
[13]	[8]
[13]	[8]
[13]	[8]
[13]	[8]
[13]	[8]
[13]	[13]
[13]	[13]
[13]	[13]
[13]	[13]
[13]	[13]
[13]	[8]
[13]	[8]
[13]	[8]
[13]	[8]
[13]	[13]
[13]	[13]
[13]	[8]
[13]	[8]
[-1]	[13]
[13]	[-1]
[13]	[-1]
[13]	[-1]
[13]	[24]
[13]	[8]
[13]	[24]
[13]	[8]
[13]	[24]
[13]	[24]
[13]	[24]
[13]	[24]
[13]	[24]
[13]	[24]
[13]	[8]
[13]	[24]
[13]	[8]
[13]	[24]
[13]	[24]
[13]	[24]
[13]	[24]
[13]	[24]
[13]	[24]
[13]	[24]
[13]	[24]
[13]	[24]
[13]	[24]
[13]	[24]
[13]	[24]
[13]	[18]
[13]	[18]
[13]	[18]
[13]	[8]
[13]	[8]
[13]	[8]
[13]	[8]
[13]	[24]
[13]	[24]
[13]	[24]
[13]	[24]
[-1]	[8]
[13]	[-1]
[13]	[13]
[13]	[13]
[13]	[13]
[13]	[13]
[13]	[13]
[13]	[13]
[13]	[13]
[13]	[13]
[13]	[13]
[13]	[13]
[13]	[13]
[13]	[5]
[13]	[5]
[13]	[5]
[13]	[5]
[12]	[5]
[12]	[5]
[12]	[12]
[12]	[12]
[12]	[12]
[12]	[12]
[12]	[12]
[13]	[12]
[13]	[13]
[13]	[13]
[13]	[13]
[13]	[13]
[13]	[13]
[13]	[13]
[13]	[13]
[13]	[13]
[13]	[13]
[13]	[13]
[13]	[13]
[13]	[8]
[13]	[8]
[13]	[8]
[13]	[8]
[13]	[8]
[13]	[8]
[13]	[13]
[13]	[13]
[13]	[13]
[13]	[13]
[13]	[13]
[13]	[13]
[13]	[13]
[13]	[13]
[13]	[13]
[13]	[13]
[13]	[13]
[13]	[13]
[13]	[13]
[13]	[13]
[13]	[13]
[13]	[13]
[13]	[13]
[13]	[13]
[13]	[13]
[13]	[12]
[12]	[12]
[12]	[12]
[12]	[12]
[12]	[12]
[12]	[12]
[12]	[12]
[12]	[12]
[12]	[12]
[12]	[12]
[12]	[12]
[13]	[12]
[13]	[13]
[13]	[13]
[13]	[13]
[13]	[13]
[13]	[13]
[13]	[13]
[13]	[5]
[13]	[5]
[13]	[5]
[13]	[5]
[13]	[5]
[13]	[5]
[13]	[8]
[13]	[8]
[13]	[8]
[13]	[8]
[13]	[8]
[13]	[8]
[13]	[13]
[13]	[13]
[-1]	[13]
[13]	[13]
[13]	[13]
[13]	[13]
[13]	[13]
[13]	[13]
[13]	[13]
[13]	[13]
[13]	[13]
[13]	[13]
[13]	[13]
[13]	[8]
[13]	[8]
[13]	[8]
[13]	[8]
[13]	[8]
[13]	[8]
[13]	[8]
[13]	[8]
[13]	[8]
[13]	[8]
[13]	[8]
[13]	[13]
[13]	[13]
[13]	[13]
[13]	[13]
[13]	[13]
[13]	[13]
[13]	[13]
[13]	[13]
[13]	[13]
[13]	[18]
[13]	[18]
[5]	[18]
[5]	[8]
[5]	[8]
[5]	[5]
[5]	[5]
[5]	[5]
[5]	[5]
[5]	[5]
[5]	[5]
[5]	[5]
[5]	[12]
[5]	[12]
[5]	[12]
[5]	[12]
[5]	[12]
[5]	[5]
[5]	[5]
[5]	[5]
[5]	[5]
[5]	[5]
[5]	[5]
[5]	[5]
[5]	[5]
[18]	[5]
[18]	[12]
[18]	[12]
[18]	[12]
[18]	[12]
[18]	[12]
[18]	[8]
[18]	[8]
[13]	[8]
[13]	[13]
[13]	[13]
[13]	[13]
[13]	[13]
[13]	[13]
[13]	[13]
[13]	[13]
[13]	[13]
[13]	[8]
[13]	[8]
[13]	[8]
[13]	[8]
[13]	[8]
[13]	[13]
[13]	[13]
[13]	[13]
[13]	[13]
[13]	[13]
[13]	[13]
[13]	[13]
[13]	[13]
[13]	[13]
[13]	[13]
[13]	[8]
[13]	[8]
[13]	[8]
[13]	[8]
[13]	[8]
[-1]	[13]
[13]	[13]
[13]	[13]
[13]	[13]
[13]	[13]
[13]	[13]
[13]	[13]
[13]	[13]
[13]	[13]
[13]	[13]
[13]	[13]
[13]	[5]
[13]	[5]
[13]	[5]
[13]	[13]
[13]	[13]
[13]	[13]
[13]	[13]
[13]	[12]
[13]	[12]
[13]	[12]
[13]	[12]
[13]	[20]
[13]	[20]
[13]	[20]
[13]	[20]
[13]	[20]
[13]	[13]
[13]	[13]
[13]	[13]
[13]	[13]
[13]	[13]
[13]	[13]
[13]	[13]
[13]	[13]
[13]	[13]
[13]	[13]
[13]	[5]
[13]	[5]
[13]	[5]
[13]	[12]
[13]	[12]
[13]	[12]
[13]	[12]
[13]	[12]
[13]	[12]
[13]	[12]
[13]	[12]
[13]	[12]
[13]	[12]
[13]	[12]
[13]	[12]
[13]	[12]
[13]	[12]
[13]	[12]
[13]	[13]
[13]	[13]
[13]	[13]
[13]	[13]
[13]	[13]
[13]	[13]
[13]	[13]
[13]	[5]
[13]	[5]
[13]	[5]
[13]	[13]
[13]	[13]
[13]	[13]
[13]	[13]
[13]	[12]
[13]	[12]
[13]	[12]
[13]	[12]
[13]	[20]
[13]	[20]
[13]	[13]
[-1]	[13]
[13]	[-1]
[13]	[-1]
[13]	[13]
[13]	[13]
[13]	[13]
[13]	[13]
[13]	[13]
[13]	[13]
[13]	[13]
[13]	[13]
[13]	[13]
[13]	[13]
[13]	[12]
[13]	[12]
[13]	[12]
[13]	[13]
[13]	[13]
[13]	[13]
[13]	[13]
[13]	[13]
[13]	[13]
[13]	[13]
[13]	[13]
[13]	[13]
[13]	[13]
[13]	[20]
[13]	[20]
[13]	[20]
[13]	[13]
[13]	[13]
[13]	[13]
[13]	[13]
[13]	[13]
[13]	[13]
[13]	[13]
[13]	[13]
[13]	[13]
[13]	[13]
[13]	[12]
[13]	[12]
[13]	[12]
[13]	[13]
[13]	[13]
[13]	[13]
[13]	[12]
[13]	[12]
[13]	[12]
[13]	[12]
[13]	[12]
[13]	[12]
[13]	[12]
[13]	[12]
[13]	[12]
[13]	[12]
[13]	[12]
[13]	[12]
[13]	[13]
[13]	[13]
[13]	[13]
[13]	[13]
[13]	[13]
[13]	[13]
[13]	[13]
[13]	[13]
[13]	[12]
[13]	[12]
[13]	[12]
[13]	[13]
[13]	[13]
[13]	[13]
[13]	[13]
[13]	[13]
[13]	[20]
[13]	[20]
[13]	[20]
[13]	[13]
[13]	[13]
[13]	[13]
[13]	[13]
[13]	[13]
[13]	[12]
[13]	[12]
[13]	[12]
[13]	[12]
[13]	[13]
[13]	[13]
[13]	[13]
[13]	[12]
[13]	[12]
[13]	[12]
[13]	[12]
[13]	[12]
[13]	[12]
[13]	[12]
[13]	[12]
[13]	[12]
[13]	[12]
[13]	[12]
[13]	[12]
[-1]	[20]
[13]	[13]
[13]	[13]
[13]	[13]
[13]	[13]
[13]	[13]
[13]	[18]
[13]	[18]
[13]	[18]
[13]	[18]
[13]	[18]
[13]	[18]
[13]	[18]
[13]	[13]
[13]	[13]
[13]	[13]
[13]	[13]
[13]	[13]
[13]	[13]
[13]	[12]
[13]	[12]
[13]	[12]
[13]	[12]
[13]	[12]
[13]	[12]
[13]	[12]
[13]	[12]
[13]	[13]
[13]	[13]
[13]	[13]
[13]	[13]
[13]	[13]
[13]	[13]
[13]	[6]
[13]	[6]
[13]	[18]
[13]	[18]
[13]	[18]
[13]	[18]
[13]	[18]
[13]	[13]
[13]	[18]
[13]	[18]
[13]	[18]
[13]	[8]
[13]	[8]
[13]	[13]
[13]	[13]
[13]	[10]
[13]	[18]
[13]	[18]
[13]	[18]
[13]	[8]
[-1]	[8]
[13]	[-1]
[13]	[13]
[13]	[13]
[13]	[13]
[13]	[13]
[13]	[13]
[13]	[13]
[13]	[13]
[13]	[6]
[13]	[6]
[13]	[6]
[13]	[8]
[13]	[8]
[13]	[13]
[13]	[13]
[13]	[13]
[13]	[13]
[13]	[13]
[13]	[13]
[13]	[5]
[13]	[5]
[13]	[5]
[13]	[6]
[13]	[6]
[13]	[3]
[13]	[8]
[13]	[8]
[13]	[13]
[13]	[13]
[13]	[8]
[13]	[13]
[13]	[1]
[13]	[1]
[13]	[1]
[13]	[6]
[13]	[6]
[13]	[6]
[13]	[8]
[13]	[8]
[13]	[13]
[13]	[13]
[13]	[13]
[13]	[13]
[13]	[13]
[13]	[13]
[13]	[18]
[13]	[18]
[13]	[18]
[13]	[8]
[13]	[8]
[13]	[8]
[13]	[13]
[13]	[8]
[13]	[13]
[13]	[13]
[13]	[20]
[13]	[20]
[13]	[10]
[13]	[10]
[13]	[10]
[13]	[5]
[13]	[8]
[13]	[13]
[13]	[13]
[13]	[13]
[13]	[13]
[13]	[13]
[13]	[13]
[13]	[12]
[13]	[12]
[13]	[12]
[13]	[6]
[13]	[6]
[13]	[3]
[13]	[8]
[13]	[8]
[13]	[13]
[13]	[13]
[13]	[13]
[13]	[12]
[13]	[12]
[13]	[12]
[13]	[10]
[13]	[10]
[13]	[10]
[13]	[5]
[13]	[8]
[13]	[13]
[13]	[13]
[13]	[13]
[13]	[13]
[13]	[13]
[13]	[13]
[13]	[18]
[13]	[18]
[13]	[18]
[13]	[8]
[13]	[8]
[13]	[8]
[13]	[13]
[13]	[8]
[13]	[8]
[13]	[8]
[13]	[8]
[-1]	[13]
[13]	[13]
[13]	[13]
[13]	[13]
[13]	[8]
[13]	[8]
[13]	[8]
[13]	[13]
[13]	[13]
[13]	[13]
[13]	[13]
[13]	[18]
[13]	[18]
[13]	[18]
[13]	[18]
[13]	[8]
[13]	[8]
[13]	[8]
[13]	[8]
[13]	[8]
[13]	[8]
[13]	[13]
[13]	[13]
[13]	[8]
[13]	[8]
[13]	[13]
[13]	[13]
[13]	[13]
[13]	[13]
[13]	[18]
[13]	[18]
[13]	[18]
[13]	[18]
[13]	[8]
[13]	[8]
[13]	[8]
[13]	[13]
[13]	[13]
[13]	[13]
[13]	[13]
[13]	[13]
[13]	[8]
[13]	[8]
[13]	[8]
[13]	[13]
[13]	[13]
[13]	[13]
[13]	[13]
[13]	[18]
[13]	[18]
[13]	[18]
[13]	[18]
[13]	[8]
[13]	[8]
[13]	[8]
[13]	[8]
[13]	[8]
[13]	[8]
[13]	[13]
[13]	[8]
[13]	[13]
[13]	[13]
[13]	[13]
[13]	[13]
[13]	[18]
[13]	[18]
[13]	[18]
[13]	[18]
[13]	[8]
[13]	[8]
[13]	[8]
[13]	[8]
[-1]	[13]
[13]	[13]
[13]	[13]
[13]	[13]
[13]	[13]
[13]	[18]
[13]	[18]
[13]	[13]
[13]	[13]
[13]	[13]
[13]	[13]
[13]	[13]
[13]	[13]
[13]	[5]
[13]	[5]
[13]	[5]
[13]	[5]
[13]	[12]
[13]	[12]
[13]	[5]
[13]	[5]
[13]	[5]
[13]	[5]
[13]	[5]
[13]	[5]
[13]	[13]
[13]	[13]
[13]	[13]
[13]	[13]
[13]	[8]
[13]	[8]
[13]	[13]
[13]	[13]
[13]	[13]
[13]	[13]
[13]	[13]
[-1]	[13]
[13]	[-1]
[13]	[13]
[13]	[13]
[13]	[13]
[13]	[13]
[13]	[20]
[13]	[20]
[13]	[20]
[13]	[13]
[13]	[13]
[13]	[13]
[13]	[5]
[13]	[5]
[13]	[5]
[13]	[12]
[13]	[12]
[13]	[12]
[13]	[10]
[13]	[10]
[13]	[10]
[13]	[13]
[13]	[13]
[13]	[13]
[13]	[20]
[13]	[20]
[13]	[10]
[13]	[10]
[13]	[10]
[13]	[5]
[13]	[5]
[13]	[5]
[13]	[5]
[13]	[5]
[13]	[10]
[13]	[10]
[13]	[12]
[13]	[12]
[13]	[5]
[13]	[5]
[13]	[5]
[13]	[5]
[13]	[5]
[13]	[5]
[13]	[5]
[13]	[5]
[13]	[5]
[13]	[5]
[13]	[5]
[13]	[12]
[13]	[12]
[13]	[12]
[13]	[13]
[13]	[13]
[13]	[13]
[13]	[13]
[13]	[13]
[13]	[13]
[13]	[13]
[13]	[13]
[13]	[13]
[13]	[13]
[13]	[13]
[13]	[5]
[13]	[5]
[13]	[5]
[13]	[10]
[13]	[10]
[13]	[10]
[13]	[12]
[13]	[12]
[13]	[12]
[-1]	[13]
[13]	[-1]
[13]	[13]
[13]	[13]
[13]	[13]
[13]	[13]
[13]	[13]
[13]	[13]
[13]	[13]
[13]	[12]
[13]	[12]
[13]	[12]
[13]	[12]
[13]	[12]
[13]	[12]
[13]	[12]
[13]	[12]
[13]	[13]
[13]	[13]
[13]	[13]
[13]	[13]
[13]	[13]
[13]	[13]
[13]	[13]
[13]	[8]
[13]	[8]
[13]	[8]
[13]	[8]
[13]	[13]
[13]	[13]
[13]	[13]
[13]	[5]
[13]	[5]
[13]	[5]
[13]	[5]
[13]	[12]
[13]	[12]
[13]	[12]
[13]	[12]
[13]	[5]
[13]	[5]
[13]	[5]
[13]	[5]
[13]	[12]
[13]	[12]
[13]	[12]
[13]	[5]
[13]	[5]
[13]	[5]
[12]	[5]
[12]	[12]
[12]	[12]
[12]	[12]
[12]	[12]
[12]	[8]
[12]	[8]
[12]	[8]
[-1]	[8]
[13]	[-1]
[13]	[13]
[13]	[13]
[13]	[8]
[13]	[13]
[13]	[13]
[13]	[1]
[13]	[1]
[13]	[6]
[13]	[6]
[13]	[6]
[13]	[8]
[13]	[8]
[13]	[13]
[13]	[13]
[13]	[13]
[13]	[13]
[13]	[13]
[13]	[13]
[13]	[13]
[13]	[13]
[13]	[13]
[13]	[6]
[13]	[6]
[13]	[6]
[13]	[8]
[13]	[8]
[13]	[13]
[13]	[13]
[13]	[13]
[13]	[13]
[13]	[13]
[13]	[6]
[13]	[6]
[13]	[6]
[13]	[13]
[13]	[13]
[13]	[13]
[13]	[13]
[13]	[13]
[13]	[13]
[13]	[13]
[13]	[13]
[13]	[13]
[13]	[13]
[13]	[13]
[13]	[8]
[13]	[8]
[13]	[8]
[13]	[13]
[13]	[13]
[13]	[13]
[13]	[13]
[13]	[20]
[13]	[20]
[13]	[13]
[13]	[13]
[13]	[20]
[13]	[20]
[13]	[13]
[13]	[13]
[13]	[13]
[13]	[13]
[13]	[13]
[13]	[13]
[13]	[13]
[13]	[13]
[13]	[13]
[13]	[6]
[13]	[6]
[13]	[6]
[13]	[8]
[13]	[8]
[13]	[13]
[13]	[13]
[13]	[13]
[13]	[20]
[13]	[20]
[13]	[20]
[13]	[10]
[13]	[10]
[13]	[10]
[13]	[5]
[13]	[5]
[13]	[13]
[13]	[13]
[13]	[13]
[13]	[13]
[13]	[13]
[13]	[13]
[13]	[13]
[13]	[13]
[13]	[13]
[13]	[8]
[13]	[8]
[13]	[8]
[13]	[13]
[13]	[13]
[13]	[8]
[13]	[8]
[13]	[8]
[13]	[13]
[-1]	[13]
[13]	[13]
[13]	[13]
[13]	[13]
[13]	[13]
[13]	[13]
[13]	[13]
[13]	[18]
[13]	[18]
[13]	[18]
[13]	[18]
[13]	[13]
[13]	[18]
[13]	[18]
[13]	[18]
[13]	[13]
[13]	[13]
[13]	[8]
[13]	[8]
[13]	[8]
[13]	[8]
[13]	[13]
[13]	[13]
[13]	[13]
[13]	[8]
[13]	[8]
[13]	[8]
[13]	[8]
[13]	[13]
[13]	[13]
[13]	[13]
[13]	[10]
[13]	[10]
[13]	[12]
[13]	[12]
[13]	[12]
[13]	[12]
[13]	[5]
[13]	[8]
[13]	[13]
[13]	[13]
[13]	[10]
[13]	[10]
[13]	[12]
[13]	[12]
[13]	[12]
[13]	[12]
[13]	[5]
[13]	[5]
[13]	[5]
[13]	[5]
[13]	[5]
[13]	[12]
[13]	[12]
[13]	[12]
[13]	[12]
[13]	[5]
[13]	[5]
[13]	[5]
[13]	[18]
[13]	[18]
[13]	[13]
[13]	[13]
[13]	[8]
[13]	[8]
[13]	[8]
[13]	[8]
[13]	[13]
[13]	[18]
[13]	[18]
[13]	[18]
[13]	[13]
[13]	[13]
[13]	[12]
[13]	[12]
[13]	[12]
[13]	[12]
[13]	[5]
[13]	[5]
[13]	[5]
[13]	[18]
[13]	[18]
[13]	[13]
