Accuracy: 0.3955252380262586

n_chords: 1
n_melody: 0
t_prior: 50.0
e_prior: 50.0
dataset: All
keys: minor
filter_train_set: True
filter_val_set: True

~ First 3000 predicted states ~
Predicted	True
[-1]	[-1]
[13]	[-1]
[13]	[13]
[13]	[13]
[13]	[13]
[13]	[13]
[13]	[13]
[13]	[20]
[13]	[20]
[13]	[20]
[13]	[20]
[13]	[20]
[13]	[20]
[13]	[13]
[13]	[13]
[13]	[13]
[13]	[13]
[13]	[13]
[13]	[13]
[13]	[20]
[13]	[20]
[13]	[20]
[13]	[20]
[13]	[20]
[13]	[20]
[13]	[13]
[13]	[13]
[13]	[13]
[13]	[13]
[13]	[13]
[13]	[20]
[13]	[20]
[13]	[20]
[13]	[20]
[13]	[20]
[13]	[13]
[13]	[13]
[13]	[13]
[13]	[8]
[13]	[8]
[13]	[8]
[13]	[13]
[13]	[13]
[12]	[13]
[12]	[13]
[12]	[5]
[12]	[5]
[12]	[5]
[12]	[5]
[12]	[5]
[12]	[12]
[12]	[12]
[12]	[12]
[13]	[12]
[13]	[12]
[13]	[13]
[13]	[13]
[13]	[13]
[13]	[13]
[13]	[13]
[13]	[13]
[13]	[8]
[13]	[8]
[13]	[8]
[13]	[8]
[13]	[13]
[13]	[13]
[13]	[13]
[13]	[8]
[13]	[8]
[13]	[8]
[13]	[13]
[13]	[13]
[13]	[13]
[13]	[13]
[13]	[18]
[13]	[18]
[13]	[13]
[13]	[13]
[13]	[13]
[13]	[8]
[13]	[8]
[13]	[8]
[13]	[13]
[-1]	[13]
[13]	[13]
[13]	[13]
[13]	[13]
[13]	[13]
[13]	[8]
[13]	[8]
[13]	[8]
[13]	[8]
[13]	[8]
[13]	[8]
[13]	[8]
[13]	[8]
[13]	[8]
[13]	[13]
[13]	[13]
[13]	[13]
[13]	[13]
[13]	[13]
[13]	[13]
[13]	[13]
[13]	[13]
[13]	[13]
[13]	[8]
[13]	[8]
[13]	[8]
[13]	[8]
[13]	[8]
[13]	[8]
[13]	[8]
[13]	[8]
[13]	[8]
[13]	[13]
[13]	[13]
[13]	[13]
[13]	[3]
[13]	[3]
[13]	[3]
[13]	[3]
[13]	[3]
[13]	[3]
[13]	[8]
[13]	[8]
[13]	[8]
[13]	[8]
[13]	[8]
[13]	[8]
[13]	[8]
[13]	[8]
[13]	[8]
[13]	[8]
[13]	[8]
[13]	[13]
[13]	[13]
[13]	[13]
[13]	[13]
[13]	[13]
[13]	[13]
[13]	[13]
[13]	[13]
[13]	[13]
[13]	[13]
[13]	[13]
[13]	[8]
[13]	[8]
[13]	[8]
[13]	[8]
[13]	[8]
[13]	[8]
[13]	[8]
[13]	[8]
[13]	[8]
[13]	[13]
[13]	[13]
[13]	[5]
[13]	[5]
[13]	[5]
[13]	[5]
[13]	[1]
[13]	[1]
[18]	[1]
[18]	[1]
[18]	[18]
[18]	[18]
[18]	[18]
[18]	[18]
[18]	[18]
[18]	[18]
[18]	[18]
[8]	[18]
[8]	[8]
[8]	[8]
[8]	[8]
[8]	[8]
[8]	[8]
[8]	[8]
[8]	[8]
[8]	[8]
[8]	[8]
[13]	[13]
[13]	[13]
[13]	[13]
[13]	[13]
[13]	[13]
[13]	[13]
[13]	[13]
[13]	[13]
[13]	[13]
[13]	[13]
[13]	[13]
[13]	[13]
[13]	[6]
[13]	[6]
[13]	[6]
[13]	[6]
[13]	[6]
[13]	[6]
[13]	[6]
[13]	[6]
[13]	[6]
[13]	[6]
[13]	[6]
[13]	[6]
[13]	[6]
[13]	[6]
[13]	[6]
[12]	[6]
[12]	[8]
[12]	[8]
[12]	[8]
[12]	[8]
[12]	[8]
[12]	[8]
[12]	[8]
[12]	[8]
[12]	[8]
[12]	[8]
[12]	[8]
[12]	[8]
[12]	[8]
[12]	[8]
[12]	[8]
[12]	[8]
[12]	[8]
[12]	[8]
[12]	[8]
[12]	[8]
[12]	[8]
[12]	[8]
[12]	[8]
[12]	[13]
[13]	[13]
[13]	[13]
[13]	[13]
[13]	[13]
[13]	[13]
[13]	[13]
[13]	[13]
[13]	[13]
[13]	[13]
[13]	[13]
[13]	[13]
[13]	[13]
[13]	[13]
[13]	[13]
[13]	[13]
[13]	[13]
[13]	[13]
[13]	[13]
[13]	[13]
[13]	[13]
[13]	[13]
[18]	[1]
[18]	[1]
[18]	[18]
[18]	[18]
[18]	[18]
[18]	[18]
[18]	[18]
[18]	[18]
[18]	[18]
[18]	[18]
[18]	[18]
[18]	[18]
[18]	[13]
[13]	[13]
[13]	[13]
[13]	[13]
[13]	[13]
[13]	[13]
[13]	[13]
[13]	[8]
[13]	[8]
[13]	[8]
[13]	[8]
[13]	[8]
[13]	[8]
[-1]	[13]
[13]	[-1]
[13]	[-1]
[13]	[-1]
[13]	[-1]
[13]	[-1]
[13]	[-1]
[13]	[-1]
[13]	[-1]
[13]	[-1]
[13]	[-1]
[13]	[-1]
[13]	[-1]
[13]	[-1]
[13]	[-1]
[13]	[5]
[13]	[5]
[13]	[5]
[13]	[5]
[13]	[5]
[13]	[5]
[13]	[5]
[13]	[5]
[13]	[5]
[13]	[5]
[13]	[5]
[13]	[5]
[13]	[8]
[13]	[8]
[13]	[8]
[13]	[8]
[13]	[8]
[13]	[8]
[13]	[8]
[13]	[13]
[13]	[13]
[13]	[13]
[13]	[13]
[13]	[13]
[13]	[13]
[13]	[13]
[13]	[13]
[13]	[13]
[13]	[13]
[13]	[13]
[13]	[13]
[13]	[13]
[13]	[13]
[13]	[13]
[13]	[13]
[13]	[13]
[13]	[13]
[13]	[13]
[13]	[13]
[13]	[13]
[13]	[13]
[13]	[13]
[13]	[13]
[13]	[13]
[13]	[13]
[13]	[13]
[13]	[13]
[13]	[13]
[13]	[13]
[13]	[13]
[13]	[13]
[13]	[13]
[13]	[13]
[13]	[13]
[13]	[18]
[13]	[18]
[13]	[18]
[13]	[18]
[13]	[18]
[13]	[18]
[13]	[8]
[13]	[8]
[13]	[8]
[13]	[8]
[13]	[8]
[13]	[8]
[13]	[8]
[13]	[8]
[13]	[13]
[13]	[13]
[13]	[13]
[13]	[13]
[13]	[13]
[13]	[13]
[13]	[13]
[13]	[13]
[13]	[13]
[13]	[13]
[13]	[13]
[13]	[13]
[10]	[13]
[10]	[10]
[10]	[10]
[10]	[10]
[10]	[10]
[10]	[5]
[10]	[5]
[10]	[5]
[10]	[5]
[10]	[5]
[10]	[5]
[10]	[5]
[10]	[5]
[10]	[5]
[5]	[5]
[5]	[5]
[5]	[5]
[5]	[5]
[5]	[5]
[5]	[5]
[5]	[8]
[5]	[8]
[5]	[8]
[5]	[8]
[5]	[8]
[13]	[8]
[13]	[8]
[13]	[13]
[13]	[13]
[13]	[13]
[13]	[13]
[13]	[13]
[13]	[13]
[13]	[13]
[13]	[13]
[13]	[13]
[13]	[13]
[13]	[13]
[13]	[13]
[13]	[13]
[13]	[13]
[13]	[13]
[13]	[13]
[13]	[13]
[13]	[13]
[13]	[13]
[13]	[13]
[13]	[13]
[13]	[13]
[13]	[13]
[13]	[13]
[13]	[5]
[13]	[5]
[13]	[5]
[13]	[5]
[13]	[5]
[13]	[5]
[13]	[5]
[13]	[5]
[13]	[5]
[13]	[5]
[13]	[5]
[13]	[5]
[13]	[5]
[13]	[5]
[13]	[5]
[13]	[5]
[13]	[8]
[13]	[8]
[13]	[8]
[13]	[8]
[13]	[8]
[13]	[8]
[13]	[8]
[13]	[8]
[13]	[13]
[13]	[13]
[13]	[13]
[13]	[13]
[13]	[13]
[13]	[13]
[13]	[13]
[13]	[13]
[13]	[13]
[13]	[5]
[13]	[5]
[13]	[5]
[13]	[5]
[13]	[5]
[13]	[5]
[13]	[5]
[13]	[5]
[13]	[12]
[13]	[12]
[13]	[12]
[13]	[12]
[13]	[12]
[13]	[12]
[13]	[12]
[13]	[12]
[13]	[5]
[13]	[18]
[13]	[18]
[13]	[18]
[13]	[18]
[13]	[18]
[13]	[18]
[13]	[18]
[13]	[18]
[13]	[5]
[13]	[5]
[13]	[5]
[13]	[5]
[13]	[5]
[13]	[5]
[13]	[5]
[13]	[5]
[13]	[8]
[13]	[8]
[13]	[8]
[13]	[8]
[13]	[8]
[13]	[8]
[13]	[8]
[13]	[8]
[13]	[13]
[13]	[13]
[13]	[13]
[13]	[13]
[13]	[13]
[13]	[13]
[13]	[13]
[13]	[13]
[13]	[13]
[13]	[13]
[13]	[13]
[13]	[13]
[13]	[13]
[13]	[13]
[13]	[13]
[13]	[13]
[13]	[13]
[13]	[13]
[13]	[13]
[13]	[13]
[13]	[13]
[13]	[13]
[13]	[13]
[5]	[13]
[5]	[5]
[5]	[5]
[5]	[5]
[5]	[5]
[5]	[5]
[5]	[5]
[5]	[5]
[5]	[5]
[5]	[18]
[5]	[18]
[5]	[18]
[5]	[18]
[5]	[18]
[5]	[6]
[5]	[6]
[5]	[6]
[5]	[6]
[5]	[12]
[5]	[12]
[5]	[12]
[5]	[5]
[5]	[5]
[5]	[5]
[5]	[5]
[5]	[5]
[5]	[5]
[5]	[5]
[5]	[5]
[5]	[5]
[12]	[5]
[12]	[5]
[12]	[18]
[12]	[18]
[12]	[18]
[12]	[18]
[12]	[18]
[12]	[8]
[12]	[8]
[12]	[8]
[12]	[8]
[12]	[8]
[12]	[8]
[12]	[8]
[-1]	[8]
[13]	[13]
[13]	[13]
[13]	[13]
[13]	[13]
[13]	[13]
[13]	[13]
[13]	[13]
[13]	[13]
[13]	[12]
[13]	[12]
[13]	[12]
[13]	[13]
[13]	[13]
[13]	[13]
[13]	[13]
[13]	[13]
[13]	[10]
[13]	[10]
[13]	[10]
[13]	[12]
[13]	[12]
[13]	[12]
[13]	[13]
[13]	[13]
[13]	[13]
[13]	[13]
[13]	[13]
[13]	[13]
[13]	[13]
[13]	[13]
[13]	[12]
[13]	[12]
[13]	[12]
[13]	[13]
[13]	[13]
[13]	[12]
[13]	[12]
[13]	[12]
[13]	[20]
[13]	[20]
[13]	[20]
[13]	[13]
[13]	[13]
[13]	[13]
[13]	[13]
[13]	[13]
[13]	[13]
[13]	[13]
[13]	[13]
[13]	[13]
[12]	[13]
[12]	[13]
[12]	[13]
[12]	[13]
[12]	[12]
[12]	[12]
[12]	[12]
[12]	[12]
[12]	[12]
[12]	[12]
[12]	[12]
[12]	[12]
[12]	[12]
[12]	[12]
[12]	[13]
[12]	[13]
[12]	[13]
[12]	[13]
[12]	[13]
[12]	[13]
[12]	[13]
[12]	[13]
[12]	[13]
[12]	[13]
[12]	[13]
[12]	[13]
[12]	[12]
[12]	[12]
[12]	[12]
[12]	[12]
[12]	[12]
[12]	[12]
[12]	[20]
[12]	[20]
[12]	[20]
[5]	[13]
[5]	[13]
[5]	[13]
[5]	[13]
[5]	[13]
[5]	[13]
[5]	[13]
[5]	[13]
[5]	[13]
[5]	[13]
[5]	[13]
[5]	[13]
[5]	[13]
[5]	[20]
[5]	[20]
[12]	[20]
[12]	[20]
[12]	[20]
[12]	[20]
[12]	[20]
[12]	[20]
[12]	[20]
[-1]	[13]
[-1]	[6]
[-1]	[6]
[-1]	[6]
[-1]	[6]
[-1]	[6]
[-1]	[6]
[-1]	[6]
[-1]	[6]
[-1]	[6]
[-1]	[6]
[-1]	[5]
[-1]	[5]
[-1]	[5]
[-1]	[5]
[-1]	[5]
[-1]	[5]
[-1]	[10]
[-1]	[10]
[-1]	[10]
[-1]	[12]
[-1]	[12]
[-1]	[12]
[-1]	[12]
[-1]	[12]
[-1]	[12]
[-1]	[6]
[-1]	[6]
[-1]	[6]
[-1]	[6]
[-1]	[5]
[-1]	[5]
[-1]	[5]
[-1]	[5]
[-1]	[5]
[-1]	[5]
[-1]	[5]
[-1]	[5]
[-1]	[5]
[-1]	[5]
[-1]	[6]
[-1]	[6]
[-1]	[6]
[-1]	[6]
[-1]	[6]
[-1]	[6]
[-1]	[6]
[-1]	[6]
[-1]	[6]
[-1]	[6]
[-1]	[6]
[-1]	[6]
[-1]	[6]
[-1]	[5]
[-1]	[5]
[-1]	[5]
[-1]	[5]
[-1]	[5]
[-1]	[5]
[-1]	[10]
[-1]	[10]
[-1]	[10]
[-1]	[6]
[-1]	[6]
[-1]	[6]
[-1]	[6]
[-1]	[6]
[-1]	[6]
[-1]	[6]
[-1]	[6]
[-1]	[6]
[-1]	[6]
[-1]	[5]
[-1]	[5]
[-1]	[5]
[-1]	[5]
[-1]	[5]
[-1]	[5]
[-1]	[5]
[-1]	[5]
[-1]	[5]
[-1]	[5]
[-1]	[6]
[-1]	[6]
[-1]	[6]
[-1]	[6]
[-1]	[6]
[-1]	[6]
[-1]	[6]
[-1]	[6]
[-1]	[6]
[-1]	[6]
[-1]	[5]
[-1]	[5]
[-1]	[5]
[-1]	[6]
[-1]	[6]
[-1]	[6]
[-1]	[6]
[-1]	[6]
[-1]	[6]
[-1]	[6]
[-1]	[6]
[-1]	[6]
[-1]	[10]
[-1]	[10]
[-1]	[12]
[-1]	[12]
[-1]	[12]
[-1]	[12]
[-1]	[12]
[-1]	[12]
[-1]	[12]
[-1]	[12]
[-1]	[6]
[-1]	[6]
[-1]	[6]
[-1]	[6]
[-1]	[6]
[-1]	[6]
[-1]	[6]
[-1]	[6]
[-1]	[6]
[-1]	[6]
[-1]	[6]
[-1]	[6]
[-1]	[6]
[-1]	[6]
[-1]	[6]
[1]	[6]
[1]	[6]
[1]	[6]
[1]	[6]
[1]	[6]
[1]	[6]
[1]	[6]
[1]	[6]
[1]	[6]
[1]	[6]
[1]	[6]
[1]	[6]
[1]	[6]
[1]	[6]
[1]	[6]
[1]	[6]
[1]	[6]
[1]	[6]
[1]	[6]
[1]	[6]
[1]	[6]
[1]	[6]
[1]	[6]
[1]	[6]
[1]	[6]
[1]	[6]
[1]	[6]
[1]	[6]
[1]	[6]
[1]	[6]
[1]	[6]
[1]	[6]
[1]	[6]
[1]	[6]
[1]	[6]
[1]	[6]
[1]	[6]
[1]	[6]
[1]	[6]
[1]	[5]
[1]	[5]
[1]	[5]
[1]	[5]
[1]	[5]
[1]	[5]
[1]	[5]
[1]	[5]
[1]	[5]
[1]	[5]
[1]	[6]
[1]	[6]
[1]	[6]
[1]	[6]
[1]	[6]
[1]	[6]
[1]	[6]
[1]	[6]
[1]	[6]
[1]	[6]
[1]	[6]
[1]	[6]
[1]	[6]
[1]	[6]
[1]	[6]
[1]	[6]
[1]	[6]
[1]	[6]
[1]	[6]
[1]	[6]
[1]	[6]
[1]	[6]
[1]	[6]
[1]	[6]
[1]	[6]
[1]	[6]
[1]	[6]
[1]	[6]
[1]	[6]
[1]	[6]
[1]	[6]
[1]	[6]
[1]	[6]
[1]	[6]
[1]	[6]
[1]	[6]
[1]	[6]
[1]	[6]
[1]	[6]
[1]	[6]
[1]	[6]
[1]	[6]
[1]	[6]
[1]	[6]
[1]	[6]
[1]	[6]
[1]	[6]
[1]	[6]
[1]	[6]
[1]	[6]
[1]	[6]
[1]	[6]
[1]	[6]
[1]	[6]
[1]	[6]
[1]	[6]
[-1]	[6]
[-1]	[-1]
[-1]	[-1]
[-1]	[-1]
[-1]	[13]
[-1]	[13]
[-1]	[13]
[-1]	[8]
[-1]	[8]
[-1]	[13]
[-1]	[13]
[-1]	[13]
[-1]	[18]
[-1]	[18]
[-1]	[12]
[-1]	[12]
[-1]	[12]
[-1]	[12]
[-1]	[12]
[-1]	[8]
[-1]	[8]
[-1]	[13]
[-1]	[13]
[-1]	[8]
[-1]	[8]
[-1]	[10]
[-1]	[10]
[-1]	[13]
[-1]	[13]
[-1]	[13]
[-1]	[13]
[-1]	[13]
[-1]	[18]
[-1]	[18]
[-1]	[18]
[-1]	[8]
[-1]	[8]
[13]	[-1]
[13]	[13]
[8]	[13]
[8]	[13]
[8]	[8]
[8]	[8]
[8]	[8]
[8]	[8]
[8]	[8]
[8]	[13]
[8]	[13]
[8]	[13]
[8]	[13]
[8]	[13]
[8]	[8]
[8]	[8]
[8]	[13]
[8]	[8]
[8]	[8]
[8]	[8]
[8]	[8]
[8]	[8]
[8]	[8]
[8]	[8]
[8]	[13]
[8]	[13]
[8]	[13]
[8]	[8]
[8]	[8]
[8]	[8]
[8]	[8]
[8]	[8]
[8]	[8]
[8]	[8]
[8]	[13]
[8]	[13]
[8]	[13]
[8]	[8]
[8]	[8]
[8]	[13]
[8]	[13]
[8]	[13]
[8]	[13]
[8]	[8]
[8]	[8]
[-1]	[8]
[13]	[-1]
[13]	[-1]
[13]	[13]
[13]	[13]
[13]	[13]
[13]	[13]
[13]	[13]
[13]	[13]
[13]	[13]
[13]	[13]
[13]	[10]
[13]	[10]
[13]	[10]
[13]	[10]
[13]	[10]
[13]	[10]
[13]	[10]
[20]	[10]
[20]	[12]
[20]	[12]
[20]	[12]
[20]	[12]
[20]	[12]
[20]	[12]
[20]	[12]
[20]	[12]
[20]	[12]
[20]	[12]
[13]	[12]
[13]	[12]
[13]	[12]
[13]	[12]
[13]	[12]
[13]	[12]
[13]	[13]
[13]	[13]
[13]	[13]
[13]	[13]
[13]	[13]
[13]	[13]
[13]	[13]
[13]	[13]
[13]	[10]
[13]	[10]
[13]	[10]
[13]	[10]
[13]	[10]
[13]	[10]
[13]	[10]
[13]	[10]
[13]	[12]
[-1]	[12]
[-1]	[12]
[-1]	[12]
[-1]	[12]
[-1]	[12]
[-1]	[12]
[-1]	[12]
[-1]	[12]
[-1]	[12]
[-1]	[12]
[-1]	[12]
[-1]	[13]
[-1]	[13]
[-1]	[13]
[-1]	[13]
[-1]	[13]
[-1]	[13]
[-1]	[13]
[-1]	[13]
[-1]	[13]
[-1]	[13]
[-1]	[13]
[-1]	[13]
[-1]	[13]
[-1]	[13]
[-1]	[13]
[-1]	[13]
[-1]	[13]
[-1]	[13]
[-1]	[13]
[-1]	[12]
[-1]	[12]
[-1]	[12]
[-1]	[12]
[-1]	[12]
[-1]	[12]
[-1]	[12]
[-1]	[12]
[-1]	[12]
[-1]	[12]
[-1]	[12]
[-1]	[12]
[-1]	[12]
[-1]	[12]
[-1]	[12]
[-1]	[12]
[-1]	[13]
[-1]	[13]
[-1]	[13]
[-1]	[13]
[-1]	[13]
[-1]	[13]
[-1]	[13]
[-1]	[13]
[-1]	[13]
[-1]	[13]
[-1]	[13]
[-1]	[13]
[-1]	[13]
[-1]	[13]
[-1]	[13]
[-1]	[13]
[-1]	[12]
[-1]	[12]
[-1]	[12]
[-1]	[12]
[-1]	[12]
[-1]	[12]
[-1]	[12]
[-1]	[12]
[-1]	[13]
[-1]	[13]
[-1]	[13]
[-1]	[13]
[-1]	[-1]
[-1]	[-1]
[-1]	[-1]
[-1]	[13]
[-1]	[13]
[-1]	[13]
[-1]	[13]
[-1]	[13]
[-1]	[13]
[-1]	[8]
[-1]	[8]
[-1]	[8]
[-1]	[8]
[-1]	[8]
[-1]	[8]
[-1]	[8]
[-1]	[8]
[-1]	[8]
[-1]	[8]
[-1]	[8]
[-1]	[8]
[-1]	[8]
[-1]	[8]
[-1]	[13]
[-1]	[13]
[-1]	[13]
[-1]	[13]
[-1]	[13]
[-1]	[13]
[-1]	[18]
[-1]	[18]
[-1]	[18]
[-1]	[18]
[-1]	[18]
[-1]	[18]
[-1]	[13]
[-1]	[13]
[-1]	[13]
[-1]	[13]
[-1]	[13]
[-1]	[13]
[-1]	[3]
[-1]	[3]
[-1]	[3]
[-1]	[3]
[-1]	[3]
[-1]	[3]
[-1]	[8]
[-1]	[8]
[-1]	[8]
[-1]	[8]
[-1]	[8]
[-1]	[13]
[-1]	[13]
[-1]	[13]
[-1]	[13]
[-1]	[13]
[-1]	[13]
[-1]	[8]
[-1]	[8]
[-1]	[8]
[-1]	[8]
[-1]	[8]
[-1]	[8]
[-1]	[8]
[-1]	[8]
[-1]	[8]
[-1]	[8]
[-1]	[8]
[-1]	[8]
[-1]	[8]
[-1]	[8]
[-1]	[13]
[-1]	[13]
[-1]	[13]
[-1]	[13]
[-1]	[13]
[-1]	[13]
[-1]	[18]
[-1]	[18]
[-1]	[18]
[-1]	[18]
[-1]	[18]
[-1]	[18]
[-1]	[18]
[-1]	[18]
[-1]	[13]
[-1]	[13]
[-1]	[13]
[-1]	[13]
[-1]	[13]
[-1]	[13]
[-1]	[13]
[-1]	[13]
[-1]	[13]
[-1]	[8]
[-1]	[8]
[-1]	[8]
[-1]	[8]
[-1]	[8]
[-1]	[8]
[-1]	[8]
[-1]	[8]
[-1]	[13]
[-1]	[13]
[-1]	[13]
[-1]	[13]
[-1]	[13]
[-1]	[5]
[-1]	[5]
[-1]	[5]
[-1]	[5]
[-1]	[5]
[-1]	[5]
[-1]	[18]
[-1]	[18]
[-1]	[18]
[-1]	[18]
[-1]	[18]
[-1]	[12]
[-1]	[12]
[-1]	[12]
[-1]	[12]
[-1]	[12]
[-1]	[12]
[-1]	[12]
[-1]	[12]
[-1]	[5]
[-1]	[5]
[-1]	[5]
[-1]	[5]
[-1]	[5]
[-1]	[5]
[-1]	[5]
[-1]	[5]
[-1]	[5]
[-1]	[5]
[-1]	[5]
[-1]	[5]
[-1]	[5]
[-1]	[18]
[-1]	[18]
[-1]	[18]
[-1]	[18]
[-1]	[18]
[-1]	[12]
[-1]	[12]
[-1]	[12]
[-1]	[12]
[-1]	[12]
[-1]	[12]
[-1]	[5]
[-1]	[5]
[-1]	[5]
[-1]	[5]
[-1]	[5]
[-1]	[5]
[-1]	[5]
[-1]	[5]
[-1]	[5]
[-1]	[5]
[-1]	[5]
[-1]	[5]
[-1]	[5]
[-1]	[18]
[-1]	[18]
[-1]	[18]
[-1]	[18]
[-1]	[18]
[-1]	[18]
[-1]	[18]
[-1]	[18]
[-1]	[18]
[-1]	[12]
[-1]	[12]
[-1]	[12]
[-1]	[12]
[-1]	[12]
[-1]	[12]
[-1]	[12]
[-1]	[12]
[-1]	[5]
[-1]	[5]
[-1]	[5]
[-1]	[5]
[13]	[5]
[13]	[5]
[13]	[5]
[13]	[10]
[13]	[10]
[13]	[10]
[13]	[10]
[13]	[23]
[13]	[23]
[13]	[23]
[13]	[23]
[13]	[5]
[13]	[5]
[13]	[5]
[13]	[5]
[13]	[1]
[13]	[1]
[13]	[1]
[13]	[1]
[13]	[18]
[13]	[18]
[13]	[18]
[13]	[18]
[13]	[12]
[13]	[12]
[13]	[12]
[13]	[12]
[13]	[5]
[13]	[5]
[13]	[5]
[13]	[5]
[13]	[5]
[13]	[1]
[13]	[1]
[13]	[1]
[13]	[1]
[13]	[1]
[13]	[1]
[13]	[1]
[13]	[1]
[13]	[1]
[13]	[1]
[13]	[1]
[13]	[1]
[13]	[1]
[13]	[1]
[13]	[1]
[13]	[1]
[13]	[1]
[13]	[1]
[13]	[1]
[13]	[1]
[13]	[1]
[13]	[1]
[13]	[1]
[18]	[1]
[18]	[15]
[18]	[15]
[18]	[15]
[18]	[15]
[18]	[15]
[18]	[15]
[18]	[15]
[18]	[15]
[18]	[15]
[18]	[15]
[18]	[15]
[18]	[15]
[18]	[15]
[18]	[15]
[18]	[15]
[18]	[15]
[18]	[8]
[18]	[8]
[18]	[8]
[18]	[8]
[18]	[8]
[18]	[8]
[18]	[8]
[18]	[8]
[18]	[8]
[18]	[8]
[18]	[8]
[18]	[8]
[18]	[8]
[18]	[8]
[18]	[8]
[18]	[8]
[13]	[1]
[13]	[1]
[13]	[1]
[13]	[1]
[13]	[1]
[13]	[1]
[13]	[1]
[13]	[1]
[13]	[1]
[13]	[1]
[13]	[1]
[13]	[1]
[13]	[1]
[13]	[1]
[13]	[1]
[13]	[1]
[13]	[1]
[13]	[1]
[13]	[1]
[13]	[1]
[13]	[1]
[13]	[1]
[13]	[1]
[5]	[1]
[5]	[10]
[5]	[10]
[5]	[10]
[5]	[10]
[5]	[10]
[5]	[10]
[5]	[15]
[5]	[15]
[5]	[15]
[12]	[15]
[12]	[13]
[12]	[13]
[12]	[13]
[12]	[13]
[12]	[6]
[13]	[6]
[13]	[6]
[13]	[6]
[13]	[19]
[13]	[19]
[13]	[19]
[13]	[19]
[13]	[1]
[13]	[1]
[13]	[1]
[13]	[1]
[13]	[10]
[13]	[10]
[13]	[10]
[13]	[10]
[13]	[15]
[-1]	[15]
[-1]	[15]
[-1]	[15]
[-1]	[8]
[-1]	[8]
[-1]	[8]
[-1]	[8]
[-1]	[1]
[13]	[13]
[13]	[13]
[13]	[13]
[13]	[13]
[13]	[13]
[13]	[13]
[13]	[10]
[13]	[10]
[13]	[10]
[13]	[10]
[13]	[10]
[13]	[10]
[13]	[6]
[13]	[6]
[13]	[6]
[13]	[6]
[13]	[6]
[13]	[6]
[13]	[12]
[13]	[12]
[13]	[12]
[13]	[12]
[13]	[12]
[13]	[12]
[13]	[12]
[13]	[12]
[13]	[13]
[13]	[13]
[13]	[13]
[13]	[13]
[13]	[13]
[13]	[13]
[13]	[10]
[13]	[10]
[13]	[10]
[13]	[10]
[13]	[10]
[12]	[10]
[12]	[12]
[12]	[12]
[12]	[12]
[12]	[12]
[12]	[12]
[12]	[12]
[12]	[12]
[12]	[12]
[13]	[20]
[13]	[20]
[13]	[20]
[13]	[13]
[13]	[13]
[13]	[13]
[13]	[13]
[13]	[13]
[13]	[13]
[13]	[13]
[13]	[13]
[13]	[18]
[13]	[18]
[13]	[18]
[13]	[18]
[13]	[18]
[13]	[18]
[13]	[10]
[13]	[10]
[13]	[10]
[13]	[10]
[13]	[10]
[13]	[10]
[13]	[8]
[13]	[8]
[13]	[8]
[13]	[8]
[13]	[8]
[13]	[8]
[13]	[13]
[13]	[13]
[13]	[13]
[13]	[13]
[13]	[13]
[13]	[13]
[13]	[18]
[13]	[18]
[13]	[18]
[13]	[18]
[13]	[18]
[13]	[18]
[13]	[10]
[13]	[10]
[13]	[10]
[13]	[10]
[13]	[10]
[13]	[10]
[13]	[8]
[13]	[8]
[13]	[8]
[13]	[13]
[13]	[13]
[13]	[13]
[13]	[13]
[13]	[13]
[13]	[13]
[13]	[13]
[13]	[10]
[13]	[10]
[13]	[10]
[13]	[10]
[13]	[10]
[13]	[10]
[13]	[6]
[13]	[6]
[13]	[6]
[13]	[6]
[13]	[6]
[13]	[6]
[13]	[12]
[13]	[12]
[13]	[12]
[13]	[12]
[13]	[12]
[13]	[12]
[13]	[12]
[13]	[12]
[13]	[13]
[13]	[13]
[13]	[13]
[13]	[13]
[13]	[13]
[13]	[13]
[13]	[10]
[13]	[10]
[13]	[10]
[13]	[10]
[13]	[10]
[12]	[10]
[12]	[12]
[12]	[12]
[12]	[12]
[12]	[12]
[12]	[12]
[12]	[12]
[12]	[12]
[12]	[12]
[13]	[20]
[13]	[20]
[13]	[20]
[13]	[13]
[13]	[13]
[13]	[13]
[13]	[13]
[13]	[13]
[13]	[13]
[13]	[13]
[13]	[13]
[13]	[18]
[13]	[18]
[13]	[18]
[13]	[18]
[13]	[18]
[13]	[18]
[13]	[10]
[13]	[10]
[13]	[10]
[13]	[10]
[13]	[10]
[13]	[10]
[13]	[8]
[13]	[8]
[13]	[8]
[13]	[8]
[13]	[8]
[13]	[8]
[13]	[13]
[13]	[13]
[13]	[13]
[13]	[13]
[13]	[13]
[13]	[18]
[13]	[18]
[13]	[18]
[13]	[18]
[13]	[18]
[13]	[18]
[13]	[10]
[13]	[10]
[13]	[10]
[13]	[10]
[13]	[10]
[13]	[10]
[13]	[8]
[13]	[8]
[13]	[8]
[13]	[8]
[13]	[8]
[13]	[13]
[13]	[13]
[13]	[13]
[13]	[13]
[13]	[13]
[13]	[13]
[13]	[18]
[13]	[18]
[13]	[18]
[13]	[18]
[13]	[18]
[13]	[18]
[13]	[10]
[13]	[10]
[13]	[10]
[13]	[10]
[13]	[10]
[13]	[10]
[13]	[8]
[13]	[8]
[13]	[8]
[13]	[8]
[13]	[8]
[13]	[8]
[13]	[13]
[13]	[13]
[13]	[13]
[13]	[13]
[13]	[13]
[13]	[13]
[13]	[10]
[13]	[10]
[13]	[10]
[13]	[10]
[13]	[10]
[13]	[10]
[13]	[12]
[13]	[12]
[13]	[12]
[13]	[12]
[13]	[12]
[13]	[12]
[13]	[20]
[13]	[20]
[13]	[20]
[-1]	[13]
[-1]	[13]
[-1]	[13]
[-1]	[13]
[-1]	[13]
[-1]	[5]
[-1]	[12]
[-1]	[12]
[-1]	[13]
[-1]	[13]
[-1]	[13]
[-1]	[20]
[-1]	[20]
[13]	[13]
[13]	[13]
[13]	[13]
[13]	[13]
[13]	[13]
[5]	[12]
[5]	[12]
[5]	[20]
[5]	[6]
[5]	[6]
[5]	[20]
[5]	[20]
[5]	[20]
[5]	[20]
[5]	[13]
[12]	[13]
[12]	[13]
[12]	[13]
[12]	[5]
[12]	[5]
[12]	[5]
[12]	[5]
[12]	[13]
[12]	[13]
[12]	[13]
[12]	[13]
[12]	[5]
[12]	[5]
[12]	[5]
[12]	[5]
[12]	[13]
[12]	[13]
[12]	[13]
[12]	[13]
[12]	[12]
[12]	[12]
[12]	[12]
[12]	[12]
[12]	[13]
[12]	[13]
[12]	[13]
[12]	[13]
[5]	[13]
[5]	[13]
[5]	[13]
[5]	[13]
[5]	[5]
[5]	[6]
[5]	[6]
[5]	[20]
[5]	[20]
[5]	[20]
[5]	[12]
[5]	[12]
[5]	[12]
[5]	[12]
[5]	[5]
[5]	[5]
[12]	[5]
[12]	[12]
[12]	[12]
[12]	[13]
[12]	[13]
[12]	[13]
[12]	[13]
[12]	[20]
[12]	[20]
[12]	[20]
[5]	[20]
[5]	[13]
[5]	[13]
[5]	[13]
[5]	[5]
[5]	[6]
[5]	[6]
[5]	[20]
[5]	[20]
[5]	[20]
[5]	[12]
[5]	[12]
[5]	[12]
[5]	[12]
[5]	[5]
[5]	[5]
[5]	[5]
[5]	[5]
[5]	[13]
[5]	[13]
[5]	[13]
[5]	[13]
[5]	[5]
[12]	[5]
[12]	[12]
[-1]	[12]
[5]	[13]
[5]	[13]
[5]	[13]
[5]	[13]
[5]	[13]
[5]	[13]
[5]	[13]
[5]	[13]
[5]	[13]
[5]	[13]
[5]	[13]
[5]	[13]
[5]	[13]
[5]	[13]
[5]	[13]
[5]	[13]
[5]	[13]
[5]	[13]
[5]	[13]
[5]	[13]
[5]	[13]
[5]	[13]
[5]	[18]
[5]	[18]
[12]	[18]
[12]	[18]
[12]	[18]
[12]	[18]
[12]	[18]
[12]	[13]
[12]	[13]
[12]	[13]
[12]	[13]
[12]	[13]
[12]	[18]
[12]	[18]
[12]	[18]
[12]	[18]
[12]	[18]
[12]	[18]
[12]	[18]
[12]	[13]
[12]	[13]
[12]	[13]
[12]	[13]
[-1]	[13]
[-1]	[-1]
[13]	[-1]
[13]	[13]
[13]	[13]
[13]	[13]
[13]	[13]
[13]	[13]
[13]	[5]
[13]	[5]
[13]	[12]
[13]	[12]
[13]	[12]
[13]	[13]
[13]	[13]
[13]	[13]
[13]	[13]
[13]	[13]
[13]	[20]
[13]	[20]
[13]	[20]
[13]	[13]
[13]	[13]
[13]	[13]
[13]	[13]
[13]	[13]
[13]	[5]
[13]	[5]
[13]	[12]
[13]	[12]
[13]	[12]
[13]	[13]
[13]	[13]
[13]	[13]
[13]	[20]
[13]	[20]
[13]	[13]
[18]	[13]
[18]	[13]
[18]	[5]
[18]	[5]
[18]	[5]
[18]	[5]
[18]	[5]
[18]	[12]
[18]	[12]
[18]	[12]
[18]	[12]
[18]	[12]
[18]	[13]
[13]	[13]
[13]	[13]
[13]	[13]
[13]	[13]
[13]	[20]
[13]	[20]
[13]	[20]
[13]	[13]
[13]	[13]
[13]	[13]
[13]	[13]
[13]	[13]
[13]	[5]
[13]	[5]
[13]	[12]
[13]	[12]
[13]	[12]
[13]	[13]
[13]	[13]
[13]	[13]
[13]	[20]
[-1]	[20]
[13]	[13]
[13]	[13]
[13]	[13]
[13]	[13]
[13]	[8]
[13]	[8]
[13]	[8]
[13]	[8]
[13]	[13]
[18]	[13]
[18]	[18]
[18]	[18]
[18]	[18]
[18]	[18]
[18]	[12]
[18]	[12]
[18]	[12]
[18]	[12]
[18]	[5]
[18]	[1]
[18]	[18]
[18]	[18]
[18]	[18]
[18]	[18]
[18]	[18]
[18]	[18]
[18]	[18]
[18]	[18]
[18]	[18]
[18]	[13]
[18]	[13]
[18]	[13]
[18]	[13]
[18]	[13]
[13]	[13]
[13]	[13]
[13]	[13]
[13]	[13]
[13]	[18]
[13]	[18]
[13]	[8]
[13]	[8]
[13]	[13]
[13]	[13]
[13]	[8]
[13]	[8]
[13]	[13]
[13]	[13]
[13]	[13]
[13]	[1]
[13]	[1]
[5]	[1]
[5]	[1]
[5]	[18]
[5]	[18]
[5]	[1]
[5]	[1]
[5]	[18]
[5]	[18]
[5]	[12]
[5]	[12]
[5]	[12]
[5]	[12]
[5]	[5]
[5]	[5]
[5]	[12]
[5]	[12]
[5]	[5]
[5]	[8]
[5]	[13]
[5]	[13]
[13]	[13]
[13]	[13]
[13]	[13]
[13]	[13]
[13]	[13]
[13]	[13]
[13]	[13]
[13]	[8]
[13]	[8]
[13]	[8]
[13]	[8]
[13]	[8]
[13]	[8]
[13]	[8]
[13]	[8]
[13]	[8]
[13]	[13]
[13]	[13]
[13]	[13]
[13]	[13]
[13]	[13]
[13]	[8]
[13]	[8]
[13]	[8]
[13]	[8]
[13]	[13]
[13]	[13]
[13]	[8]
[13]	[8]
[-1]	[13]
[13]	[-1]
[13]	[-1]
[13]	[-1]
[13]	[24]
[13]	[8]
[13]	[24]
[13]	[8]
[13]	[24]
[13]	[24]
[13]	[24]
[13]	[24]
[13]	[24]
[13]	[24]
[13]	[8]
[13]	[24]
[13]	[8]
[13]	[24]
[13]	[24]
[13]	[24]
[13]	[24]
[13]	[24]
[13]	[24]
[13]	[24]
[13]	[24]
[13]	[24]
[13]	[24]
[13]	[24]
[18]	[24]
[18]	[18]
[18]	[18]
[18]	[18]
[18]	[8]
[18]	[8]
[18]	[8]
[18]	[8]
[18]	[24]
[18]	[24]
[18]	[24]
[18]	[24]
[-1]	[8]
[-1]	[-1]
[13]	[13]
[13]	[13]
[13]	[13]
[13]	[13]
[13]	[13]
[13]	[13]
[13]	[13]
[13]	[13]
[13]	[13]
[13]	[13]
[13]	[13]
[13]	[5]
[13]	[5]
[13]	[5]
[12]	[5]
[12]	[5]
[12]	[5]
[12]	[12]
[12]	[12]
[12]	[12]
[12]	[12]
[12]	[12]
[13]	[12]
[13]	[13]
[13]	[13]
[13]	[13]
[13]	[13]
[13]	[13]
[13]	[13]
[13]	[13]
[13]	[13]
[13]	[13]
[13]	[13]
[13]	[13]
[13]	[8]
[13]	[8]
[13]	[8]
[13]	[8]
[13]	[8]
[13]	[8]
[13]	[13]
[13]	[13]
[13]	[13]
[13]	[13]
[13]	[13]
[13]	[13]
[13]	[13]
[13]	[13]
[13]	[13]
[13]	[13]
[13]	[13]
[13]	[13]
[13]	[13]
[13]	[13]
[13]	[13]
[13]	[13]
[13]	[13]
[13]	[13]
[13]	[13]
[13]	[12]
[12]	[12]
[12]	[12]
[12]	[12]
[12]	[12]
[12]	[12]
[12]	[12]
[12]	[12]
[12]	[12]
[12]	[12]
[12]	[12]
[13]	[12]
[13]	[13]
[13]	[13]
[13]	[13]
[13]	[13]
[13]	[13]
[5]	[13]
[5]	[5]
[5]	[5]
[5]	[5]
[5]	[5]
[5]	[5]
[5]	[5]
[5]	[8]
[5]	[8]
[5]	[8]
[5]	[8]
[13]	[8]
[13]	[8]
[13]	[13]
[13]	[13]
[-1]	[13]
[-1]	[13]
[13]	[13]
[13]	[13]
[13]	[13]
[13]	[13]
[13]	[13]
[13]	[13]
[13]	[13]
[13]	[13]
[13]	[13]
[13]	[8]
[13]	[8]
[13]	[8]
[13]	[8]
[13]	[8]
[13]	[8]
[13]	[8]
[13]	[8]
[13]	[8]
[13]	[8]
[13]	[8]
[13]	[13]
[13]	[13]
[13]	[13]
[13]	[13]
[13]	[13]
[13]	[13]
[13]	[13]
[5]	[13]
[5]	[13]
[5]	[18]
[5]	[18]
[5]	[18]
[5]	[8]
[5]	[8]
[5]	[5]
[5]	[5]
[5]	[5]
[5]	[5]
[5]	[5]
[5]	[5]
[5]	[5]
[5]	[12]
[5]	[12]
[5]	[12]
[5]	[12]
[5]	[12]
[5]	[5]
[5]	[5]
[5]	[5]
[5]	[5]
[5]	[5]
[5]	[5]
[5]	[5]
[5]	[5]
[18]	[5]
[18]	[12]
[18]	[12]
[18]	[12]
[18]	[12]
[18]	[12]
[18]	[8]
[18]	[8]
[13]	[8]
[13]	[13]
[13]	[13]
[13]	[13]
[13]	[13]
[13]	[13]
[13]	[13]
[13]	[13]
[13]	[13]
[13]	[8]
[13]	[8]
[13]	[8]
[13]	[8]
[13]	[8]
[13]	[13]
[13]	[13]
[13]	[13]
[13]	[13]
[13]	[13]
[13]	[13]
[13]	[13]
[13]	[13]
[13]	[13]
[13]	[13]
[13]	[8]
[13]	[8]
[13]	[8]
[13]	[8]
[13]	[8]
[-1]	[13]
[-1]	[13]
[13]	[13]
[13]	[13]
[13]	[13]
[13]	[13]
[13]	[13]
[13]	[13]
[13]	[13]
[13]	[13]
[13]	[13]
[13]	[5]
[13]	[5]
[13]	[5]
[13]	[13]
[13]	[13]
[13]	[13]
[13]	[13]
[13]	[12]
[13]	[12]
[13]	[12]
[13]	[12]
[13]	[20]
[13]	[20]
[13]	[20]
[13]	[20]
[13]	[20]
[13]	[13]
[13]	[13]
[13]	[13]
[13]	[13]
[13]	[13]
[13]	[13]
[13]	[13]
[13]	[13]
[13]	[13]
[5]	[13]
[5]	[5]
[5]	[5]
[5]	[5]
[5]	[12]
[5]	[12]
[5]	[12]
[5]	[12]
[5]	[12]
[5]	[12]
[5]	[12]
[5]	[12]
[5]	[12]
[5]	[12]
[5]	[12]
[5]	[12]
[5]	[12]
[5]	[12]
[5]	[12]
[13]	[13]
[13]	[13]
[13]	[13]
[13]	[13]
[13]	[13]
[13]	[13]
[13]	[13]
[13]	[5]
[13]	[5]
[13]	[5]
[13]	[13]
[13]	[13]
[13]	[13]
[13]	[13]
[13]	[12]
[13]	[12]
[13]	[12]
[13]	[12]
[13]	[20]
[13]	[20]
[13]	[13]
[-1]	[13]
[13]	[-1]
[13]	[-1]
[13]	[13]
[13]	[13]
[13]	[13]
[13]	[13]
[13]	[13]
[13]	[13]
[13]	[13]
[13]	[13]
[13]	[13]
[13]	[13]
[13]	[12]
[13]	[12]
[13]	[12]
[13]	[13]
[13]	[13]
[13]	[13]
[13]	[13]
[13]	[13]
[13]	[13]
[13]	[13]
[13]	[13]
[13]	[13]
[13]	[13]
[13]	[20]
[13]	[20]
[13]	[20]
[13]	[13]
[13]	[13]
[13]	[13]
[13]	[13]
[13]	[13]
[13]	[13]
[13]	[13]
[13]	[13]
[13]	[13]
[13]	[13]
[13]	[12]
[13]	[12]
[13]	[12]
[13]	[13]
[13]	[13]
[13]	[13]
[13]	[12]
[13]	[12]
[13]	[12]
[13]	[12]
[13]	[12]
[13]	[12]
[13]	[12]
[13]	[12]
[13]	[12]
[13]	[12]
[13]	[12]
[13]	[12]
[13]	[13]
[13]	[13]
[13]	[13]
[13]	[13]
[13]	[13]
[13]	[13]
[13]	[13]
[13]	[13]
[13]	[12]
[13]	[12]
[13]	[12]
[13]	[13]
[13]	[13]
[13]	[13]
[13]	[13]
[13]	[13]
[13]	[20]
[13]	[20]
[13]	[20]
[13]	[13]
[13]	[13]
[13]	[13]
[13]	[13]
[13]	[13]
[13]	[12]
[13]	[12]
[13]	[12]
[13]	[12]
[13]	[13]
[13]	[13]
[13]	[13]
[13]	[12]
[13]	[12]
[13]	[12]
[13]	[12]
[13]	[12]
[13]	[12]
[13]	[12]
[13]	[12]
[13]	[12]
[13]	[12]
[13]	[12]
[13]	[12]
[-1]	[20]
[13]	[13]
[13]	[13]
[13]	[13]
[13]	[13]
[13]	[13]
[13]	[18]
[13]	[18]
[13]	[18]
[13]	[18]
[13]	[18]
[13]	[18]
[13]	[18]
[13]	[13]
[13]	[13]
[13]	[13]
[13]	[13]
[13]	[13]
[13]	[13]
[13]	[12]
[13]	[12]
[13]	[12]
[13]	[12]
[13]	[12]
[13]	[12]
[13]	[12]
[13]	[12]
[13]	[13]
[13]	[13]
[13]	[13]
[13]	[13]
[13]	[13]
[13]	[13]
[13]	[6]
[13]	[6]
[13]	[18]
[13]	[18]
[13]	[18]
[13]	[18]
[13]	[18]
[13]	[13]
[13]	[18]
[13]	[18]
[13]	[18]
[13]	[8]
[13]	[8]
[13]	[13]
[13]	[13]
[13]	[10]
[13]	[18]
[13]	[18]
[13]	[18]
[13]	[8]
[-1]	[8]
[13]	[-1]
[13]	[13]
[13]	[13]
[13]	[13]
[13]	[13]
[13]	[13]
[13]	[13]
[13]	[13]
[13]	[6]
[13]	[6]
[13]	[6]
[13]	[8]
[13]	[8]
[13]	[13]
[13]	[13]
[13]	[13]
[13]	[13]
[13]	[13]
[13]	[13]
[13]	[5]
[13]	[5]
[13]	[5]
[13]	[6]
[13]	[6]
[13]	[3]
[13]	[8]
[13]	[8]
[13]	[13]
[13]	[13]
[13]	[8]
[13]	[13]
[13]	[1]
[13]	[1]
[13]	[1]
[13]	[6]
[13]	[6]
[13]	[6]
[13]	[8]
[13]	[8]
[13]	[13]
[13]	[13]
[13]	[13]
[13]	[13]
[13]	[13]
[13]	[13]
[13]	[18]
[13]	[18]
[13]	[18]
[13]	[8]
[13]	[8]
[13]	[8]
[13]	[13]
[13]	[8]
[13]	[13]
[13]	[13]
[13]	[20]
[13]	[20]
[13]	[10]
[13]	[10]
[13]	[10]
[13]	[5]
[13]	[8]
[8]	[13]
[8]	[13]
[8]	[13]
[8]	[13]
[8]	[13]
[8]	[13]
[8]	[12]
[8]	[12]
[8]	[12]
[8]	[6]
[8]	[6]
[8]	[3]
[8]	[8]
[8]	[8]
[8]	[13]
[8]	[13]
[8]	[13]
[8]	[12]
[8]	[12]
[8]	[12]
[8]	[10]
[8]	[10]
[8]	[10]
[8]	[5]
[8]	[8]
[8]	[13]
[8]	[13]
[8]	[13]
[8]	[13]
[8]	[13]
[8]	[13]
[8]	[18]
[8]	[18]
[8]	[18]
[8]	[8]
[8]	[8]
[8]	[8]
[8]	[13]
[8]	[8]
[8]	[8]
[8]	[8]
[8]	[8]
[-1]	[13]
[-1]	[13]
[-1]	[13]
[-1]	[13]
[-1]	[8]
[-1]	[8]
[-1]	[8]
[8]	[13]
[8]	[13]
[8]	[13]
[8]	[13]
[8]	[18]
[8]	[18]
[8]	[18]
[8]	[18]
[8]	[8]
[8]	[8]
[8]	[8]
[8]	[8]
[8]	[8]
[8]	[8]
[8]	[13]
[8]	[13]
[8]	[8]
[8]	[8]
[8]	[13]
[8]	[13]
[8]	[13]
[8]	[13]
[8]	[18]
[8]	[18]
[8]	[18]
[8]	[18]
[8]	[8]
[8]	[8]
[8]	[8]
[8]	[13]
[8]	[13]
[8]	[13]
[8]	[13]
[8]	[13]
[8]	[8]
[8]	[8]
[8]	[8]
[8]	[13]
[8]	[13]
[8]	[13]
[8]	[13]
[8]	[18]
[8]	[18]
[8]	[18]
[8]	[18]
[8]	[8]
[8]	[8]
[8]	[8]
[8]	[8]
[8]	[8]
[8]	[8]
[8]	[13]
[8]	[8]
[8]	[13]
[8]	[13]
[8]	[13]
[8]	[13]
[8]	[18]
[8]	[18]
[8]	[18]
[8]	[18]
[8]	[8]
[8]	[8]
[8]	[8]
[8]	[8]
[-1]	[13]
[-1]	[13]
[-1]	[13]
[-1]	[13]
[-1]	[13]
[-1]	[18]
[-1]	[18]
[-1]	[13]
[-1]	[13]
[-1]	[13]
[-1]	[13]
[-1]	[13]
[-1]	[13]
[-1]	[5]
[-1]	[5]
[-1]	[5]
[-1]	[5]
[-1]	[12]
[-1]	[12]
[-1]	[5]
[-1]	[5]
[-1]	[5]
[-1]	[5]
[-1]	[5]
[-1]	[5]
[-1]	[13]
[-1]	[13]
[-1]	[13]
[-1]	[13]
[-1]	[8]
[-1]	[8]
[-1]	[13]
[-1]	[13]
[-1]	[13]
[-1]	[13]
[-1]	[13]
[-1]	[13]
[13]	[-1]
[13]	[13]
[13]	[13]
[13]	[13]
[13]	[13]
[13]	[20]
[13]	[20]
[13]	[20]
[13]	[13]
[13]	[13]
[13]	[13]
[13]	[5]
[13]	[5]
[13]	[5]
[13]	[12]
[13]	[12]
[13]	[12]
[13]	[10]
[13]	[10]
[13]	[10]
[13]	[13]
[13]	[13]
[13]	[13]
[13]	[20]
[13]	[20]
[13]	[10]
[13]	[10]
[5]	[10]
[5]	[5]
[5]	[5]
[5]	[5]
[5]	[5]
[5]	[5]
[5]	[10]
[5]	[10]
[5]	[12]
[5]	[12]
[5]	[5]
[5]	[5]
[5]	[5]
[5]	[5]
[5]	[5]
[5]	[5]
[5]	[5]
[13]	[5]
[13]	[5]
[13]	[5]
[13]	[5]
[13]	[12]
[13]	[12]
[13]	[12]
[13]	[13]
[13]	[13]
[13]	[13]
[13]	[13]
[13]	[13]
[13]	[13]
[13]	[13]
[13]	[13]
[13]	[13]
[13]	[13]
[13]	[13]
[13]	[5]
[13]	[5]
[13]	[5]
[13]	[10]
[13]	[10]
[13]	[10]
[13]	[12]
[13]	[12]
[13]	[12]
[-1]	[13]
[-1]	[-1]
[-1]	[13]
[-1]	[13]
[-1]	[13]
[-1]	[13]
[-1]	[13]
[-1]	[13]
[-1]	[13]
[13]	[12]
[13]	[12]
[13]	[12]
[13]	[12]
[13]	[12]
[13]	[12]
[13]	[12]
[13]	[12]
[13]	[13]
[13]	[13]
[13]	[13]
[13]	[13]
[13]	[13]
[13]	[13]
[13]	[13]
[13]	[8]
[13]	[8]
[13]	[8]
[13]	[8]
[13]	[13]
[13]	[13]
[5]	[13]
[5]	[5]
[5]	[5]
[5]	[5]
[5]	[5]
[5]	[12]
[5]	[12]
[5]	[12]
[5]	[12]
[5]	[5]
[5]	[5]
[5]	[5]
[5]	[5]
[5]	[12]
[5]	[12]
[5]	[12]
[5]	[5]
[5]	[5]
[5]	[5]
[5]	[5]
[5]	[12]
[5]	[12]
[5]	[12]
[5]	[12]
[5]	[8]
[5]	[8]
[5]	[8]
[-1]	[8]
[13]	[-1]
[13]	[13]
[13]	[13]
[13]	[8]
[13]	[13]
[13]	[13]
[13]	[1]
[13]	[1]
[13]	[6]
[13]	[6]
[13]	[6]
[13]	[8]
[13]	[8]
[13]	[13]
[13]	[13]
[13]	[13]
[13]	[13]
[13]	[13]
[13]	[13]
[13]	[13]
[13]	[13]
[13]	[13]
[13]	[6]
[13]	[6]
[13]	[6]
[13]	[8]
[13]	[8]
[13]	[13]
[13]	[13]
[13]	[13]
[13]	[13]
[13]	[13]
[13]	[6]
[13]	[6]
[13]	[6]
[13]	[13]
[13]	[13]
[13]	[13]
[13]	[13]
[13]	[13]
[13]	[13]
[13]	[13]
[13]	[13]
[13]	[13]
[13]	[13]
[13]	[13]
[13]	[8]
[13]	[8]
[13]	[8]
[13]	[13]
[13]	[13]
[13]	[13]
[13]	[13]
[13]	[20]
[13]	[20]
[13]	[13]
[13]	[13]
[13]	[20]
[13]	[20]
[13]	[13]
[13]	[13]
[13]	[13]
[13]	[13]
[-1]	[13]
[-1]	[13]
[-1]	[13]
[-1]	[13]
[-1]	[13]
[-1]	[6]
[-1]	[6]
[-1]	[6]
[13]	[8]
[13]	[8]
[13]	[13]
[13]	[13]
[13]	[13]
[13]	[20]
[13]	[20]
[13]	[20]
[13]	[10]
[13]	[10]
[13]	[10]
[13]	[5]
[13]	[5]
[8]	[13]
[8]	[13]
[8]	[13]
[8]	[13]
[8]	[13]
[8]	[13]
[8]	[13]
[8]	[13]
[8]	[13]
[8]	[8]
[8]	[8]
[8]	[8]
[8]	[13]
[8]	[13]
[8]	[8]
[8]	[8]
[8]	[8]
[8]	[13]
[-1]	[13]
[13]	[13]
[13]	[13]
[13]	[13]
[13]	[13]
[13]	[13]
[13]	[13]
[13]	[18]
[13]	[18]
[13]	[18]
[13]	[18]
[13]	[13]
[13]	[18]
[13]	[18]
[13]	[18]
[13]	[13]
[13]	[13]
[13]	[8]
[13]	[8]
[13]	[8]
[13]	[8]
[13]	[13]
[13]	[13]
[13]	[13]
[13]	[8]
[13]	[8]
[13]	[8]
[13]	[8]
[13]	[13]
[13]	[13]
[13]	[13]
[13]	[10]
[13]	[10]
[13]	[12]
[13]	[12]
[13]	[12]
[13]	[12]
[13]	[5]
[13]	[8]
[13]	[13]
[13]	[13]
[13]	[10]
[5]	[10]
[5]	[12]
[5]	[12]
[5]	[12]
[5]	[12]
[5]	[5]
[5]	[5]
[5]	[5]
[5]	[5]
[5]	[5]
[5]	[12]
[5]	[12]
[5]	[12]
[5]	[12]
[5]	[5]
[5]	[5]
[5]	[5]
[5]	[18]
[5]	[18]
[5]	[13]
[12]	[13]
[12]	[8]
[12]	[8]
[12]	[8]
[12]	[8]
[12]	[13]
[12]	[18]
[12]	[18]
[12]	[18]
[12]	[13]
[12]	[13]
[12]	[12]
[12]	[12]
[12]	[12]
[12]	[12]
[12]	[5]
[12]	[5]
[12]	[5]
[12]	[18]
[13]	[18]
[13]	[13]
