Accuracy: 0.4232224121046871

n_chords: 1
n_melody: 0
t_prior: 50.0
e_prior: 50.0
dataset: The Session
keys: All
filter_train_set: True
filter_val_set: True

~ First 3000 predicted states ~
Predicted	True
[-1]	[-1]
[-1]	[1]
[1]	[1]
[1]	[1]
[1]	[1]
[1]	[1]
[1]	[1]
[1]	[8]
[1]	[8]
[1]	[8]
[1]	[1]
[1]	[1]
[1]	[1]
[1]	[6]
[1]	[6]
[1]	[6]
[1]	[10]
[1]	[10]
[1]	[10]
[1]	[3]
[1]	[3]
[1]	[3]
[1]	[8]
[1]	[8]
[1]	[8]
[1]	[1]
[1]	[1]
[1]	[1]
[1]	[1]
[1]	[1]
[1]	[1]
[1]	[8]
[1]	[8]
[1]	[8]
[1]	[1]
[1]	[1]
[1]	[1]
[1]	[6]
[1]	[6]
[1]	[6]
[1]	[6]
[1]	[6]
[1]	[6]
[1]	[8]
[1]	[8]
[1]	[8]
[1]	[1]
[1]	[10]
[1]	[10]
[1]	[10]
[1]	[10]
[1]	[10]
[1]	[10]
[1]	[10]
[1]	[10]
[1]	[10]
[1]	[8]
[1]	[8]
[1]	[8]
[1]	[1]
[1]	[1]
[1]	[1]
[1]	[3]
[1]	[3]
[1]	[3]
[1]	[8]
[1]	[8]
[1]	[8]
[1]	[8]
[1]	[8]
[1]	[8]
[1]	[10]
[1]	[10]
[1]	[10]
[1]	[10]
[1]	[10]
[1]	[10]
[1]	[10]
[1]	[10]
[1]	[10]
[1]	[8]
[1]	[8]
[1]	[8]
[1]	[1]
[1]	[1]
[1]	[1]
[1]	[8]
[1]	[8]
[1]	[8]
[1]	[8]
[1]	[8]
[1]	[8]
[1]	[1]
[1]	[1]
[1]	[1]
[1]	[1]
[1]	[1]
[1]	[1]
[1]	[1]
[1]	[1]
[1]	[1]
[1]	[1]
[1]	[1]
[1]	[1]
[1]	[1]
[1]	[1]
[1]	[1]
[1]	[1]
[1]	[1]
[1]	[1]
[1]	[8]
[1]	[8]
[1]	[8]
[1]	[1]
[1]	[1]
[1]	[1]
[1]	[3]
[1]	[3]
[1]	[3]
[1]	[8]
[1]	[8]
[1]	[8]
[1]	[8]
[1]	[8]
[1]	[8]
[1]	[1]
[1]	[1]
[1]	[1]
[1]	[1]
[1]	[1]
[1]	[1]
[1]	[1]
[1]	[1]
[1]	[1]
[1]	[8]
[1]	[8]
[1]	[8]
[1]	[6]
[1]	[6]
[1]	[6]
[1]	[8]
[1]	[8]
[1]	[8]
[1]	[8]
[1]	[8]
[1]	[8]
[1]	[1]
[1]	[1]
[1]	[1]
[1]	[1]
[1]	[1]
[1]	[1]
[1]	[1]
[1]	[1]
[-1]	[1]
[13]	[-1]
[13]	[-1]
[13]	[13]
[13]	[13]
[13]	[13]
[13]	[13]
[13]	[13]
[13]	[13]
[13]	[13]
[13]	[13]
[13]	[10]
[13]	[10]
[13]	[10]
[13]	[10]
[13]	[10]
[13]	[10]
[13]	[10]
[12]	[10]
[12]	[12]
[12]	[12]
[12]	[12]
[12]	[12]
[12]	[12]
[12]	[12]
[12]	[12]
[12]	[12]
[12]	[12]
[12]	[12]
[13]	[12]
[13]	[12]
[13]	[12]
[13]	[12]
[13]	[12]
[13]	[12]
[13]	[13]
[13]	[13]
[13]	[13]
[13]	[13]
[13]	[13]
[13]	[13]
[13]	[13]
[13]	[13]
[13]	[10]
[13]	[10]
[13]	[10]
[13]	[10]
[13]	[10]
[13]	[10]
[13]	[10]
[12]	[10]
[12]	[12]
[12]	[12]
[12]	[12]
[12]	[12]
[12]	[12]
[12]	[12]
[12]	[12]
[12]	[12]
[12]	[12]
[12]	[12]
[12]	[12]
[12]	[12]
[12]	[13]
[12]	[13]
[13]	[13]
[13]	[13]
[13]	[13]
[13]	[13]
[13]	[13]
[13]	[13]
[13]	[13]
[13]	[13]
[13]	[13]
[13]	[13]
[13]	[13]
[13]	[13]
[18]	[13]
[18]	[13]
[18]	[13]
[18]	[13]
[18]	[13]
[18]	[12]
[18]	[12]
[18]	[12]
[18]	[12]
[18]	[12]
[18]	[12]
[18]	[12]
[18]	[12]
[18]	[12]
[18]	[12]
[18]	[12]
[18]	[12]
[18]	[12]
[18]	[12]
[18]	[12]
[18]	[12]
[18]	[13]
[18]	[13]
[18]	[13]
[18]	[13]
[18]	[13]
[18]	[13]
[18]	[13]
[18]	[13]
[18]	[13]
[18]	[13]
[18]	[13]
[18]	[13]
[18]	[13]
[18]	[13]
[18]	[13]
[18]	[13]
[18]	[12]
[18]	[12]
[18]	[12]
[18]	[12]
[18]	[12]
[18]	[12]
[18]	[12]
[18]	[12]
[18]	[13]
[18]	[13]
[18]	[13]
[-1]	[13]
[1]	[-1]
[1]	[-1]
[1]	[1]
[1]	[1]
[1]	[1]
[1]	[1]
[1]	[15]
[1]	[15]
[1]	[15]
[1]	[1]
[1]	[1]
[1]	[1]
[1]	[8]
[1]	[8]
[1]	[8]
[1]	[8]
[1]	[1]
[1]	[1]
[1]	[1]
[1]	[1]
[1]	[15]
[1]	[15]
[1]	[15]
[1]	[22]
[1]	[22]
[1]	[22]
[1]	[22]
[1]	[22]
[1]	[22]
[1]	[22]
[1]	[1]
[1]	[1]
[1]	[1]
[1]	[1]
[1]	[15]
[1]	[15]
[1]	[15]
[1]	[1]
[1]	[1]
[1]	[1]
[1]	[8]
[1]	[8]
[1]	[8]
[1]	[8]
[1]	[1]
[1]	[1]
[1]	[1]
[1]	[1]
[1]	[15]
[1]	[15]
[1]	[15]
[1]	[15]
[1]	[22]
[1]	[22]
[1]	[22]
[1]	[22]
[1]	[22]
[1]	[22]
[1]	[1]
[1]	[1]
[1]	[1]
[1]	[1]
[1]	[1]
[1]	[1]
[1]	[1]
[1]	[1]
[1]	[1]
[1]	[1]
[1]	[1]
[1]	[1]
[1]	[1]
[1]	[1]
[1]	[22]
[1]	[22]
[1]	[22]
[1]	[22]
[1]	[22]
[1]	[22]
[1]	[22]
[1]	[1]
[1]	[1]
[1]	[1]
[1]	[1]
[1]	[8]
[1]	[8]
[1]	[8]
[1]	[1]
[1]	[1]
[1]	[1]
[1]	[1]
[1]	[1]
[1]	[1]
[1]	[1]
[1]	[1]
[1]	[22]
[1]	[22]
[1]	[22]
[1]	[22]
[1]	[22]
[1]	[22]
[1]	[1]
[1]	[1]
[1]	[1]
[1]	[1]
[1]	[15]
[6]	[15]
[6]	[15]
[6]	[15]
[6]	[22]
[6]	[22]
[6]	[22]
[6]	[22]
[6]	[22]
[6]	[22]
[6]	[22]
[6]	[22]
[6]	[22]
[-1]	[22]
[1]	[-1]
[1]	[-1]
[1]	[-1]
[1]	[1]
[1]	[1]
[1]	[1]
[1]	[1]
[1]	[1]
[1]	[1]
[1]	[1]
[1]	[1]
[1]	[1]
[1]	[1]
[1]	[1]
[1]	[1]
[1]	[1]
[1]	[1]
[1]	[1]
[1]	[1]
[1]	[1]
[1]	[1]
[1]	[1]
[1]	[1]
[1]	[1]
[1]	[1]
[1]	[1]
[1]	[1]
[1]	[1]
[1]	[1]
[1]	[1]
[1]	[1]
[1]	[1]
[1]	[1]
[1]	[1]
[1]	[1]
[1]	[1]
[1]	[1]
[1]	[1]
[1]	[8]
[1]	[8]
[1]	[8]
[1]	[8]
[1]	[8]
[1]	[8]
[1]	[1]
[1]	[1]
[1]	[1]
[1]	[1]
[1]	[1]
[1]	[1]
[1]	[1]
[1]	[1]
[1]	[1]
[1]	[1]
[1]	[1]
[1]	[1]
[1]	[1]
[1]	[1]
[1]	[1]
[1]	[1]
[1]	[1]
[1]	[1]
[1]	[1]
[1]	[1]
[1]	[1]
[1]	[1]
[1]	[1]
[1]	[15]
[1]	[15]
[1]	[15]
[1]	[1]
[1]	[1]
[1]	[1]
[1]	[1]
[1]	[1]
[1]	[1]
[1]	[1]
[1]	[1]
[1]	[1]
[1]	[1]
[1]	[1]
[1]	[1]
[1]	[1]
[1]	[1]
[1]	[1]
[1]	[1]
[1]	[8]
[1]	[8]
[1]	[8]
[1]	[8]
[1]	[8]
[1]	[8]
[1]	[1]
[1]	[1]
[1]	[1]
[1]	[1]
[1]	[1]
[1]	[1]
[1]	[1]
[1]	[1]
[1]	[6]
[1]	[6]
[1]	[6]
[1]	[6]
[1]	[6]
[1]	[1]
[1]	[1]
[1]	[1]
[1]	[1]
[1]	[1]
[1]	[1]
[1]	[8]
[1]	[8]
[1]	[8]
[1]	[8]
[1]	[8]
[1]	[1]
[1]	[1]
[1]	[1]
[1]	[1]
[1]	[1]
[1]	[6]
[1]	[6]
[1]	[6]
[1]	[6]
[1]	[6]
[1]	[1]
[1]	[1]
[1]	[1]
[1]	[1]
[1]	[1]
[1]	[1]
[1]	[8]
[1]	[8]
[1]	[8]
[1]	[8]
[1]	[8]
[1]	[8]
[1]	[1]
[1]	[1]
[1]	[1]
[-1]	[1]
[-1]	[-1]
[-1]	[-1]
[-1]	[-1]
[-1]	[13]
[-1]	[13]
[-1]	[13]
[-1]	[13]
[-1]	[13]
[-1]	[13]
[-1]	[8]
[-1]	[8]
[-1]	[8]
[-1]	[8]
[-1]	[8]
[-1]	[8]
[-1]	[8]
[-1]	[8]
[-1]	[8]
[-1]	[8]
[-1]	[8]
[-1]	[8]
[-1]	[8]
[-1]	[8]
[-1]	[13]
[-1]	[13]
[-1]	[13]
[-1]	[13]
[-1]	[13]
[-1]	[13]
[13]	[18]
[13]	[18]
[13]	[18]
[13]	[18]
[13]	[18]
[13]	[18]
[13]	[13]
[13]	[13]
[13]	[13]
[13]	[13]
[13]	[13]
[13]	[13]
[13]	[3]
[13]	[3]
[13]	[3]
[13]	[3]
[13]	[3]
[13]	[3]
[13]	[8]
[13]	[8]
[13]	[8]
[13]	[8]
[13]	[8]
[13]	[13]
[13]	[13]
[13]	[13]
[13]	[13]
[13]	[13]
[13]	[13]
[13]	[8]
[13]	[8]
[13]	[8]
[13]	[8]
[13]	[8]
[13]	[8]
[13]	[8]
[13]	[8]
[13]	[8]
[13]	[8]
[13]	[8]
[13]	[8]
[13]	[8]
[13]	[8]
[13]	[13]
[13]	[13]
[13]	[13]
[13]	[13]
[13]	[13]
[13]	[13]
[13]	[18]
[13]	[18]
[13]	[18]
[13]	[18]
[13]	[18]
[13]	[18]
[13]	[18]
[13]	[18]
[13]	[13]
[13]	[13]
[13]	[13]
[13]	[13]
[13]	[13]
[13]	[13]
[13]	[13]
[13]	[13]
[13]	[13]
[13]	[8]
[13]	[8]
[13]	[8]
[13]	[8]
[13]	[8]
[13]	[8]
[13]	[8]
[13]	[8]
[13]	[13]
[13]	[13]
[12]	[13]
[12]	[13]
[12]	[13]
[12]	[5]
[12]	[5]
[12]	[5]
[12]	[5]
[12]	[5]
[12]	[5]
[12]	[18]
[12]	[18]
[12]	[18]
[12]	[18]
[12]	[18]
[12]	[12]
[12]	[12]
[12]	[12]
[12]	[12]
[12]	[12]
[12]	[12]
[12]	[12]
[13]	[12]
[13]	[5]
[13]	[5]
[13]	[5]
[13]	[5]
[13]	[5]
[13]	[5]
[13]	[5]
[13]	[5]
[13]	[5]
[13]	[5]
[13]	[5]
[13]	[5]
[13]	[5]
[10]	[18]
[10]	[18]
[10]	[18]
[10]	[18]
[10]	[18]
[10]	[12]
[10]	[12]
[10]	[12]
[10]	[12]
[10]	[12]
[10]	[12]
[10]	[5]
[10]	[5]
[10]	[5]
[10]	[5]
[12]	[5]
[12]	[5]
[12]	[5]
[12]	[5]
[12]	[5]
[12]	[5]
[12]	[5]
[12]	[5]
[12]	[5]
[12]	[18]
[12]	[18]
[12]	[18]
[12]	[18]
[12]	[18]
[12]	[18]
[12]	[18]
[12]	[18]
[12]	[18]
[12]	[12]
[12]	[12]
[12]	[12]
[12]	[12]
[12]	[12]
[12]	[12]
[13]	[12]
[13]	[12]
[13]	[5]
[13]	[5]
[13]	[5]
[13]	[5]
[13]	[5]
[13]	[5]
[13]	[5]
[13]	[10]
[13]	[10]
[13]	[10]
[13]	[10]
[13]	[23]
[13]	[23]
[13]	[23]
[13]	[23]
[13]	[5]
[13]	[5]
[13]	[5]
[13]	[5]
[13]	[1]
[13]	[1]
[13]	[1]
[13]	[1]
[13]	[18]
[13]	[18]
[13]	[18]
[13]	[18]
[13]	[12]
[13]	[12]
[13]	[12]
[13]	[12]
[13]	[5]
[13]	[5]
[13]	[5]
[13]	[5]
[13]	[5]
[13]	[1]
[13]	[1]
[13]	[1]
[13]	[1]
[13]	[1]
[13]	[1]
[13]	[1]
[13]	[1]
[13]	[1]
[13]	[1]
[13]	[1]
[13]	[1]
[13]	[1]
[13]	[1]
[13]	[1]
[13]	[1]
[13]	[1]
[13]	[1]
[13]	[1]
[13]	[1]
[13]	[1]
[13]	[1]
[13]	[1]
[18]	[1]
[18]	[15]
[18]	[15]
[18]	[15]
[18]	[15]
[18]	[15]
[18]	[15]
[18]	[15]
[18]	[15]
[18]	[15]
[18]	[15]
[18]	[15]
[18]	[15]
[18]	[15]
[18]	[15]
[18]	[15]
[18]	[15]
[18]	[8]
[18]	[8]
[18]	[8]
[18]	[8]
[18]	[8]
[18]	[8]
[18]	[8]
[18]	[8]
[18]	[8]
[18]	[8]
[18]	[8]
[18]	[8]
[18]	[8]
[18]	[8]
[18]	[8]
[18]	[8]
[13]	[1]
[13]	[1]
[13]	[1]
[13]	[1]
[13]	[1]
[13]	[1]
[13]	[1]
[13]	[1]
[13]	[1]
[13]	[1]
[13]	[1]
[13]	[1]
[13]	[1]
[13]	[1]
[13]	[1]
[13]	[1]
[13]	[1]
[13]	[1]
[13]	[1]
[13]	[1]
[13]	[1]
[13]	[1]
[13]	[1]
[13]	[1]
[13]	[10]
[13]	[10]
[13]	[10]
[13]	[10]
[13]	[10]
[13]	[10]
[13]	[15]
[13]	[15]
[13]	[15]
[13]	[15]
[13]	[13]
[13]	[13]
[13]	[13]
[13]	[13]
[13]	[6]
[13]	[6]
[13]	[6]
[13]	[6]
[13]	[19]
[13]	[19]
[13]	[19]
[13]	[19]
[13]	[1]
[13]	[1]
[13]	[1]
[13]	[1]
[13]	[10]
[13]	[10]
[13]	[10]
[13]	[10]
[13]	[15]
[13]	[15]
[13]	[15]
[13]	[15]
[13]	[8]
[13]	[8]
[13]	[8]
[13]	[8]
[-1]	[1]
[1]	[1]
[1]	[1]
[1]	[1]
[1]	[1]
[1]	[1]
[1]	[1]
[1]	[1]
[1]	[15]
[1]	[15]
[1]	[15]
[1]	[15]
[1]	[8]
[1]	[8]
[1]	[8]
[1]	[1]
[1]	[1]
[1]	[1]
[1]	[1]
[1]	[1]
[1]	[6]
[1]	[6]
[1]	[6]
[1]	[6]
[1]	[8]
[1]	[8]
[1]	[8]
[1]	[8]
[1]	[1]
[1]	[1]
[1]	[1]
[1]	[1]
[1]	[1]
[1]	[1]
[1]	[1]
[1]	[1]
[1]	[1]
[1]	[1]
[1]	[6]
[1]	[6]
[1]	[6]
[1]	[8]
[1]	[8]
[1]	[8]
[1]	[8]
[1]	[1]
[1]	[1]
[1]	[1]
[1]	[1]
[1]	[1]
[1]	[1]
[1]	[1]
[1]	[1]
[1]	[1]
[1]	[6]
[1]	[6]
[1]	[6]
[1]	[8]
[6]	[8]
[6]	[8]
[6]	[11]
[6]	[11]
[6]	[11]
[6]	[11]
[6]	[11]
[6]	[11]
[6]	[6]
[6]	[6]
[6]	[6]
[6]	[6]
[6]	[6]
[6]	[6]
[6]	[1]
[6]	[1]
[6]	[1]
[1]	[1]
[1]	[1]
[1]	[8]
[1]	[8]
[1]	[8]
[1]	[1]
[1]	[1]
[1]	[1]
[1]	[1]
[1]	[1]
[1]	[6]
[1]	[6]
[1]	[6]
[1]	[6]
[1]	[8]
[1]	[8]
[1]	[8]
[1]	[8]
[-1]	[8]
[1]	[1]
[1]	[1]
[1]	[1]
[1]	[1]
[1]	[1]
[1]	[1]
[1]	[22]
[1]	[22]
[1]	[22]
[1]	[22]
[1]	[1]
[1]	[1]
[1]	[1]
[1]	[1]
[1]	[15]
[1]	[15]
[1]	[15]
[1]	[15]
[1]	[8]
[1]	[8]
[1]	[8]
[1]	[8]
[1]	[15]
[1]	[15]
[1]	[15]
[1]	[15]
[1]	[8]
[1]	[8]
[1]	[8]
[1]	[1]
[1]	[1]
[1]	[1]
[1]	[1]
[1]	[1]
[1]	[1]
[1]	[22]
[1]	[22]
[1]	[22]
[1]	[22]
[1]	[1]
[1]	[1]
[1]	[1]
[1]	[1]
[1]	[22]
[1]	[22]
[1]	[22]
[1]	[1]
[1]	[1]
[1]	[1]
[1]	[1]
[1]	[1]
[1]	[1]
[1]	[1]
[1]	[1]
[1]	[1]
[1]	[1]
[1]	[1]
[1]	[1]
[1]	[1]
[1]	[1]
[1]	[1]
[1]	[1]
[1]	[1]
[1]	[1]
[1]	[1]
[1]	[1]
[1]	[8]
[1]	[8]
[1]	[6]
[1]	[6]
[1]	[6]
[1]	[6]
[1]	[1]
[1]	[1]
[1]	[1]
[1]	[15]
[1]	[15]
[1]	[15]
[1]	[15]
[1]	[8]
[1]	[8]
[1]	[8]
[1]	[8]
[1]	[15]
[1]	[15]
[1]	[15]
[1]	[15]
[1]	[8]
[1]	[8]
[1]	[8]
[1]	[1]
[1]	[1]
[1]	[1]
[1]	[8]
[1]	[8]
[1]	[8]
[1]	[6]
[1]	[6]
[1]	[6]
[1]	[6]
[1]	[1]
[1]	[1]
[1]	[1]
[1]	[22]
[1]	[22]
[1]	[22]
[1]	[1]
[1]	[1]
[1]	[1]
[1]	[1]
[1]	[1]
[1]	[1]
[1]	[1]
[1]	[1]
[1]	[1]
[1]	[1]
[1]	[1]
[1]	[1]
[1]	[1]
[1]	[1]
[1]	[1]
[1]	[1]
[1]	[1]
[1]	[1]
[1]	[6]
[1]	[6]
[1]	[1]
[1]	[1]
[8]	[1]
[8]	[15]
[8]	[15]
[8]	[15]
[8]	[1]
[8]	[1]
[8]	[1]
[8]	[15]
[8]	[15]
[8]	[15]
[8]	[15]
[8]	[8]
[8]	[8]
[8]	[8]
[8]	[8]
[8]	[15]
[8]	[15]
[8]	[15]
[8]	[15]
[8]	[8]
[8]	[8]
[8]	[8]
[8]	[8]
[8]	[6]
[8]	[6]
[8]	[1]
[8]	[1]
[8]	[1]
[8]	[1]
[8]	[15]
[8]	[15]
[1]	[15]
[1]	[1]
[1]	[1]
[1]	[1]
[1]	[22]
[1]	[22]
[1]	[22]
[1]	[1]
[1]	[1]
[1]	[1]
[1]	[1]
[1]	[1]
[1]	[1]
[1]	[1]
[1]	[1]
[1]	[1]
[1]	[1]
[1]	[1]
[1]	[1]
[1]	[1]
[1]	[1]
[1]	[1]
[-1]	[1]
[1]	[-1]
[1]	[1]
[1]	[1]
[1]	[1]
[1]	[1]
[1]	[1]
[1]	[1]
[1]	[1]
[1]	[1]
[1]	[1]
[1]	[1]
[1]	[1]
[1]	[1]
[1]	[1]
[1]	[1]
[1]	[8]
[1]	[8]
[1]	[8]
[1]	[8]
[1]	[6]
[1]	[6]
[1]	[6]
[1]	[6]
[1]	[1]
[1]	[1]
[1]	[1]
[1]	[1]
[1]	[6]
[1]	[6]
[1]	[6]
[1]	[1]
[1]	[1]
[1]	[1]
[1]	[8]
[1]	[8]
[1]	[8]
[1]	[8]
[1]	[8]
[1]	[8]
[1]	[8]
[1]	[8]
[1]	[8]
[1]	[1]
[1]	[1]
[1]	[1]
[1]	[1]
[1]	[1]
[1]	[1]
[1]	[1]
[6]	[1]
[6]	[1]
[6]	[1]
[6]	[6]
[6]	[6]
[6]	[6]
[8]	[15]
[8]	[15]
[8]	[15]
[8]	[15]
[8]	[8]
[8]	[8]
[8]	[8]
[8]	[8]
[8]	[8]
[8]	[8]
[8]	[6]
[8]	[6]
[8]	[6]
[8]	[8]
[8]	[8]
[8]	[8]
[-1]	[1]
[1]	[-1]
[1]	[-1]
[1]	[-1]
[1]	[1]
[1]	[1]
[1]	[1]
[1]	[1]
[1]	[1]
[1]	[8]
[1]	[8]
[1]	[8]
[1]	[8]
[1]	[1]
[1]	[1]
[1]	[1]
[1]	[1]
[1]	[1]
[1]	[1]
[1]	[8]
[1]	[8]
[1]	[8]
[1]	[1]
[1]	[1]
[1]	[1]
[1]	[1]
[1]	[8]
[1]	[8]
[1]	[8]
[1]	[8]
[1]	[1]
[1]	[1]
[1]	[1]
[1]	[1]
[1]	[1]
[1]	[8]
[1]	[8]
[1]	[8]
[1]	[8]
[1]	[1]
[1]	[1]
[1]	[1]
[1]	[1]
[1]	[1]
[1]	[1]
[1]	[1]
[1]	[1]
[1]	[1]
[1]	[1]
[1]	[1]
[1]	[8]
[1]	[8]
[1]	[8]
[1]	[1]
[1]	[1]
[1]	[1]
[1]	[1]
[1]	[8]
[1]	[8]
[1]	[8]
[1]	[8]
[1]	[8]
[1]	[8]
[1]	[1]
[1]	[1]
[1]	[1]
[1]	[1]
[6]	[1]
[6]	[1]
[6]	[1]
[6]	[1]
[6]	[6]
[6]	[6]
[6]	[6]
[6]	[6]
[6]	[6]
[6]	[6]
[6]	[15]
[6]	[15]
[6]	[15]
[6]	[15]
[1]	[15]
[1]	[15]
[1]	[15]
[1]	[15]
[1]	[8]
[1]	[8]
[1]	[8]
[1]	[8]
[1]	[8]
[1]	[8]
[1]	[1]
[1]	[1]
[1]	[1]
[6]	[1]
[6]	[6]
[6]	[6]
[6]	[6]
[6]	[6]
[6]	[1]
[6]	[1]
[6]	[1]
[6]	[1]
[6]	[6]
[6]	[6]
[6]	[6]
[1]	[6]
[1]	[1]
[1]	[1]
[1]	[1]
[1]	[1]
[1]	[8]
[1]	[8]
[1]	[8]
[1]	[8]
[1]	[1]
[1]	[1]
[1]	[1]
[1]	[1]
[1]	[1]
[1]	[8]
[1]	[8]
[1]	[8]
[-1]	[8]
[13]	[13]
[13]	[13]
[13]	[13]
[13]	[13]
[13]	[13]
[13]	[13]
[13]	[10]
[13]	[10]
[13]	[10]
[13]	[10]
[13]	[10]
[13]	[10]
[13]	[6]
[13]	[6]
[13]	[6]
[13]	[6]
[13]	[6]
[13]	[6]
[13]	[12]
[13]	[12]
[13]	[12]
[13]	[12]
[13]	[12]
[13]	[12]
[13]	[12]
[13]	[12]
[13]	[13]
[13]	[13]
[13]	[13]
[13]	[13]
[13]	[13]
[13]	[13]
[13]	[10]
[13]	[10]
[13]	[10]
[13]	[10]
[13]	[10]
[12]	[10]
[12]	[12]
[12]	[12]
[12]	[12]
[12]	[12]
[12]	[12]
[12]	[12]
[12]	[12]
[12]	[12]
[13]	[20]
[13]	[20]
[13]	[20]
[13]	[13]
[13]	[13]
[13]	[13]
[13]	[13]
[13]	[13]
[13]	[13]
[13]	[13]
[13]	[13]
[13]	[18]
[13]	[18]
[13]	[18]
[13]	[18]
[13]	[18]
[13]	[18]
[13]	[10]
[13]	[10]
[13]	[10]
[13]	[10]
[13]	[10]
[13]	[10]
[13]	[8]
[13]	[8]
[13]	[8]
[13]	[8]
[13]	[8]
[13]	[8]
[13]	[13]
[13]	[13]
[13]	[13]
[13]	[13]
[13]	[13]
[13]	[13]
[13]	[18]
[13]	[18]
[13]	[18]
[13]	[18]
[13]	[18]
[13]	[18]
[13]	[10]
[13]	[10]
[13]	[10]
[13]	[10]
[13]	[10]
[13]	[10]
[13]	[8]
[13]	[8]
[13]	[8]
[13]	[13]
[13]	[13]
[13]	[13]
[13]	[13]
[13]	[13]
[13]	[13]
[13]	[13]
[13]	[10]
[13]	[10]
[13]	[10]
[13]	[10]
[13]	[10]
[13]	[10]
[13]	[6]
[13]	[6]
[13]	[6]
[13]	[6]
[13]	[6]
[13]	[6]
[13]	[12]
[13]	[12]
[13]	[12]
[13]	[12]
[13]	[12]
[13]	[12]
[13]	[12]
[13]	[12]
[13]	[13]
[13]	[13]
[13]	[13]
[13]	[13]
[13]	[13]
[13]	[13]
[13]	[10]
[13]	[10]
[13]	[10]
[13]	[10]
[13]	[10]
[12]	[10]
[12]	[12]
[12]	[12]
[12]	[12]
[12]	[12]
[12]	[12]
[12]	[12]
[12]	[12]
[12]	[12]
[13]	[20]
[13]	[20]
[13]	[20]
[13]	[13]
[13]	[13]
[13]	[13]
[13]	[13]
[13]	[13]
[13]	[13]
[13]	[13]
[13]	[13]
[13]	[18]
[13]	[18]
[13]	[18]
[13]	[18]
[13]	[18]
[13]	[18]
[13]	[10]
[13]	[10]
[13]	[10]
[13]	[10]
[13]	[10]
[13]	[10]
[13]	[8]
[13]	[8]
[13]	[8]
[13]	[8]
[13]	[8]
[13]	[8]
[13]	[13]
[13]	[13]
[13]	[13]
[13]	[13]
[13]	[13]
[13]	[18]
[13]	[18]
[13]	[18]
[13]	[18]
[13]	[18]
[13]	[18]
[13]	[10]
[13]	[10]
[13]	[10]
[13]	[10]
[13]	[10]
[13]	[10]
[13]	[8]
[13]	[8]
[13]	[8]
[13]	[8]
[13]	[8]
[13]	[13]
[13]	[13]
[13]	[13]
[13]	[13]
[13]	[13]
[13]	[13]
[13]	[18]
[13]	[18]
[13]	[18]
[13]	[18]
[13]	[18]
[13]	[18]
[13]	[10]
[13]	[10]
[13]	[10]
[13]	[10]
[13]	[10]
[13]	[10]
[13]	[8]
[13]	[8]
[13]	[8]
[13]	[8]
[13]	[8]
[13]	[8]
[13]	[13]
[13]	[13]
[13]	[13]
[13]	[13]
[13]	[13]
[13]	[13]
[13]	[10]
[13]	[10]
[13]	[10]
[13]	[10]
[13]	[10]
[13]	[10]
[13]	[12]
[13]	[12]
[13]	[12]
[13]	[12]
[13]	[12]
[13]	[12]
[13]	[20]
[13]	[20]
[13]	[20]
[-1]	[13]
[1]	[1]
[1]	[1]
[1]	[1]
[1]	[1]
[1]	[1]
[1]	[1]
[1]	[1]
[1]	[1]
[1]	[1]
[1]	[1]
[1]	[1]
[1]	[6]
[1]	[6]
[1]	[6]
[1]	[6]
[1]	[6]
[1]	[6]
[1]	[1]
[1]	[1]
[1]	[1]
[1]	[1]
[1]	[1]
[1]	[1]
[1]	[1]
[1]	[1]
[1]	[1]
[1]	[1]
[1]	[1]
[1]	[1]
[1]	[1]
[1]	[1]
[1]	[1]
[1]	[6]
[1]	[6]
[1]	[6]
[1]	[6]
[1]	[6]
[1]	[6]
[1]	[1]
[1]	[1]
[1]	[1]
[6]	[1]
[6]	[6]
[6]	[6]
[6]	[6]
[6]	[6]
[6]	[6]
[6]	[6]
[6]	[6]
[1]	[6]
[1]	[6]
[1]	[6]
[1]	[1]
[1]	[1]
[1]	[1]
[1]	[1]
[1]	[1]
[1]	[1]
[1]	[1]
[6]	[1]
[6]	[6]
[6]	[6]
[6]	[6]
[6]	[6]
[6]	[1]
[6]	[1]
[1]	[1]
[1]	[1]
[1]	[1]
[1]	[1]
[1]	[1]
[1]	[6]
[1]	[6]
[1]	[6]
[1]	[6]
[1]	[6]
[1]	[6]
[1]	[1]
[1]	[1]
[1]	[1]
[1]	[15]
[1]	[15]
[1]	[15]
[1]	[1]
[1]	[1]
[1]	[15]
[1]	[15]
[-1]	[15]
[13]	[13]
[13]	[13]
[13]	[13]
[13]	[13]
[13]	[13]
[13]	[13]
[13]	[13]
[13]	[13]
[13]	[13]
[13]	[13]
[13]	[13]
[13]	[13]
[13]	[13]
[13]	[13]
[13]	[13]
[13]	[13]
[13]	[13]
[13]	[13]
[13]	[13]
[13]	[13]
[12]	[13]
[12]	[12]
[12]	[12]
[12]	[12]
[12]	[12]
[12]	[12]
[12]	[12]
[12]	[12]
[12]	[13]
[13]	[13]
[13]	[13]
[13]	[13]
[13]	[13]
[13]	[13]
[13]	[13]
[13]	[13]
[13]	[13]
[13]	[13]
[13]	[13]
[13]	[13]
[13]	[13]
[13]	[13]
[13]	[5]
[13]	[5]
[13]	[5]
[13]	[5]
[12]	[5]
[12]	[5]
[12]	[5]
[12]	[5]
[12]	[12]
[12]	[12]
[12]	[12]
[12]	[12]
[12]	[12]
[12]	[12]
[12]	[12]
[12]	[12]
[12]	[12]
[12]	[12]
[12]	[12]
[12]	[12]
[12]	[6]
[12]	[6]
[12]	[6]
[12]	[6]
[12]	[12]
[12]	[12]
[12]	[12]
[12]	[12]
[12]	[12]
[12]	[20]
[12]	[20]
[12]	[20]
[12]	[12]
[12]	[12]
[12]	[12]
[12]	[12]
[12]	[12]
[12]	[6]
[12]	[6]
[12]	[6]
[12]	[6]
[12]	[6]
[12]	[6]
[12]	[6]
[12]	[6]
[12]	[12]
[12]	[12]
[12]	[12]
[12]	[12]
[12]	[12]
[12]	[12]
[12]	[12]
[12]	[12]
[12]	[5]
[12]	[5]
[12]	[5]
[12]	[5]
[12]	[12]
[12]	[12]
[12]	[12]
[12]	[12]
[12]	[6]
[12]	[6]
[12]	[6]
[12]	[12]
[12]	[12]
[12]	[12]
[12]	[12]
[12]	[12]
[12]	[5]
[12]	[5]
[12]	[5]
[12]	[5]
[12]	[6]
[12]	[6]
[12]	[6]
[12]	[6]
[12]	[12]
[12]	[12]
[12]	[12]
[12]	[12]
[12]	[12]
[12]	[12]
[12]	[12]
[12]	[12]
[12]	[12]
[12]	[12]
[12]	[12]
[12]	[12]
[12]	[12]
[12]	[12]
[12]	[12]
[12]	[6]
[12]	[6]
[12]	[6]
[12]	[12]
[12]	[12]
[12]	[12]
[12]	[12]
[12]	[5]
[12]	[5]
[12]	[5]
[12]	[5]
[12]	[6]
[12]	[6]
[12]	[6]
[12]	[6]
[12]	[12]
[12]	[12]
[12]	[12]
[12]	[12]
[12]	[12]
[12]	[12]
[12]	[12]
[12]	[12]
[12]	[12]
[12]	[12]
[12]	[12]
[12]	[12]
[12]	[12]
[12]	[12]
[12]	[12]
[12]	[6]
[12]	[6]
[12]	[6]
[12]	[5]
[12]	[5]
[12]	[5]
[12]	[5]
[12]	[5]
[12]	[5]
[12]	[5]
[12]	[5]
[12]	[6]
[12]	[6]
[12]	[6]
[12]	[6]
[12]	[12]
[-1]	[12]
[1]	[-1]
[1]	[-1]
[1]	[1]
[1]	[1]
[1]	[1]
[1]	[1]
[1]	[1]
[1]	[1]
[1]	[1]
[1]	[1]
[1]	[1]
[1]	[1]
[1]	[1]
[1]	[1]
[1]	[15]
[1]	[15]
[1]	[15]
[1]	[15]
[1]	[15]
[1]	[15]
[1]	[15]
[1]	[15]
[1]	[8]
[1]	[8]
[1]	[8]
[1]	[1]
[1]	[1]
[1]	[1]
[1]	[6]
[1]	[6]
[1]	[6]
[1]	[1]
[1]	[1]
[1]	[1]
[1]	[1]
[1]	[1]
[1]	[1]
[1]	[1]
[1]	[1]
[1]	[1]
[1]	[1]
[1]	[1]
[1]	[1]
[1]	[8]
[1]	[8]
[1]	[8]
[1]	[8]
[1]	[1]
[1]	[1]
[1]	[1]
[1]	[1]
[1]	[1]
[1]	[1]
[1]	[1]
[1]	[1]
[1]	[8]
[1]	[8]
[1]	[8]
[1]	[22]
[1]	[22]
[1]	[22]
[1]	[22]
[1]	[22]
[1]	[22]
[1]	[22]
[1]	[15]
[1]	[15]
[1]	[15]
[1]	[15]
[1]	[15]
[1]	[15]
[1]	[8]
[1]	[8]
[1]	[8]
[1]	[8]
[1]	[8]
[1]	[1]
[1]	[1]
[1]	[1]
[1]	[8]
[1]	[8]
[1]	[8]
[1]	[22]
[1]	[22]
[1]	[22]
[1]	[22]
[1]	[22]
[1]	[22]
[1]	[22]
[1]	[15]
[1]	[15]
[1]	[15]
[1]	[15]
[1]	[8]
[1]	[8]
[1]	[8]
[1]	[8]
[1]	[1]
[1]	[1]
[1]	[1]
[1]	[8]
[1]	[8]
[1]	[8]
[1]	[8]
[1]	[8]
[1]	[1]
[1]	[1]
[1]	[1]
[1]	[6]
[1]	[6]
[1]	[6]
[1]	[1]
[1]	[1]
[1]	[1]
[1]	[1]
[1]	[1]
[1]	[1]
[1]	[1]
[1]	[1]
[1]	[1]
[1]	[1]
[1]	[1]
[1]	[1]
[1]	[8]
[1]	[8]
[1]	[8]
[1]	[8]
[1]	[1]
[1]	[1]
[-1]	[1]
[1]	[-1]
[1]	[-1]
[1]	[-1]
[1]	[1]
[1]	[8]
[1]	[8]
[1]	[1]
[1]	[1]
[1]	[1]
[1]	[1]
[1]	[1]
[1]	[22]
[1]	[1]
[1]	[1]
[1]	[1]
[1]	[1]
[1]	[22]
[8]	[22]
[8]	[8]
[8]	[8]
[8]	[8]
[8]	[8]
[8]	[8]
[8]	[8]
[8]	[22]
[8]	[8]
[8]	[8]
[8]	[8]
[8]	[8]
[8]	[8]
[8]	[8]
[8]	[8]
[1]	[8]
[1]	[8]
[1]	[8]
[1]	[8]
[1]	[1]
[1]	[1]
[1]	[1]
[1]	[1]
[1]	[1]
[1]	[1]
[1]	[8]
[1]	[8]
[1]	[1]
[1]	[1]
[1]	[1]
[1]	[1]
[1]	[1]
[1]	[22]
[1]	[1]
[1]	[1]
[1]	[1]
[1]	[1]
[1]	[15]
[1]	[15]
[1]	[6]
[1]	[6]
[1]	[6]
[1]	[6]
[1]	[15]
[1]	[15]
[1]	[15]
[1]	[15]
[1]	[15]
[1]	[6]
[1]	[6]
[1]	[6]
[1]	[6]
[1]	[1]
[1]	[1]
[1]	[1]
[1]	[1]
[8]	[17]
[8]	[17]
[8]	[17]
[8]	[6]
[8]	[6]
[8]	[6]
[8]	[6]
[8]	[8]
[8]	[8]
[1]	[8]
[1]	[1]
[1]	[1]
[1]	[1]
[1]	[1]
[1]	[1]
[1]	[1]
[1]	[1]
[1]	[8]
[1]	[1]
[1]	[1]
[1]	[1]
[1]	[1]
[1]	[1]
[1]	[22]
[1]	[1]
[1]	[1]
[1]	[1]
[1]	[1]
[8]	[22]
[8]	[22]
[8]	[22]
[8]	[8]
[8]	[8]
[8]	[8]
[8]	[22]
[8]	[8]
[8]	[8]
[8]	[8]
[8]	[8]
[8]	[8]
[8]	[8]
[8]	[8]
[1]	[8]
[1]	[8]
[1]	[8]
[1]	[8]
[1]	[1]
[1]	[1]
[1]	[1]
[1]	[1]
[1]	[1]
[1]	[1]
[1]	[1]
[1]	[8]
[1]	[1]
[1]	[1]
[1]	[1]
[1]	[1]
[1]	[1]
[1]	[22]
[1]	[1]
[1]	[1]
[1]	[1]
[1]	[1]
[6]	[15]
[6]	[15]
[6]	[15]
[6]	[6]
[6]	[6]
[6]	[6]
[6]	[6]
[6]	[6]
[6]	[15]
[6]	[15]
[6]	[15]
[6]	[15]
[1]	[15]
[1]	[6]
[1]	[6]
[1]	[6]
[1]	[6]
[1]	[1]
[1]	[1]
[1]	[1]
[1]	[1]
[8]	[17]
[8]	[17]
[8]	[17]
[8]	[6]
[8]	[6]
[8]	[6]
[8]	[6]
[8]	[8]
[8]	[8]
[1]	[8]
[1]	[1]
[1]	[1]
[1]	[1]
[-1]	[1]
[-1]	[8]
[1]	[8]
[1]	[1]
[1]	[1]
[1]	[1]
[1]	[1]
[1]	[1]
[1]	[1]
[1]	[1]
[1]	[6]
[1]	[6]
[1]	[6]
[1]	[6]
[1]	[6]
[1]	[8]
[1]	[8]
[1]	[1]
[1]	[1]
[1]	[1]
[1]	[22]
[1]	[22]
[1]	[22]
[1]	[22]
[1]	[15]
[1]	[15]
[1]	[15]
[1]	[15]
[1]	[15]
[1]	[8]
[1]	[8]
[1]	[1]
[1]	[1]
[1]	[1]
[1]	[1]
[1]	[1]
[1]	[1]
[1]	[1]
[1]	[6]
[1]	[6]
[1]	[6]
[1]	[6]
[1]	[6]
[1]	[8]
[1]	[8]
[1]	[1]
[1]	[1]
[1]	[8]
[1]	[8]
[1]	[22]
[1]	[22]
[1]	[22]
[1]	[22]
[1]	[15]
[1]	[15]
[1]	[15]
[1]	[15]
[1]	[8]
[1]	[8]
[1]	[8]
[1]	[8]
[1]	[1]
[1]	[1]
[1]	[1]
[1]	[22]
[1]	[22]
[1]	[22]
[1]	[22]
[1]	[6]
[1]	[6]
[1]	[1]
[1]	[1]
[1]	[15]
[1]	[15]
[1]	[8]
[1]	[8]
[1]	[1]
[1]	[1]
[1]	[1]
[1]	[22]
[1]	[22]
[1]	[22]
[1]	[22]
[1]	[22]
[1]	[6]
[1]	[6]
[1]	[6]
[1]	[6]
[1]	[15]
[1]	[15]
[1]	[8]
[1]	[8]
[1]	[1]
[1]	[1]
[1]	[1]
[1]	[22]
[1]	[22]
[1]	[22]
[1]	[22]
[1]	[6]
[1]	[6]
[1]	[6]
[1]	[6]
[1]	[8]
[1]	[8]
[1]	[8]
[1]	[1]
[1]	[1]
[1]	[1]
[1]	[1]
[1]	[22]
[1]	[22]
[1]	[22]
[1]	[22]
[1]	[15]
[1]	[15]
[1]	[15]
[1]	[15]
[-1]	[8]
[1]	[1]
[1]	[1]
[1]	[1]
[1]	[1]
[1]	[1]
[1]	[1]
[1]	[1]
[1]	[1]
[1]	[1]
[1]	[1]
[1]	[1]
[1]	[1]
[1]	[1]
[1]	[1]
[1]	[1]
[1]	[1]
[6]	[15]
[6]	[15]
[6]	[15]
[6]	[8]
[6]	[8]
[6]	[8]
[6]	[8]
[6]	[8]
[6]	[8]
[6]	[8]
[6]	[8]
[6]	[8]
[6]	[8]
[6]	[8]
[6]	[8]
[6]	[8]
[6]	[8]
[6]	[8]
[6]	[8]
[6]	[1]
[6]	[1]
[1]	[8]
[1]	[8]
[1]	[1]
[1]	[1]
[1]	[1]
[1]	[1]
[1]	[1]
[1]	[1]
[1]	[1]
[1]	[1]
[1]	[1]
[1]	[1]
[1]	[1]
[1]	[1]
[1]	[1]
[1]	[1]
[1]	[1]
[1]	[1]
[6]	[15]
[6]	[15]
[6]	[15]
[6]	[8]
[6]	[8]
[6]	[8]
[6]	[8]
[8]	[8]
[8]	[8]
[8]	[8]
[8]	[8]
[8]	[8]
[8]	[8]
[8]	[8]
[8]	[8]
[8]	[8]
[8]	[8]
[8]	[8]
[8]	[8]
[8]	[1]
[8]	[1]
[8]	[1]
[8]	[1]
[8]	[1]
[8]	[1]
[8]	[1]
[8]	[1]
[8]	[1]
[8]	[1]
[8]	[1]
[8]	[1]
[8]	[1]
[8]	[1]
[8]	[1]
[8]	[1]
[8]	[1]
[8]	[1]
[8]	[15]
[8]	[15]
[8]	[15]
[8]	[8]
[8]	[8]
[8]	[8]
[8]	[8]
[8]	[8]
[8]	[8]
[8]	[8]
[8]	[8]
[8]	[8]
[8]	[8]
[8]	[8]
[8]	[8]
[8]	[8]
[8]	[8]
[8]	[1]
[8]	[1]
[8]	[1]
[8]	[1]
[8]	[1]
[8]	[1]
[8]	[1]
[8]	[1]
[8]	[1]
[8]	[1]
[8]	[1]
[8]	[1]
[8]	[1]
[8]	[1]
[8]	[1]
[8]	[1]
[8]	[1]
[8]	[1]
[8]	[1]
[8]	[15]
[8]	[15]
[8]	[15]
[8]	[8]
[8]	[8]
[8]	[8]
[8]	[8]
[8]	[8]
[8]	[8]
[8]	[8]
[8]	[8]
[8]	[8]
[8]	[8]
[8]	[8]
[8]	[8]
[1]	[8]
[1]	[8]
[1]	[8]
[1]	[8]
[-1]	[1]
[1]	[-1]
[1]	[-1]
[1]	[-1]
[1]	[1]
[1]	[1]
[1]	[1]
[1]	[1]
[1]	[6]
[1]	[6]
[1]	[6]
[1]	[6]
[1]	[1]
[1]	[1]
[1]	[6]
[1]	[6]
[1]	[8]
[1]	[8]
[1]	[8]
[1]	[8]
[1]	[8]
[1]	[8]
[1]	[8]
[1]	[8]
[1]	[8]
[1]	[8]
[1]	[8]
[1]	[8]
[1]	[3]
[1]	[3]
[1]	[3]
[1]	[3]
[1]	[8]
[1]	[8]
[1]	[8]
[1]	[8]
[1]	[1]
[1]	[1]
[1]	[1]
[1]	[1]
[1]	[6]
[1]	[6]
[1]	[6]
[1]	[6]
[1]	[1]
[1]	[1]
[1]	[6]
[1]	[6]
[1]	[8]
[1]	[8]
[1]	[8]
[1]	[8]
[1]	[8]
[1]	[8]
[1]	[8]
[1]	[8]
[1]	[8]
[1]	[8]
[1]	[8]
[1]	[8]
[1]	[1]
[1]	[1]
[1]	[8]
[1]	[8]
[1]	[1]
[1]	[1]
[1]	[1]
[1]	[1]
[1]	[1]
[1]	[1]
[1]	[1]
[1]	[8]
[1]	[8]
[1]	[8]
[1]	[8]
[1]	[8]
[1]	[8]
[1]	[8]
[1]	[8]
[1]	[8]
[1]	[8]
[1]	[8]
[1]	[8]
[1]	[8]
[1]	[8]
[1]	[8]
[1]	[1]
[1]	[1]
[1]	[1]
[1]	[1]
[1]	[3]
[1]	[3]
[1]	[3]
[1]	[3]
[1]	[8]
[1]	[8]
[1]	[8]
[1]	[1]
[1]	[1]
[1]	[1]
[1]	[1]
[1]	[8]
[1]	[8]
[1]	[8]
[1]	[8]
[1]	[8]
[1]	[8]
[1]	[8]
[1]	[8]
[1]	[8]
[1]	[8]
[1]	[8]
[1]	[8]
[1]	[8]
[1]	[8]
[1]	[8]
[1]	[1]
[1]	[1]
[1]	[1]
[1]	[1]
[1]	[1]
[1]	[1]
[1]	[8]
[1]	[8]
[1]	[1]
[1]	[1]
[1]	[1]
[1]	[1]
[1]	[1]
[1]	[1]
[1]	[1]
[1]	[8]
[1]	[8]
[1]	[8]
[1]	[8]
[1]	[8]
[1]	[8]
[1]	[8]
[1]	[8]
[1]	[8]
[1]	[8]
[1]	[8]
[1]	[8]
[1]	[8]
[1]	[8]
[1]	[8]
[1]	[1]
[1]	[1]
[1]	[1]
[1]	[1]
[1]	[3]
[1]	[3]
[1]	[3]
[1]	[3]
[1]	[8]
[1]	[8]
[1]	[8]
[1]	[8]
[1]	[1]
[1]	[1]
[1]	[1]
[1]	[1]
[1]	[6]
[1]	[6]
[1]	[6]
[1]	[6]
[1]	[1]
[1]	[1]
[1]	[6]
[1]	[6]
[1]	[8]
[1]	[8]
[1]	[8]
[1]	[8]
[1]	[8]
[1]	[8]
[1]	[8]
[1]	[8]
[1]	[8]
[1]	[8]
[1]	[8]
[1]	[8]
[1]	[1]
[1]	[1]
[1]	[8]
[1]	[8]
[-1]	[1]
[13]	[1]
[13]	[1]
[13]	[1]
[12]	[1]
[12]	[1]
[12]	[1]
[12]	[12]
[12]	[12]
[12]	[12]
[12]	[12]
[12]	[12]
[12]	[12]
[12]	[1]
[12]	[1]
[12]	[1]
[12]	[1]
[12]	[1]
[12]	[1]
[12]	[12]
[12]	[12]
[12]	[12]
[12]	[12]
[12]	[12]
[12]	[12]
[12]	[1]
[12]	[1]
[12]	[1]
[12]	[1]
[12]	[1]
[12]	[1]
[12]	[12]
[12]	[12]
[12]	[12]
[12]	[12]
[12]	[12]
[12]	[12]
[12]	[12]
[12]	[12]
[12]	[12]
[12]	[12]
[12]	[12]
[13]	[12]
[13]	[1]
[13]	[1]
[13]	[1]
[13]	[1]
[13]	[1]
[13]	[12]
[13]	[12]
[13]	[12]
[13]	[1]
[13]	[1]
[13]	[1]
[13]	[12]
[13]	[12]
[13]	[1]
[13]	[1]
[13]	[1]
[13]	[12]
[12]	[12]
[12]	[12]
[12]	[12]
[12]	[12]
[12]	[12]
[12]	[12]
[13]	[12]
[13]	[12]
[13]	[1]
[13]	[1]
[13]	[1]
[13]	[12]
[13]	[12]
[13]	[12]
[13]	[1]
[13]	[1]
[13]	[1]
[13]	[12]
[13]	[12]
[13]	[12]
[13]	[12]
[13]	[12]
[13]	[12]
[13]	[12]
[13]	[12]
[13]	[1]
[13]	[1]
[13]	[1]
[13]	[1]
[12]	[12]
[12]	[12]
[12]	[12]
[12]	[12]
[12]	[12]
[12]	[12]
[12]	[1]
[12]	[1]
[12]	[1]
[12]	[1]
[12]	[1]
[12]	[12]
[12]	[12]
[12]	[12]
[12]	[12]
[12]	[12]
[12]	[12]
[12]	[12]
[12]	[12]
[12]	[12]
[12]	[1]
[12]	[1]
[12]	[12]
[12]	[12]
[12]	[12]
[12]	[12]
[12]	[12]
[12]	[12]
[12]	[1]
[12]	[1]
[12]	[1]
[12]	[12]
[12]	[12]
[12]	[12]
[12]	[12]
[12]	[12]
[13]	[12]
[13]	[1]
[13]	[1]
[13]	[1]
[13]	[1]
[13]	[1]
[13]	[12]
[13]	[12]
[13]	[12]
[13]	[1]
[13]	[1]
[13]	[1]
[13]	[12]
[13]	[12]
[13]	[1]
[13]	[1]
[13]	[1]
[13]	[12]
[12]	[12]
[12]	[12]
[12]	[12]
[12]	[12]
[12]	[12]
[12]	[12]
[13]	[12]
[13]	[12]
[13]	[1]
[13]	[1]
[13]	[1]
[13]	[12]
[13]	[12]
[13]	[12]
[13]	[1]
[13]	[1]
[13]	[1]
[13]	[12]
[13]	[12]
[13]	[12]
[13]	[12]
[13]	[12]
[13]	[12]
[13]	[12]
[13]	[12]
[-1]	[1]
[1]	[-1]
[1]	[1]
[1]	[1]
[1]	[8]
[1]	[8]
[1]	[8]
[1]	[1]
[1]	[1]
[1]	[1]
[1]	[1]
[1]	[1]
[1]	[1]
[1]	[8]
[1]	[8]
[1]	[8]
[1]	[1]
[1]	[1]
[1]	[1]
[1]	[6]
[1]	[6]
[1]	[8]
[1]	[8]
[1]	[1]
[1]	[1]
[1]	[1]
[1]	[1]
[1]	[15]
[1]	[15]
[1]	[15]
[1]	[3]
[1]	[3]
[1]	[3]
[1]	[8]
[1]	[8]
[1]	[1]
[1]	[1]
[1]	[8]
[1]	[8]
[1]	[8]
[1]	[1]
[1]	[1]
[1]	[1]
[1]	[1]
[1]	[1]
[1]	[1]
[1]	[8]
[1]	[8]
[1]	[8]
[1]	[1]
[1]	[1]
[8]	[22]
[8]	[6]
[8]	[6]
[8]	[8]
[8]	[8]
[8]	[1]
[8]	[1]
[8]	[5]
[8]	[5]
[8]	[6]
[8]	[6]
[8]	[6]
[8]	[8]
[8]	[8]
[8]	[8]
[8]	[8]
[8]	[8]
[8]	[8]
[8]	[8]
[8]	[8]
[8]	[8]
[8]	[3]
[8]	[3]
[8]	[8]
[8]	[8]
[8]	[8]
[8]	[3]
[8]	[3]
[8]	[8]
[8]	[8]
[8]	[3]
[8]	[3]
[8]	[3]
[8]	[3]
[8]	[3]
[8]	[3]
[8]	[3]
[8]	[3]
[8]	[3]
[8]	[3]
[8]	[3]
[8]	[3]
[8]	[3]
[8]	[3]
[8]	[3]
[8]	[3]
[8]	[3]
[8]	[3]
[8]	[3]
[8]	[3]
[8]	[8]
[8]	[8]
[8]	[8]
[8]	[8]
[8]	[8]
[8]	[8]
[8]	[8]
[8]	[8]
[8]	[8]
[8]	[8]
[8]	[8]
[8]	[8]
[8]	[8]
[1]	[8]
[1]	[8]
[1]	[8]
[1]	[8]
[1]	[1]
[1]	[1]
[1]	[1]
[1]	[1]
[1]	[1]
[1]	[1]
[1]	[1]
[8]	[1]
[8]	[8]
[8]	[8]
[8]	[8]
[8]	[8]
[8]	[3]
[8]	[3]
[1]	[3]
[1]	[3]
[1]	[3]
[1]	[3]
[1]	[3]
[1]	[3]
[1]	[3]
[1]	[1]
[1]	[1]
[1]	[8]
[1]	[8]
[1]	[8]
[1]	[1]
[1]	[1]
[1]	[1]
[1]	[1]
[1]	[1]
[1]	[1]
[1]	[8]
[1]	[8]
[1]	[8]
[1]	[1]
[1]	[1]
[1]	[22]
[1]	[6]
[1]	[6]
[1]	[8]
[1]	[8]
[1]	[1]
[1]	[1]
[1]	[5]
[1]	[5]
[1]	[6]
[1]	[6]
[1]	[6]
[1]	[8]
[1]	[8]
[1]	[8]
[1]	[8]
[1]	[8]
[1]	[8]
[1]	[8]
[1]	[6]
[1]	[6]
[1]	[6]
[1]	[6]
[1]	[6]
[1]	[6]
[1]	[6]
[1]	[6]
[1]	[6]
[1]	[6]
[1]	[6]
[1]	[6]
[1]	[6]
[1]	[6]
[1]	[6]
[1]	[6]
[1]	[6]
[1]	[6]
[1]	[6]
[8]	[6]
[8]	[6]
[8]	[20]
[8]	[3]
[8]	[20]
[8]	[20]
[8]	[20]
[8]	[20]
[8]	[20]
[8]	[20]
[8]	[3]
[8]	[3]
[8]	[3]
[8]	[20]
[8]	[20]
[8]	[1]
[8]	[1]
[8]	[1]
[8]	[1]
[8]	[8]
[1]	[8]
[1]	[8]
[1]	[8]
[1]	[1]
[1]	[1]
[1]	[8]
[1]	[8]
[1]	[8]
[1]	[1]
[1]	[1]
[1]	[1]
