Accuracy: 0.470322386260922

n_chords: 1
n_melody: 0
t_prior: 4000.0
e_prior: 50.0
dataset: All
keys: lydian
filter_train_set: True
filter_val_set: True

~ First 3000 predicted states ~
Predicted	True
[-1]	[-1]
[1]	[1]
[1]	[1]
[1]	[1]
[1]	[1]
[1]	[1]
[1]	[1]
[1]	[1]
[1]	[1]
[1]	[1]
[1]	[1]
[1]	[1]
[1]	[1]
[1]	[1]
[1]	[1]
[1]	[1]
[1]	[1]
[1]	[1]
[1]	[1]
[1]	[1]
[1]	[1]
[1]	[1]
[1]	[1]
[12]	[1]
[12]	[1]
[12]	[12]
[1]	[12]
[1]	[1]
[1]	[1]
[1]	[1]
[1]	[1]
[1]	[1]
[1]	[1]
[1]	[1]
[1]	[1]
[1]	[1]
[1]	[1]
[1]	[1]
[1]	[1]
[1]	[1]
[1]	[1]
[1]	[1]
[1]	[12]
[1]	[12]
[1]	[1]
[1]	[1]
[1]	[1]
[1]	[1]
[1]	[1]
[1]	[1]
[1]	[1]
[1]	[1]
[1]	[1]
[12]	[1]
[12]	[12]
[1]	[12]
[1]	[1]
[1]	[1]
[1]	[1]
[1]	[1]
[-1]	[1]
[1]	[-1]
[1]	[1]
[1]	[1]
[12]	[1]
[12]	[12]
[12]	[12]
[12]	[12]
[1]	[12]
[1]	[1]
[1]	[1]
[1]	[1]
[1]	[1]
[1]	[1]
[1]	[6]
[1]	[6]
[1]	[1]
[1]	[1]
[12]	[1]
[12]	[12]
[12]	[12]
[12]	[12]
[1]	[12]
[1]	[1]
[1]	[1]
[1]	[1]
[1]	[8]
[1]	[8]
[1]	[1]
[1]	[1]
[1]	[1]
[1]	[1]
[1]	[1]
[1]	[1]
[12]	[1]
[12]	[12]
[12]	[12]
[12]	[12]
[1]	[12]
[1]	[1]
[1]	[1]
[1]	[1]
[1]	[1]
[1]	[1]
[1]	[1]
[1]	[1]
[1]	[1]
[1]	[1]
[1]	[1]
[1]	[1]
[12]	[1]
[12]	[12]
[12]	[12]
[12]	[12]
[1]	[12]
[1]	[1]
[1]	[1]
[1]	[1]
[1]	[8]
[1]	[8]
[-1]	[1]
[1]	[-1]
[1]	[-1]
[1]	[1]
[1]	[1]
[1]	[1]
[1]	[1]
[1]	[1]
[1]	[1]
[1]	[1]
[1]	[1]
[1]	[1]
[1]	[1]
[1]	[12]
[1]	[12]
[1]	[12]
[1]	[1]
[1]	[1]
[1]	[1]
[1]	[1]
[1]	[20]
[1]	[20]
[1]	[20]
[1]	[1]
[1]	[1]
[1]	[1]
[1]	[1]
[1]	[1]
[1]	[1]
[1]	[1]
[1]	[1]
[1]	[6]
[1]	[20]
[1]	[12]
[1]	[12]
[1]	[12]
[1]	[1]
[1]	[1]
[1]	[1]
[1]	[20]
[1]	[20]
[1]	[20]
[1]	[1]
[1]	[1]
[1]	[1]
[1]	[1]
[1]	[1]
[1]	[1]
[1]	[1]
[1]	[1]
[1]	[1]
[1]	[1]
[1]	[1]
[1]	[6]
[1]	[6]
[1]	[6]
[1]	[6]
[1]	[6]
[1]	[6]
[1]	[20]
[1]	[20]
[1]	[20]
[1]	[20]
[1]	[20]
[1]	[20]
[1]	[1]
[1]	[1]
[1]	[1]
[1]	[1]
[1]	[1]
[1]	[1]
[1]	[1]
[1]	[1]
[1]	[20]
[1]	[20]
[1]	[20]
[1]	[1]
[1]	[1]
[1]	[1]
[1]	[12]
[1]	[12]
[1]	[12]
[1]	[1]
[1]	[1]
[1]	[1]
[1]	[12]
[1]	[12]
[1]	[12]
[1]	[1]
[1]	[1]
[1]	[1]
[1]	[1]
[1]	[1]
[1]	[15]
[1]	[15]
[1]	[15]
[1]	[15]
[1]	[15]
[1]	[1]
[1]	[1]
[1]	[1]
[1]	[1]
[1]	[1]
[1]	[1]
[1]	[15]
[1]	[15]
[1]	[15]
[1]	[15]
[1]	[15]
[1]	[15]
[1]	[15]
[1]	[1]
[1]	[1]
[1]	[1]
[1]	[15]
[1]	[15]
[1]	[15]
[1]	[15]
[1]	[15]
[1]	[1]
[1]	[1]
[1]	[1]
[1]	[1]
[1]	[1]
[1]	[1]
[1]	[6]
[1]	[6]
[1]	[1]
[1]	[1]
[1]	[1]
[1]	[1]
[1]	[1]
[1]	[1]
[1]	[15]
[1]	[15]
[1]	[15]
[1]	[15]
[1]	[15]
[1]	[15]
[1]	[15]
[1]	[1]
[1]	[1]
[1]	[1]
[1]	[1]
[1]	[1]
[1]	[15]
[1]	[15]
[1]	[15]
[1]	[15]
[1]	[15]
[1]	[15]
[1]	[1]
[1]	[1]
[1]	[1]
[1]	[1]
[1]	[1]
[1]	[15]
[1]	[15]
[1]	[15]
[1]	[15]
[1]	[15]
[1]	[15]
[1]	[15]
[1]	[15]
[1]	[1]
[1]	[1]
[1]	[1]
[1]	[6]
[1]	[6]
[1]	[1]
[1]	[1]
[1]	[1]
[1]	[1]
[1]	[1]
[1]	[1]
[1]	[15]
[1]	[15]
[1]	[15]
[1]	[15]
[1]	[15]
[1]	[15]
[1]	[15]
[1]	[12]
[1]	[12]
[1]	[15]
[1]	[15]
[1]	[15]
[1]	[15]
[1]	[15]
[1]	[15]
[1]	[6]
[1]	[6]
[1]	[6]
[1]	[6]
[1]	[6]
[1]	[6]
[1]	[1]
[1]	[1]
[1]	[1]
[1]	[15]
[1]	[15]
[1]	[15]
[1]	[15]
[1]	[15]
[1]	[15]
[1]	[20]
[1]	[20]
[1]	[20]
[1]	[15]
[1]	[15]
[1]	[15]
[1]	[15]
[1]	[15]
[1]	[15]
[1]	[6]
[1]	[6]
[1]	[6]
[1]	[15]
[1]	[15]
[1]	[15]
[1]	[6]
[1]	[6]
[1]	[6]
[1]	[15]
[1]	[15]
[1]	[15]
[1]	[6]
[1]	[6]
[1]	[6]
[1]	[6]
[1]	[6]
[1]	[6]
[1]	[15]
[1]	[15]
[1]	[15]
[1]	[1]
[1]	[1]
[1]	[1]
[1]	[15]
[1]	[15]
[1]	[15]
[1]	[15]
[1]	[15]
[1]	[22]
[1]	[22]
[1]	[22]
[1]	[20]
[1]	[20]
[1]	[20]
[1]	[15]
[1]	[15]
[1]	[15]
[1]	[6]
[1]	[6]
[1]	[6]
[1]	[6]
[1]	[6]
[1]	[6]
[1]	[1]
[1]	[1]
[1]	[1]
[1]	[15]
[1]	[15]
[1]	[6]
[1]	[6]
[1]	[6]
[1]	[6]
[1]	[6]
[1]	[6]
[1]	[6]
[1]	[15]
[1]	[15]
[1]	[15]
[1]	[6]
[1]	[6]
[1]	[15]
[1]	[15]
[1]	[15]
[1]	[6]
[1]	[6]
[-1]	[6]
[1]	[1]
[1]	[1]
[1]	[1]
[1]	[1]
[1]	[1]
[1]	[1]
[1]	[1]
[1]	[1]
[1]	[1]
[1]	[1]
[1]	[1]
[1]	[1]
[1]	[8]
[1]	[8]
[1]	[8]
[1]	[12]
[1]	[12]
[1]	[12]
[1]	[12]
[1]	[6]
[12]	[6]
[12]	[6]
[12]	[6]
[12]	[8]
[1]	[8]
[1]	[8]
[1]	[8]
[1]	[1]
[1]	[1]
[1]	[8]
[1]	[8]
[1]	[8]
[1]	[8]
[1]	[1]
[1]	[1]
[1]	[1]
[1]	[1]
[1]	[1]
[1]	[1]
[1]	[1]
[1]	[1]
[1]	[1]
[1]	[1]
[1]	[1]
[1]	[1]
[12]	[1]
[8]	[1]
[18]	[8]
[8]	[8]
[9]	[8]
[12]	[8]
[12]	[12]
[12]	[12]
[18]	[12]
[8]	[12]
[18]	[6]
[10]	[6]
[18]	[6]
[8]	[6]
[8]	[8]
[12]	[8]
[1]	[8]
[1]	[8]
[1]	[8]
[1]	[1]
[1]	[1]
[1]	[1]
[1]	[1]
[1]	[1]
[1]	[1]
[1]	[1]
[1]	[1]
[1]	[1]
[1]	[1]
[1]	[12]
[1]	[12]
[1]	[12]
[1]	[12]
[1]	[6]
[12]	[6]
[12]	[6]
[12]	[6]
[12]	[8]
[1]	[8]
[1]	[8]
[1]	[8]
[1]	[1]
[1]	[1]
[1]	[1]
[1]	[1]
[1]	[1]
[1]	[1]
[1]	[1]
[1]	[1]
[1]	[1]
[1]	[1]
[1]	[1]
[1]	[1]
[12]	[1]
[8]	[1]
[18]	[8]
[8]	[8]
[9]	[8]
[12]	[8]
[12]	[12]
[12]	[12]
[9]	[12]
[8]	[12]
[18]	[6]
[10]	[6]
[18]	[6]
[8]	[6]
[8]	[8]
[12]	[8]
[1]	[8]
[1]	[8]
[1]	[8]
[1]	[1]
[1]	[1]
[1]	[1]
[1]	[1]
[1]	[1]
[1]	[1]
[1]	[1]
[1]	[1]
[1]	[1]
[1]	[1]
[1]	[12]
[1]	[12]
[1]	[12]
[1]	[12]
[1]	[6]
[12]	[6]
[12]	[6]
[12]	[6]
[12]	[8]
[1]	[8]
[1]	[8]
[1]	[8]
[1]	[1]
[-1]	[1]
[1]	[-1]
[1]	[1]
[1]	[1]
[1]	[1]
[1]	[1]
[1]	[1]
[1]	[1]
[1]	[1]
[1]	[1]
[1]	[1]
[1]	[1]
[1]	[6]
[1]	[6]
[1]	[6]
[1]	[1]
[1]	[1]
[1]	[1]
[1]	[1]
[1]	[1]
[1]	[1]
[1]	[12]
[1]	[12]
[1]	[12]
[1]	[12]
[1]	[12]
[1]	[12]
[1]	[1]
[1]	[1]
[1]	[1]
[1]	[1]
[1]	[1]
[1]	[1]
[1]	[1]
[1]	[1]
[1]	[1]
[1]	[1]
[1]	[6]
[1]	[6]
[1]	[6]
[1]	[1]
[1]	[1]
[1]	[12]
[1]	[12]
[1]	[12]
[1]	[12]
[1]	[1]
[1]	[1]
[1]	[1]
[1]	[1]
[1]	[1]
[1]	[12]
[1]	[12]
[1]	[12]
[1]	[12]
[1]	[12]
[1]	[12]
[1]	[12]
[1]	[12]
[1]	[12]
[1]	[12]
[1]	[12]
[1]	[6]
[1]	[6]
[1]	[6]
[1]	[1]
[1]	[1]
[1]	[1]
[1]	[1]
[1]	[1]
[1]	[1]
[1]	[12]
[1]	[12]
[1]	[12]
[1]	[12]
[1]	[12]
[1]	[12]
[1]	[1]
[1]	[1]
[1]	[1]
[1]	[1]
[1]	[1]
[1]	[1]
[1]	[1]
[1]	[1]
[1]	[1]
[1]	[1]
[1]	[6]
[1]	[6]
[1]	[6]
[1]	[1]
[1]	[1]
[1]	[12]
[1]	[12]
[1]	[12]
[1]	[12]
[1]	[1]
[-1]	[1]
[1]	[-1]
[1]	[1]
[1]	[1]
[1]	[1]
[1]	[1]
[1]	[1]
[12]	[1]
[12]	[12]
[12]	[12]
[12]	[12]
[1]	[12]
[1]	[12]
[1]	[12]
[1]	[12]
[1]	[12]
[1]	[1]
[1]	[1]
[1]	[1]
[1]	[1]
[1]	[1]
[1]	[1]
[1]	[1]
[1]	[20]
[1]	[20]
[1]	[20]
[1]	[20]
[1]	[20]
[1]	[20]
[1]	[20]
[1]	[1]
[1]	[1]
[1]	[1]
[1]	[1]
[1]	[1]
[1]	[1]
[12]	[1]
[12]	[12]
[12]	[12]
[12]	[12]
[1]	[12]
[1]	[12]
[1]	[12]
[1]	[12]
[1]	[12]
[1]	[1]
[1]	[1]
[1]	[1]
[1]	[1]
[1]	[1]
[1]	[1]
[1]	[1]
[1]	[20]
[1]	[20]
[1]	[20]
[1]	[20]
[1]	[1]
[1]	[1]
[1]	[1]
[1]	[1]
[1]	[1]
[1]	[1]
[1]	[1]
[1]	[1]
[1]	[1]
[1]	[1]
[1]	[1]
[1]	[1]
[1]	[20]
[1]	[20]
[1]	[20]
[1]	[12]
[1]	[12]
[1]	[12]
[1]	[12]
[1]	[1]
[1]	[1]
[1]	[1]
[1]	[1]
[1]	[1]
[1]	[1]
[1]	[1]
[1]	[12]
[1]	[12]
[1]	[12]
[1]	[12]
[1]	[20]
[1]	[20]
[1]	[20]
[1]	[20]
[1]	[1]
[1]	[1]
[1]	[1]
[1]	[1]
[1]	[1]
[1]	[1]
[1]	[1]
[1]	[1]
[1]	[12]
[1]	[12]
[1]	[12]
[1]	[12]
[1]	[12]
[1]	[12]
[1]	[12]
[1]	[1]
[1]	[1]
[1]	[1]
[1]	[1]
[1]	[1]
[1]	[1]
[1]	[1]
[1]	[1]
[1]	[20]
[1]	[20]
[1]	[20]
[1]	[20]
[1]	[1]
[1]	[1]
[1]	[1]
[1]	[1]
[1]	[1]
[1]	[1]
[1]	[1]
[1]	[1]
[1]	[1]
[1]	[1]
[1]	[1]
[1]	[1]
[1]	[1]
[1]	[12]
[1]	[12]
[1]	[12]
[1]	[12]
[1]	[20]
[1]	[20]
[1]	[20]
[1]	[20]
[1]	[1]
[1]	[1]
[1]	[1]
[1]	[1]
[1]	[22]
[1]	[22]
[1]	[22]
[1]	[22]
[1]	[12]
[1]	[12]
[1]	[12]
[1]	[12]
[1]	[20]
[1]	[20]
[1]	[20]
[1]	[20]
[1]	[1]
[1]	[1]
[1]	[1]
[1]	[1]
[1]	[1]
[1]	[1]
[1]	[1]
[1]	[12]
[1]	[12]
[1]	[12]
[1]	[12]
[1]	[20]
[1]	[20]
[1]	[20]
[1]	[20]
[1]	[1]
[1]	[1]
[1]	[1]
[1]	[1]
[1]	[1]
[1]	[1]
[1]	[1]
[1]	[1]
[1]	[20]
[1]	[20]
[1]	[20]
[1]	[20]
[1]	[1]
[1]	[1]
[1]	[1]
[1]	[1]
[1]	[1]
[1]	[1]
[1]	[1]
[1]	[1]
[1]	[1]
[1]	[1]
[1]	[1]
[1]	[15]
[1]	[15]
[1]	[15]
[1]	[15]
[1]	[15]
[1]	[15]
[1]	[15]
[1]	[15]
[1]	[1]
[1]	[1]
[1]	[1]
[1]	[1]
[1]	[1]
[1]	[1]
[1]	[1]
[1]	[8]
[1]	[8]
[1]	[8]
[1]	[8]
[1]	[1]
[1]	[1]
[1]	[1]
[1]	[1]
[1]	[1]
[1]	[1]
[1]	[1]
[1]	[1]
[1]	[1]
[1]	[1]
[1]	[1]
[1]	[15]
[1]	[15]
[1]	[15]
[1]	[15]
[1]	[15]
[1]	[15]
[1]	[15]
[1]	[1]
[1]	[1]
[1]	[1]
[1]	[1]
[1]	[1]
[1]	[1]
[1]	[1]
[1]	[1]
[1]	[8]
[1]	[8]
[1]	[8]
[1]	[8]
[1]	[1]
[-1]	[1]
[1]	[-1]
[1]	[-1]
[1]	[1]
[1]	[1]
[1]	[1]
[1]	[1]
[1]	[1]
[1]	[12]
[1]	[12]
[1]	[12]
[1]	[12]
[1]	[12]
[1]	[1]
[1]	[1]
[1]	[1]
[1]	[1]
[1]	[1]
[1]	[12]
[1]	[12]
[1]	[12]
[1]	[12]
[1]	[12]
[1]	[1]
[1]	[1]
[12]	[1]
[12]	[12]
[12]	[12]
[1]	[12]
[1]	[1]
[1]	[1]
[1]	[1]
[1]	[1]
[1]	[1]
[12]	[1]
[12]	[1]
[12]	[12]
[12]	[12]
[12]	[12]
[12]	[12]
[1]	[12]
[1]	[12]
[1]	[12]
[1]	[1]
[1]	[1]
[1]	[1]
[1]	[1]
[1]	[1]
[1]	[1]
[1]	[1]
[1]	[1]
[1]	[1]
[1]	[1]
[1]	[1]
[1]	[1]
[12]	[1]
[12]	[12]
[12]	[12]
[-1]	[12]
[1]	[1]
[1]	[1]
[1]	[1]
[1]	[1]
[1]	[1]
[1]	[1]
[1]	[12]
[1]	[12]
[1]	[12]
[1]	[12]
[1]	[12]
[1]	[12]
[1]	[1]
[1]	[1]
[1]	[1]
[12]	[1]
[12]	[1]
[12]	[1]
[12]	[12]
[12]	[12]
[12]	[12]
[12]	[12]
[1]	[12]
[1]	[12]
[1]	[1]
[1]	[1]
[1]	[1]
[1]	[1]
[1]	[1]
[1]	[1]
[1]	[12]
[1]	[12]
[1]	[12]
[1]	[12]
[1]	[12]
[1]	[12]
[1]	[12]
[1]	[12]
[1]	[12]
[1]	[12]
[1]	[12]
[1]	[12]
[1]	[1]
[1]	[1]
[1]	[1]
[1]	[1]
[1]	[1]
[1]	[12]
[1]	[12]
[1]	[12]
[1]	[1]
[1]	[1]
[1]	[1]
[1]	[12]
[1]	[12]
[1]	[1]
[1]	[1]
[1]	[1]
[1]	[12]
[12]	[12]
[12]	[12]
[12]	[12]
[12]	[12]
[12]	[12]
[12]	[12]
[1]	[12]
[1]	[12]
[1]	[1]
[1]	[1]
[1]	[1]
[1]	[12]
[1]	[12]
[1]	[12]
[1]	[1]
[1]	[1]
[1]	[1]
[1]	[12]
[1]	[12]
[1]	[12]
[1]	[12]
[1]	[12]
[1]	[12]
[1]	[12]
[1]	[12]
[1]	[1]
[1]	[1]
[1]	[1]
[1]	[1]
[1]	[12]
[1]	[12]
[1]	[12]
[1]	[12]
[1]	[12]
[1]	[12]
[1]	[1]
[1]	[1]
[1]	[1]
[1]	[1]
[1]	[1]
[12]	[12]
[12]	[12]
[12]	[12]
[12]	[12]
[12]	[12]
[12]	[12]
[12]	[12]
[12]	[12]
[1]	[12]
[1]	[1]
[1]	[1]
[1]	[12]
[1]	[12]
[1]	[12]
[1]	[12]
[1]	[12]
[1]	[12]
[1]	[1]
[1]	[1]
[1]	[1]
[1]	[12]
[1]	[12]
[1]	[12]
[1]	[12]
[1]	[12]
[1]	[12]
[1]	[1]
[1]	[1]
[1]	[1]
[1]	[1]
[1]	[1]
[1]	[12]
[1]	[12]
[1]	[12]
[1]	[1]
[1]	[1]
[1]	[1]
[1]	[12]
[1]	[12]
[1]	[1]
[1]	[1]
[1]	[1]
[1]	[12]
[12]	[12]
[12]	[12]
[12]	[12]
[12]	[12]
[12]	[12]
[12]	[12]
[1]	[12]
[1]	[12]
[1]	[1]
[1]	[1]
[1]	[1]
[1]	[12]
[1]	[12]
[1]	[12]
[1]	[1]
[1]	[1]
[1]	[1]
[1]	[12]
[1]	[12]
[1]	[12]
[1]	[12]
[1]	[12]
[1]	[12]
[1]	[12]
[1]	[12]
[-1]	[1]
[1]	[-1]
[1]	[-1]
[1]	[-1]
[1]	[-1]
[1]	[-1]
[1]	[-1]
[1]	[-1]
[1]	[-1]
[1]	[-1]
[1]	[-1]
[1]	[-1]
[1]	[-1]
[1]	[-1]
[1]	[-1]
[1]	[-1]
[12]	[-1]
[12]	[-1]
[12]	[-1]
[12]	[-1]
[1]	[-1]
[1]	[-1]
[1]	[-1]
[1]	[-1]
[1]	[-1]
[1]	[-1]
[1]	[-1]
[1]	[-1]
[1]	[-1]
[1]	[-1]
[1]	[-1]
[1]	[-1]
[1]	[-1]
[1]	[-1]
[1]	[-1]
[1]	[-1]
[1]	[-1]
[1]	[-1]
[1]	[-1]
[1]	[-1]
[1]	[-1]
[1]	[-1]
[1]	[-1]
[1]	[-1]
[1]	[-1]
[1]	[-1]
[1]	[-1]
[1]	[-1]
[1]	[-1]
[1]	[-1]
[1]	[-1]
[1]	[-1]
[1]	[-1]
[1]	[-1]
[1]	[-1]
[12]	[-1]
[12]	[-1]
[12]	[-1]
[12]	[-1]
[12]	[-1]
[1]	[-1]
[1]	[-1]
[1]	[-1]
[1]	[-1]
[1]	[-1]
[1]	[-1]
[1]	[-1]
[1]	[-1]
[1]	[-1]
[1]	[-1]
[1]	[-1]
[1]	[-1]
[1]	[-1]
[1]	[-1]
[1]	[-1]
[12]	[-1]
[12]	[-1]
[1]	[-1]
[1]	[-1]
[1]	[-1]
[1]	[-1]
[1]	[-1]
[1]	[-1]
[1]	[-1]
[1]	[-1]
[1]	[-1]
[1]	[-1]
[1]	[-1]
[1]	[-1]
[1]	[-1]
[1]	[-1]
[1]	[-1]
[1]	[-1]
[1]	[-1]
[1]	[-1]
[12]	[-1]
[12]	[-1]
[12]	[-1]
[12]	[-1]
[1]	[-1]
[1]	[-1]
[1]	[-1]
[1]	[-1]
[1]	[-1]
[1]	[-1]
[1]	[-1]
[1]	[-1]
[1]	[-1]
[1]	[-1]
[1]	[-1]
[1]	[-1]
[1]	[-1]
[1]	[-1]
[1]	[-1]
[1]	[-1]
[1]	[-1]
[1]	[-1]
[1]	[1]
[-1]	[1]
[1]	[12]
[1]	[12]
[1]	[12]
[1]	[12]
[1]	[1]
[1]	[1]
[1]	[1]
[1]	[1]
[1]	[15]
[1]	[15]
[1]	[15]
[1]	[15]
[1]	[15]
[1]	[15]
[1]	[15]
[1]	[15]
[1]	[12]
[1]	[12]
[1]	[12]
[1]	[12]
[1]	[12]
[1]	[12]
[1]	[12]
[1]	[12]
[1]	[1]
[1]	[1]
[1]	[1]
[1]	[1]
[1]	[1]
[1]	[1]
[1]	[6]
[1]	[6]
[1]	[6]
[1]	[1]
[1]	[1]
[1]	[1]
[1]	[1]
[1]	[6]
[1]	[6]
[1]	[6]
[1]	[6]
[1]	[15]
[1]	[15]
[1]	[15]
[1]	[15]
[1]	[1]
[1]	[1]
[1]	[1]
[1]	[1]
[1]	[20]
[1]	[20]
[1]	[20]
[1]	[20]
[1]	[1]
[1]	[1]
[1]	[1]
[12]	[1]
[12]	[12]
[12]	[12]
[12]	[12]
[12]	[12]
[12]	[12]
[12]	[13]
[12]	[13]
[12]	[13]
[12]	[12]
[1]	[12]
[1]	[12]
[1]	[12]
[1]	[1]
[1]	[1]
[1]	[1]
[1]	[1]
[1]	[1]
[1]	[1]
[1]	[1]
[1]	[1]
[1]	[1]
[1]	[1]
[1]	[1]
[1]	[1]
[1]	[1]
[1]	[6]
[1]	[6]
[1]	[6]
[1]	[1]
[1]	[1]
[1]	[1]
[1]	[1]
[1]	[15]
[1]	[15]
[1]	[15]
[1]	[15]
[1]	[1]
[1]	[1]
[1]	[1]
[1]	[1]
[1]	[1]
[1]	[1]
[1]	[1]
[1]	[1]
[1]	[20]
[1]	[20]
[1]	[20]
[1]	[20]
[1]	[1]
[1]	[1]
[-1]	[1]
[1]	[1]
[1]	[1]
[1]	[1]
[1]	[1]
[1]	[1]
[1]	[1]
[1]	[1]
[1]	[1]
[1]	[1]
[1]	[1]
[1]	[1]
[1]	[1]
[1]	[1]
[1]	[1]
[1]	[1]
[1]	[6]
[1]	[6]
[1]	[6]
[1]	[6]
[1]	[6]
[1]	[6]
[1]	[8]
[1]	[8]
[1]	[8]
[1]	[8]
[1]	[1]
[1]	[1]
[1]	[1]
[1]	[1]
[1]	[1]
[1]	[8]
[1]	[8]
[1]	[8]
[1]	[8]
[1]	[1]
[1]	[6]
[1]	[6]
[1]	[6]
[1]	[6]
[1]	[6]
[1]	[6]
[1]	[1]
[1]	[1]
[1]	[1]
[1]	[1]
[1]	[1]
[1]	[1]
[1]	[1]
[1]	[1]
[1]	[1]
[1]	[1]
[1]	[1]
[1]	[1]
[1]	[1]
[1]	[1]
[1]	[8]
[1]	[8]
[1]	[8]
[1]	[8]
[1]	[1]
[1]	[1]
[1]	[1]
[1]	[1]
[1]	[8]
[1]	[8]
[1]	[8]
[1]	[8]
[6]	[1]
[6]	[6]
[6]	[6]
[12]	[6]
[1]	[6]
[1]	[6]
[1]	[6]
[1]	[6]
[1]	[6]
[12]	[24]
[12]	[24]
[12]	[24]
[1]	[24]
[1]	[24]
[1]	[24]
[1]	[24]
[1]	[24]
[1]	[24]
[1]	[24]
[1]	[24]
[1]	[24]
[1]	[24]
[1]	[24]
[1]	[24]
[1]	[24]
[1]	[24]
[1]	[24]
[1]	[24]
[1]	[24]
[1]	[24]
[12]	[24]
[6]	[24]
[6]	[6]
[6]	[6]
[12]	[6]
[1]	[6]
[1]	[6]
[1]	[6]
[1]	[6]
[1]	[6]
[12]	[24]
[12]	[24]
[12]	[24]
[1]	[24]
[1]	[24]
[1]	[24]
[1]	[24]
[1]	[24]
[1]	[24]
[1]	[24]
[1]	[24]
[1]	[24]
[1]	[24]
[1]	[24]
[1]	[24]
[12]	[24]
[-1]	[24]
[1]	[-1]
[1]	[-1]
[1]	[1]
[1]	[1]
[1]	[1]
[1]	[1]
[1]	[6]
[1]	[6]
[1]	[6]
[1]	[6]
[1]	[6]
[1]	[6]
[1]	[6]
[1]	[6]
[1]	[15]
[1]	[15]
[1]	[15]
[1]	[1]
[1]	[1]
[1]	[1]
[1]	[1]
[1]	[6]
[1]	[6]
[1]	[6]
[1]	[6]
[1]	[20]
[1]	[20]
[1]	[20]
[1]	[20]
[1]	[1]
[1]	[1]
[1]	[1]
[1]	[1]
[1]	[1]
[1]	[1]
[1]	[1]
[1]	[6]
[1]	[6]
[1]	[6]
[1]	[6]
[1]	[6]
[1]	[6]
[1]	[6]
[1]	[6]
[1]	[15]
[1]	[15]
[1]	[15]
[1]	[1]
[1]	[1]
[1]	[1]
[1]	[1]
[1]	[6]
[1]	[6]
[1]	[6]
[1]	[6]
[1]	[20]
[1]	[20]
[1]	[20]
[1]	[20]
[1]	[1]
[1]	[1]
[1]	[1]
[1]	[1]
[1]	[6]
[1]	[6]
[1]	[6]
[1]	[6]
[1]	[6]
[1]	[6]
[1]	[6]
[1]	[6]
[1]	[6]
[1]	[6]
[1]	[6]
[1]	[6]
[1]	[15]
[1]	[15]
[1]	[15]
[1]	[15]
[1]	[6]
[1]	[6]
[1]	[6]
[1]	[6]
[1]	[15]
[1]	[15]
[1]	[15]
[1]	[15]
[1]	[20]
[1]	[20]
[1]	[20]
[1]	[20]
[1]	[1]
[1]	[1]
[1]	[1]
[1]	[6]
[1]	[6]
[1]	[6]
[1]	[6]
[1]	[6]
[1]	[6]
[1]	[6]
[1]	[6]
[1]	[6]
[1]	[6]
[1]	[6]
[1]	[6]
[1]	[15]
[1]	[15]
[1]	[15]
[1]	[15]
[1]	[6]
[1]	[6]
[1]	[6]
[1]	[6]
[1]	[6]
[1]	[15]
[1]	[15]
[1]	[15]
[1]	[15]
[1]	[20]
[1]	[20]
[1]	[20]
[1]	[20]
[-1]	[1]
[1]	[-1]
[1]	[1]
[1]	[1]
[1]	[1]
[1]	[1]
[1]	[1]
[1]	[1]
[1]	[1]
[1]	[1]
[12]	[1]
[12]	[12]
[12]	[12]
[12]	[12]
[1]	[12]
[1]	[1]
[1]	[1]
[1]	[1]
[1]	[1]
[1]	[1]
[1]	[1]
[1]	[1]
[12]	[12]
[12]	[12]
[12]	[12]
[12]	[12]
[12]	[12]
[12]	[12]
[12]	[12]
[1]	[12]
[1]	[1]
[1]	[1]
[1]	[1]
[1]	[1]
[1]	[1]
[1]	[1]
[1]	[1]
[1]	[1]
[12]	[12]
[12]	[12]
[12]	[12]
[1]	[12]
[1]	[1]
[1]	[1]
[1]	[1]
[1]	[1]
[1]	[1]
[1]	[1]
[1]	[1]
[1]	[12]
[1]	[12]
[12]	[12]
[12]	[12]
[12]	[12]
[1]	[12]
[1]	[1]
[1]	[1]
[1]	[1]
[1]	[1]
[1]	[1]
[1]	[1]
[1]	[1]
[1]	[1]
[1]	[12]
[12]	[12]
[12]	[12]
[12]	[12]
[12]	[12]
[12]	[12]
[1]	[12]
[1]	[1]
[1]	[1]
[1]	[1]
[1]	[1]
[1]	[1]
[1]	[1]
[1]	[1]
[1]	[1]
[1]	[1]
[1]	[1]
[12]	[1]
[12]	[1]
[12]	[12]
[12]	[12]
[1]	[12]
[1]	[12]
[1]	[1]
[1]	[1]
[1]	[1]
[1]	[1]
[1]	[1]
[1]	[1]
[1]	[1]
[1]	[1]
[1]	[6]
[1]	[6]
[1]	[6]
[12]	[6]
[12]	[12]
[12]	[12]
[1]	[12]
[1]	[1]
[1]	[1]
[1]	[1]
[1]	[1]
[1]	[1]
[1]	[1]
[1]	[1]
[1]	[1]
[1]	[1]
[1]	[1]
[12]	[1]
[12]	[12]
[12]	[12]
[12]	[12]
[1]	[12]
[1]	[1]
[1]	[1]
[1]	[1]
[1]	[1]
[1]	[1]
[1]	[1]
[1]	[1]
[12]	[1]
[12]	[12]
[12]	[12]
[12]	[12]
[1]	[12]
[1]	[12]
[1]	[12]
[1]	[12]
[1]	[12]
[1]	[12]
[1]	[12]
[1]	[12]
[12]	[12]
[12]	[12]
[12]	[12]
[12]	[12]
[12]	[12]
[1]	[12]
[1]	[1]
[1]	[1]
[1]	[1]
[1]	[1]
[1]	[1]
[1]	[1]
[1]	[1]
[1]	[1]
[12]	[1]
[12]	[12]
[12]	[12]
[1]	[12]
[1]	[1]
[1]	[1]
[1]	[1]
[1]	[1]
[1]	[1]
[1]	[1]
[1]	[1]
[1]	[1]
[1]	[1]
[1]	[1]
[12]	[1]
[12]	[1]
[12]	[12]
[-1]	[12]
[1]	[-1]
[1]	[1]
[1]	[1]
[1]	[1]
[1]	[1]
[1]	[1]
[1]	[1]
[1]	[1]
[1]	[1]
[1]	[1]
[1]	[1]
[1]	[1]
[1]	[1]
[1]	[8]
[1]	[8]
[1]	[8]
[1]	[8]
[1]	[1]
[1]	[1]
[1]	[1]
[1]	[1]
[1]	[1]
[1]	[1]
[1]	[1]
[1]	[1]
[12]	[1]
[12]	[12]
[12]	[12]
[12]	[12]
[12]	[12]
[1]	[1]
[1]	[1]
[1]	[1]
[1]	[1]
[1]	[1]
[1]	[1]
[1]	[1]
[1]	[1]
[1]	[1]
[1]	[1]
[1]	[1]
[1]	[1]
[1]	[1]
[1]	[1]
[1]	[1]
[1]	[1]
[1]	[8]
[1]	[8]
[1]	[8]
[1]	[8]
[1]	[1]
[1]	[1]
[1]	[1]
[1]	[1]
[1]	[1]
[1]	[1]
[1]	[1]
[1]	[1]
[12]	[1]
[12]	[12]
[12]	[12]
[12]	[12]
[12]	[12]
[1]	[1]
[1]	[1]
[1]	[1]
[1]	[1]
[1]	[1]
[1]	[1]
[1]	[1]
[1]	[1]
[1]	[1]
[1]	[1]
[1]	[1]
[1]	[1]
[1]	[1]
[1]	[1]
[1]	[1]
[1]	[1]
[1]	[1]
[1]	[8]
[1]	[8]
[1]	[8]
[1]	[8]
[1]	[1]
[1]	[1]
[1]	[6]
[1]	[6]
[1]	[1]
[1]	[1]
[1]	[1]
[1]	[1]
[12]	[1]
[12]	[12]
[12]	[12]
[12]	[12]
[12]	[12]
[1]	[1]
[1]	[1]
[-1]	[1]
[1]	[-1]
[1]	[1]
[1]	[1]
[1]	[1]
[1]	[1]
[1]	[1]
[12]	[1]
[12]	[1]
[12]	[1]
[8]	[1]
[18]	[1]
[7]	[1]
[10]	[4]
[10]	[4]
[12]	[4]
[12]	[4]
[12]	[4]
[18]	[4]
[7]	[4]
[10]	[4]
[10]	[4]
[12]	[4]
[1]	[4]
[1]	[1]
[1]	[1]
[1]	[1]
[1]	[1]
[1]	[1]
[1]	[1]
[1]	[1]
[1]	[1]
[1]	[1]
[1]	[1]
[1]	[1]
[1]	[1]
[1]	[1]
[1]	[1]
[1]	[1]
[1]	[1]
[1]	[1]
[1]	[1]
[1]	[1]
[1]	[1]
[1]	[12]
[1]	[12]
[1]	[12]
[1]	[12]
[1]	[12]
[1]	[12]
[1]	[12]
[1]	[12]
[1]	[12]
[1]	[12]
[1]	[12]
[1]	[12]
[1]	[12]
[1]	[12]
[1]	[1]
[1]	[1]
[1]	[1]
[1]	[1]
[1]	[1]
[1]	[1]
[1]	[1]
[1]	[1]
[1]	[1]
[1]	[1]
[1]	[1]
[1]	[1]
[1]	[12]
[1]	[12]
[1]	[12]
[1]	[12]
[1]	[12]
[1]	[12]
[1]	[12]
[-1]	[12]
[1]	[1]
[1]	[1]
[1]	[1]
[1]	[1]
[1]	[1]
[1]	[1]
[1]	[1]
[1]	[1]
[1]	[20]
[1]	[20]
[1]	[20]
[1]	[20]
[1]	[6]
[1]	[6]
[1]	[6]
[1]	[6]
[1]	[6]
[1]	[6]
[1]	[1]
[1]	[1]
[1]	[1]
[1]	[1]
[1]	[1]
[1]	[1]
[1]	[1]
[1]	[1]
[1]	[1]
[1]	[1]
[1]	[1]
[1]	[1]
[1]	[1]
[1]	[1]
[1]	[1]
[1]	[1]
[1]	[1]
[1]	[6]
[1]	[6]
[1]	[6]
[1]	[12]
[1]	[12]
[1]	[12]
[1]	[1]
[1]	[1]
[1]	[1]
[1]	[1]
[1]	[1]
[1]	[1]
[1]	[20]
[1]	[20]
[1]	[20]
[1]	[20]
[1]	[20]
[1]	[20]
[1]	[20]
[1]	[20]
[1]	[20]
[1]	[20]
[1]	[4]
[1]	[4]
[1]	[4]
[1]	[4]
[1]	[4]
[1]	[12]
[1]	[12]
[1]	[12]
[1]	[12]
[1]	[12]
[1]	[20]
[1]	[20]
[1]	[20]
[1]	[20]
[1]	[20]
[1]	[20]
[1]	[20]
[12]	[20]
[12]	[20]
[12]	[20]
[12]	[4]
[12]	[4]
[12]	[6]
[1]	[6]
[1]	[6]
[1]	[12]
[1]	[12]
[1]	[12]
[1]	[12]
[1]	[12]
[1]	[20]
[1]	[20]
[1]	[20]
[1]	[20]
[1]	[20]
[1]	[20]
[1]	[20]
[1]	[20]
[1]	[20]
[1]	[20]
[1]	[4]
[1]	[4]
[1]	[4]
[1]	[4]
[1]	[4]
[1]	[1]
[1]	[1]
[1]	[1]
[1]	[8]
[1]	[8]
[1]	[8]
[1]	[8]
[1]	[8]
[1]	[8]
[1]	[8]
[1]	[8]
[1]	[8]
[1]	[8]
[1]	[8]
[1]	[8]
[1]	[8]
[1]	[8]
[1]	[8]
[1]	[8]
[1]	[8]
[1]	[8]
[1]	[8]
[1]	[8]
[1]	[8]
[12]	[8]
[8]	[8]
[-1]	[8]
[12]	[6]
[12]	[6]
[1]	[6]
[1]	[1]
[1]	[1]
[1]	[1]
[1]	[6]
[1]	[6]
[1]	[6]
[1]	[1]
[1]	[1]
[1]	[1]
[1]	[6]
[1]	[6]
[1]	[6]
[1]	[15]
[1]	[15]
[1]	[15]
[1]	[22]
[1]	[22]
[1]	[20]
[1]	[20]
[1]	[20]
[1]	[1]
[1]	[1]
[1]	[1]
[1]	[6]
[1]	[6]
[1]	[6]
[1]	[1]
[1]	[1]
[1]	[1]
[1]	[20]
[1]	[20]
[1]	[20]
[1]	[1]
[1]	[1]
[1]	[1]
[1]	[12]
[1]	[6]
[1]	[6]
[1]	[6]
[1]	[20]
[1]	[20]
[1]	[20]
[1]	[1]
[1]	[1]
[1]	[1]
[1]	[6]
[1]	[6]
[1]	[6]
[1]	[1]
[1]	[1]
[1]	[1]
[1]	[6]
[1]	[6]
[1]	[6]
[1]	[15]
[1]	[15]
[1]	[15]
[1]	[22]
[-1]	[22]
[1]	[20]
[1]	[20]
[1]	[20]
[1]	[20]
[1]	[1]
[1]	[1]
[1]	[1]
[1]	[1]
[1]	[15]
[1]	[15]
[1]	[15]
[1]	[15]
[1]	[1]
[1]	[1]
[1]	[1]
[1]	[1]
[1]	[1]
[1]	[1]
[1]	[1]
[1]	[1]
[1]	[1]
[1]	[1]
[1]	[1]
[1]	[1]
[1]	[1]
[1]	[20]
[1]	[20]
[1]	[20]
[1]	[20]
[1]	[20]
[1]	[20]
[1]	[1]
[1]	[1]
[1]	[1]
[1]	[1]
[1]	[15]
[1]	[15]
[1]	[15]
[1]	[15]
[1]	[20]
[1]	[20]
[1]	[20]
[1]	[20]
[1]	[6]
[1]	[6]
[1]	[6]
[1]	[6]
[1]	[6]
[1]	[6]
[1]	[20]
[1]	[20]
[1]	[20]
[1]	[20]
[1]	[15]
[1]	[15]
[1]	[15]
[1]	[15]
[1]	[15]
[1]	[1]
[1]	[1]
[1]	[1]
[1]	[1]
[1]	[1]
[1]	[1]
[1]	[1]
[1]	[1]
[1]	[15]
[1]	[15]
[1]	[15]
[1]	[15]
[1]	[20]
[1]	[20]
[1]	[20]
[1]	[20]
[1]	[20]
[1]	[20]
[1]	[20]
[1]	[20]
[1]	[20]
[1]	[15]
[1]	[15]
[1]	[15]
[1]	[15]
[1]	[15]
[1]	[1]
[1]	[1]
[1]	[1]
[1]	[1]
[1]	[1]
[1]	[1]
[1]	[1]
[1]	[1]
[1]	[20]
[1]	[20]
[1]	[20]
[1]	[20]
[1]	[6]
[1]	[6]
[1]	[6]
[-1]	[6]
[1]	[-1]
[1]	[1]
[1]	[1]
[1]	[1]
[1]	[1]
[1]	[1]
[1]	[1]
[1]	[1]
[1]	[1]
[1]	[1]
[1]	[1]
[1]	[1]
[1]	[1]
[1]	[8]
[1]	[8]
[1]	[1]
[1]	[1]
[1]	[1]
[1]	[1]
[1]	[1]
[1]	[1]
[1]	[1]
[12]	[1]
[12]	[12]
[12]	[12]
[12]	[12]
[12]	[12]
[1]	[12]
[1]	[12]
[1]	[1]
[1]	[1]
[1]	[1]
[1]	[1]
[1]	[1]
[1]	[1]
[1]	[1]
[1]	[1]
[1]	[1]
[1]	[1]
[1]	[1]
[1]	[1]
[1]	[1]
[1]	[1]
[1]	[1]
[1]	[1]
[1]	[1]
[1]	[1]
[1]	[1]
[1]	[1]
[1]	[1]
[1]	[1]
[1]	[1]
[1]	[1]
[1]	[1]
[12]	[1]
[12]	[12]
[12]	[12]
[12]	[12]
[12]	[12]
[1]	[12]
[1]	[12]
[1]	[12]
[1]	[1]
[1]	[1]
[1]	[1]
[1]	[1]
[1]	[1]
[1]	[1]
[1]	[1]
[1]	[1]
[1]	[1]
[1]	[1]
[1]	[1]
[1]	[1]
[1]	[1]
[1]	[8]
[1]	[8]
[1]	[8]
[1]	[8]
[1]	[8]
[1]	[8]
[1]	[8]
[1]	[8]
[1]	[8]
[1]	[8]
[1]	[12]
[1]	[12]
[1]	[12]
[1]	[12]
[1]	[12]
[1]	[12]
[1]	[12]
[1]	[1]
[1]	[1]
[1]	[1]
[1]	[1]
[1]	[1]
[1]	[1]
[1]	[1]
[1]	[1]
[1]	[1]
[1]	[1]
[1]	[1]
[1]	[1]
[1]	[1]
[1]	[8]
[1]	[8]
[1]	[8]
[1]	[8]
[1]	[8]
[1]	[8]
[1]	[8]
[1]	[8]
[1]	[8]
[1]	[8]
[1]	[8]
[1]	[8]
[1]	[12]
[1]	[12]
[1]	[12]
[1]	[12]
[1]	[12]
[1]	[12]
[1]	[12]
[1]	[12]
[1]	[12]
[1]	[12]
[1]	[1]
[1]	[1]
[1]	[1]
[1]	[1]
[1]	[1]
[1]	[1]
[1]	[1]
[1]	[1]
[1]	[1]
[1]	[1]
[1]	[1]
[1]	[1]
[1]	[1]
[1]	[1]
[1]	[1]
[1]	[1]
[1]	[1]
[1]	[1]
[1]	[1]
[1]	[1]
[1]	[1]
[1]	[1]
[1]	[12]
[1]	[12]
[1]	[12]
[1]	[12]
[1]	[12]
[1]	[12]
[1]	[12]
[1]	[1]
[1]	[1]
[1]	[1]
[1]	[1]
[1]	[1]
[1]	[1]
[1]	[1]
[1]	[1]
[1]	[1]
[1]	[1]
[1]	[1]
[1]	[1]
[1]	[1]
[1]	[1]
[1]	[1]
[1]	[1]
[1]	[1]
[1]	[1]
[1]	[1]
[1]	[1]
[1]	[1]
[1]	[1]
[1]	[12]
[1]	[12]
[1]	[12]
[1]	[12]
[1]	[12]
[1]	[12]
[1]	[12]
[1]	[12]
[1]	[1]
[1]	[1]
[1]	[1]
[1]	[1]
[1]	[1]
[1]	[1]
[1]	[1]
[1]	[1]
[1]	[1]
[1]	[1]
[1]	[1]
[1]	[1]
[1]	[1]
[1]	[1]
[1]	[1]
[1]	[1]
[1]	[1]
[1]	[1]
[1]	[1]
[1]	[1]
[1]	[1]
[1]	[1]
[1]	[1]
[1]	[1]
[1]	[12]
[1]	[12]
[1]	[12]
[1]	[12]
[1]	[12]
[1]	[12]
[1]	[12]
[1]	[1]
[1]	[1]
[1]	[1]
[1]	[1]
[1]	[1]
[1]	[1]
[1]	[1]
[1]	[1]
[1]	[1]
[1]	[1]
[1]	[1]
[1]	[1]
[1]	[1]
[1]	[1]
[1]	[1]
[1]	[1]
[1]	[1]
[1]	[1]
[1]	[1]
[1]	[1]
[1]	[1]
[1]	[1]
[1]	[1]
[1]	[1]
[1]	[1]
[1]	[1]
[1]	[1]
[1]	[12]
[12]	[12]
[12]	[12]
[12]	[12]
[6]	[12]
[6]	[12]
[-1]	[12]
[1]	[1]
[1]	[1]
[1]	[1]
[1]	[1]
[1]	[1]
[1]	[1]
[1]	[1]
[1]	[1]
[1]	[1]
[1]	[1]
[1]	[1]
[12]	[1]
[12]	[12]
[12]	[12]
[1]	[12]
[1]	[12]
[1]	[12]
[1]	[12]
[1]	[12]
[1]	[12]
[1]	[12]
[1]	[12]
[1]	[12]
[1]	[12]
[1]	[1]
[1]	[1]
[1]	[1]
[1]	[1]
[1]	[1]
[1]	[1]
[1]	[1]
[1]	[1]
[1]	[12]
[1]	[12]
[1]	[12]
[1]	[12]
[1]	[12]
[1]	[12]
[1]	[12]
[1]	[12]
[1]	[12]
[1]	[12]
[1]	[12]
[1]	[13]
[1]	[13]
[1]	[13]
[1]	[1]
[1]	[1]
[1]	[1]
[1]	[1]
[1]	[1]
[1]	[1]
[1]	[1]
[1]	[1]
[1]	[1]
[1]	[1]
[1]	[1]
[1]	[1]
[1]	[12]
[1]	[12]
[1]	[12]
[1]	[12]
[1]	[12]
[1]	[12]
[1]	[12]
[1]	[12]
[1]	[12]
[1]	[12]
[1]	[12]
[1]	[12]
[1]	[12]
[1]	[12]
[1]	[13]
[1]	[13]
[12]	[13]
[12]	[13]
[12]	[13]
[1]	[13]
[1]	[13]
[1]	[13]
[1]	[13]
[1]	[13]
[1]	[13]
[1]	[13]
[1]	[13]
[1]	[1]
[1]	[1]
[1]	[1]
[1]	[1]
[1]	[1]
[1]	[1]
[1]	[1]
[1]	[12]
[1]	[12]
[-1]	[1]
[1]	[6]
[1]	[6]
[1]	[6]
[12]	[1]
[9]	[1]
[8]	[1]
[18]	[1]
[10]	[1]
[18]	[1]
[1]	[6]
[1]	[6]
[1]	[6]
[1]	[6]
[1]	[6]
[1]	[6]
[1]	[6]
[1]	[6]
[1]	[6]
[1]	[6]
[1]	[1]
[1]	[1]
[1]	[1]
[1]	[6]
[1]	[6]
[1]	[6]
[1]	[6]
[1]	[6]
[1]	[6]
[1]	[6]
[1]	[6]
[1]	[1]
[1]	[1]
[1]	[1]
[1]	[12]
[12]	[12]
[6]	[12]
[6]	[6]
[6]	[6]
[8]	[6]
[18]	[6]
[10]	[6]
[18]	[6]
[2]	[6]
[2]	[6]
[10]	[6]
[18]	[6]
[8]	[6]
[6]	[6]
[6]	[6]
[6]	[6]
[1]	[6]
[1]	[1]
[1]	[1]
[1]	[1]
[1]	[6]
[1]	[6]
[1]	[6]
[1]	[12]
[1]	[12]
[1]	[12]
[1]	[6]
[1]	[6]
[1]	[6]
[1]	[6]
[1]	[6]
[1]	[6]
[1]	[6]
[1]	[6]
[1]	[6]
[1]	[6]
[12]	[6]
[12]	[6]
[12]	[6]
[12]	[6]
[4]	[6]
[24]	[6]
[1]	[6]
[1]	[18]
[1]	[18]
[1]	[18]
[1]	[18]
[1]	[18]
[1]	[18]
[1]	[18]
[1]	[18]
[1]	[18]
[1]	[18]
[1]	[18]
[1]	[18]
[1]	[18]
[1]	[18]
[1]	[18]
[1]	[18]
[1]	[18]
[1]	[18]
[1]	[18]
[1]	[18]
[1]	[18]
[1]	[18]
[1]	[18]
[1]	[18]
[1]	[18]
[1]	[18]
[1]	[18]
[1]	[18]
[1]	[18]
[1]	[18]
[1]	[18]
[1]	[18]
[1]	[18]
[1]	[18]
[1]	[18]
[1]	[18]
[1]	[18]
[1]	[18]
[1]	[18]
[1]	[18]
[1]	[18]
[1]	[18]
[1]	[18]
[1]	[18]
[1]	[18]
[1]	[18]
[1]	[18]
[1]	[18]
[1]	[6]
[1]	[6]
[1]	[6]
[1]	[6]
[1]	[6]
[1]	[6]
[1]	[6]
[1]	[6]
[1]	[6]
[1]	[12]
[12]	[12]
[6]	[12]
[6]	[6]
[6]	[6]
[8]	[6]
[18]	[6]
[10]	[6]
[18]	[6]
[2]	[6]
[2]	[6]
[10]	[6]
[18]	[6]
[8]	[6]
[6]	[6]
[6]	[6]
[6]	[6]
[1]	[6]
[1]	[1]
[1]	[1]
[1]	[1]
[1]	[6]
[1]	[6]
[1]	[6]
[1]	[12]
[1]	[12]
[1]	[12]
[1]	[6]
[1]	[6]
[1]	[6]
[1]	[6]
[1]	[6]
[1]	[6]
[1]	[6]
[1]	[6]
[1]	[6]
[1]	[6]
[1]	[6]
[1]	[6]
[1]	[6]
[1]	[6]
[-1]	[6]
[1]	[1]
[1]	[1]
[1]	[1]
[1]	[1]
[1]	[6]
[1]	[6]
[1]	[1]
[1]	[1]
[1]	[1]
[1]	[1]
[1]	[1]
[1]	[1]
[1]	[1]
[1]	[1]
[1]	[1]
[1]	[1]
[1]	[6]
[1]	[6]
[1]	[6]
[1]	[6]
[1]	[1]
[1]	[1]
[1]	[1]
[1]	[1]
[1]	[1]
[1]	[1]
[1]	[1]
[1]	[1]
[1]	[1]
[1]	[1]
[1]	[1]
[18]	[1]
[18]	[6]
[3]	[6]
[8]	[7]
[18]	[7]
[18]	[6]
[3]	[6]
[8]	[7]
[18]	[7]
[18]	[6]
[3]	[6]
[1]	[7]
[1]	[7]
[1]	[1]
[1]	[1]
[1]	[1]
[18]	[1]
[18]	[6]
[3]	[6]
[8]	[7]
[18]	[7]
[18]	[6]
[3]	[6]
[8]	[7]
[6]	[7]
[6]	[6]
[8]	[6]
[-1]	[6]
[1]	[1]
[1]	[12]
[1]	[1]
[1]	[1]
[1]	[1]
[1]	[1]
[1]	[1]
[1]	[1]
[1]	[1]
[1]	[1]
[1]	[1]
[1]	[1]
[1]	[1]
[1]	[1]
[1]	[1]
[1]	[1]
[1]	[1]
[1]	[20]
[1]	[20]
[1]	[20]
[1]	[20]
[1]	[20]
[1]	[20]
[1]	[1]
[1]	[1]
[1]	[1]
[1]	[1]
[1]	[12]
[1]	[12]
[1]	[12]
[1]	[12]
[1]	[1]
[1]	[1]
[1]	[1]
[1]	[1]
[1]	[1]
[1]	[1]
[1]	[1]
[1]	[1]
[1]	[12]
[1]	[12]
[1]	[8]
[1]	[8]
[1]	[8]
[1]	[8]
[1]	[1]
[1]	[1]
[1]	[1]
[1]	[1]
[1]	[13]
[1]	[13]
[1]	[13]
[1]	[13]
[1]	[12]
[12]	[12]
[12]	[12]
[1]	[12]
[1]	[13]
[1]	[13]
[12]	[13]
[8]	[13]
[18]	[13]
[8]	[13]
[12]	[13]
[1]	[13]
[1]	[13]
[1]	[13]
[1]	[13]
[1]	[13]
[1]	[13]
[1]	[8]
[1]	[8]
[1]	[8]
[1]	[8]
[1]	[13]
[1]	[13]
[1]	[13]
[1]	[13]
[1]	[12]
[12]	[12]
[12]	[12]
[1]	[12]
[1]	[13]
[1]	[13]
[12]	[13]
[12]	[13]
[12]	[13]
[1]	[13]
[1]	[13]
[1]	[13]
[1]	[13]
[1]	[13]
[1]	[12]
[1]	[12]
[1]	[12]
[1]	[1]
[1]	[1]
[-1]	[1]
[1]	[1]
[1]	[1]
[1]	[1]
[1]	[1]
[1]	[1]
[1]	[1]
[1]	[1]
[1]	[1]
[1]	[1]
[1]	[1]
[1]	[1]
[1]	[12]
[1]	[12]
[1]	[12]
[1]	[12]
[1]	[1]
[1]	[6]
[1]	[6]
[1]	[6]
[1]	[1]
[1]	[1]
[1]	[1]
[1]	[1]
[1]	[1]
[1]	[1]
[1]	[1]
[1]	[1]
[1]	[1]
[1]	[1]
[1]	[1]
[1]	[12]
[1]	[6]
[1]	[6]
[1]	[6]
[1]	[8]
[1]	[8]
[1]	[8]
[1]	[1]
[1]	[1]
[1]	[8]
[1]	[8]
[1]	[8]
[1]	[1]
[1]	[1]
[1]	[1]
[1]	[1]
[1]	[1]
[1]	[1]
[1]	[1]
[1]	[1]
[1]	[1]
[1]	[1]
[1]	[1]
[1]	[1]
[1]	[1]
[1]	[6]
[1]	[6]
[1]	[6]
[1]	[1]
[1]	[1]
[1]	[1]
[1]	[1]
[1]	[1]
[1]	[8]
[1]	[8]
[1]	[8]
[1]	[8]
[1]	[8]
[1]	[8]
[1]	[1]
[1]	[1]
[1]	[1]
[1]	[1]
[1]	[1]
[1]	[1]
[1]	[1]
[1]	[1]
[1]	[1]
[1]	[6]
[1]	[6]
[1]	[6]
[1]	[1]
[1]	[1]
[1]	[6]
[1]	[6]
[1]	[6]
[1]	[8]
[1]	[8]
[1]	[8]
[1]	[1]
[1]	[1]
[1]	[1]
[1]	[8]
[1]	[8]
[1]	[8]
[1]	[1]
[-1]	[1]
[1]	[1]
[1]	[1]
[1]	[1]
[1]	[1]
[1]	[1]
[1]	[1]
[1]	[12]
[1]	[12]
[1]	[12]
