Accuracy: 0.3162166052557996

n_chords: 1
n_melody: 0
t_prior: 50.0
e_prior: 50.0

~ First 3000 predicted states ~
Predicted	True
[-1]	[-1]
[2]	[1]
[2]	[13]
[2]	[13]
[2]	[6]
[2]	[8]
[2]	[22]
[2]	[1]
[2]	[8]
[2]	[15]
[2]	[15]
[2]	[1]
[2]	[8]
[2]	[8]
[2]	[1]
[2]	[6]
[2]	[1]
[2]	[20]
[2]	[1]
[2]	[1]
[2]	[13]
[2]	[13]
[2]	[6]
[2]	[8]
[2]	[22]
[2]	[1]
[2]	[8]
[2]	[15]
[2]	[15]
[2]	[1]
[2]	[8]
[2]	[8]
[2]	[1]
[2]	[6]
[2]	[1]
[2]	[20]
[2]	[1]
[2]	[10]
[2]	[3]
[2]	[5]
[8]	[6]
[8]	[6]
[8]	[22]
[8]	[5]
[8]	[22]
[8]	[24]
[8]	[1]
[8]	[13]
[8]	[1]
[8]	[15]
[8]	[8]
[-1]	[1]
[1]	[1]
[1]	[6]
[1]	[1]
[1]	[8]
[1]	[22]
[1]	[6]
[1]	[1]
[1]	[6]
[1]	[22]
[1]	[22]
[1]	[17]
[1]	[6]
[1]	[8]
[1]	[8]
[1]	[1]
[1]	[8]
[1]	[1]
[1]	[1]
[1]	[24]
[8]	[1]
[8]	[1]
[8]	[1]
[8]	[8]
[8]	[1]
[8]	[1]
[8]	[3]
[8]	[8]
[8]	[8]
[8]	[8]
[8]	[3]
[1]	[8]
[1]	[1]
[1]	[15]
[1]	[15]
[1]	[15]
[1]	[22]
[1]	[22]
[1]	[1]
[1]	[8]
[1]	[1]
[1]	[1]
[1]	[6]
[-1]	[1]
[-1]	[1]
[-1]	[6]
[-1]	[24]
[-1]	[1]
[-1]	[8]
[-1]	[6]
[-1]	[8]
[-1]	[1]
[-1]	[1]
[-1]	[6]
[-1]	[1]
[-1]	[15]
[-1]	[8]
[-1]	[1]
[-1]	[8]
[-1]	[8]
[-1]	[8]
[-1]	[1]
[-1]	[8]
[-1]	[22]
[-1]	[24]
[-1]	[5]
[-1]	[5]
[-1]	[22]
[-1]	[8]
[-1]	[1]
[-1]	[8]
[-1]	[8]
[-1]	[6]
[-1]	[1]
[-1]	[8]
[-1]	[1]
[-1]	[-1]
[-1]	[1]
[-1]	[1]
[-1]	[1]
[-1]	[1]
[-1]	[6]
[-1]	[6]
[-1]	[8]
[-1]	[8]
[-1]	[1]
[-1]	[1]
[-1]	[10]
[-1]	[10]
[-1]	[15]
[-1]	[8]
[-1]	[8]
[-1]	[1]
[-1]	[1]
[-1]	[1]
[-1]	[1]
[-1]	[6]
[-1]	[6]
[-1]	[6]
[-1]	[6]
[-1]	[6]
[-1]	[1]
[-1]	[1]
[-1]	[8]
[-1]	[8]
[-1]	[1]
[-1]	[1]
[-1]	[1]
[-1]	[1]
[-1]	[1]
[-1]	[1]
[-1]	[1]
[-1]	[6]
[-1]	[6]
[-1]	[15]
[-1]	[15]
[-1]	[15]
[-1]	[15]
[-1]	[8]
[-1]	[8]
[-1]	[8]
[-1]	[8]
[-1]	[8]
[-1]	[8]
[-1]	[1]
[-1]	[1]
[-1]	[1]
[-1]	[1]
[-1]	[6]
[-1]	[6]
[-1]	[8]
[-1]	[8]
[-1]	[1]
[-1]	[1]
[-1]	[10]
[-1]	[10]
[-1]	[15]
[-1]	[8]
[-1]	[8]
[-1]	[1]
[-1]	[1]
[-1]	[1]
[-1]	[1]
[-1]	[6]
[-1]	[6]
[-1]	[15]
[-1]	[15]
[-1]	[15]
[-1]	[15]
[-1]	[8]
[-1]	[8]
[-1]	[1]
[-1]	[1]
[-1]	[1]
[-1]	[1]
[-1]	[1]
[-1]	[8]
[-1]	[8]
[-1]	[8]
[-1]	[8]
[-1]	[8]
[-1]	[8]
[1]	[1]
[1]	[1]
[1]	[1]
[1]	[1]
[1]	[1]
[1]	[1]
[1]	[1]
[6]	[8]
[6]	[8]
[6]	[8]
[6]	[8]
[6]	[8]
[6]	[8]
[6]	[8]
[1]	[1]
[1]	[1]
[1]	[1]
[1]	[8]
[1]	[8]
[1]	[8]
[1]	[3]
[1]	[3]
[1]	[3]
[1]	[8]
[1]	[8]
[1]	[8]
[1]	[8]
[8]	[1]
[8]	[1]
[8]	[1]
[8]	[10]
[8]	[10]
[8]	[10]
[8]	[15]
[8]	[15]
[8]	[15]
[8]	[15]
[8]	[8]
[8]	[8]
[8]	[8]
[8]	[8]
[8]	[8]
[8]	[8]
[8]	[1]
[8]	[1]
[8]	[1]
[8]	[1]
[8]	[1]
[8]	[1]
[8]	[1]
[8]	[8]
[8]	[8]
[8]	[8]
[8]	[8]
[8]	[8]
[8]	[8]
[1]	[8]
[1]	[1]
[1]	[1]
[1]	[1]
[1]	[1]
[1]	[1]
[1]	[1]
[1]	[1]
[1]	[8]
[1]	[8]
[1]	[8]
[1]	[8]
[1]	[8]
[1]	[8]
[1]	[8]
[1]	[8]
[1]	[8]
[1]	[1]
[1]	[1]
[6]	[1]
[6]	[1]
[6]	[1]
[6]	[1]
[6]	[8]
[6]	[8]
[6]	[8]
[6]	[8]
[6]	[8]
[6]	[8]
[6]	[8]
[6]	[1]
[6]	[1]
[6]	[1]
[6]	[1]
[6]	[1]
[6]	[1]
[6]	[1]
[6]	[6]
[6]	[6]
[6]	[6]
[6]	[8]
[6]	[8]
[6]	[8]
[6]	[8]
[1]	[8]
[1]	[8]
[1]	[1]
[1]	[1]
[1]	[1]
[1]	[1]
[1]	[1]
[1]	[1]
[8]	[15]
[8]	[15]
[8]	[15]
[8]	[15]
[8]	[8]
[8]	[8]
[8]	[8]
[1]	[1]
[1]	[1]
[1]	[1]
[1]	[1]
[1]	[1]
[1]	[1]
[6]	[8]
[6]	[8]
[6]	[8]
[6]	[8]
[6]	[8]
[6]	[8]
[6]	[8]
[1]	[1]
[1]	[1]
[1]	[1]
[1]	[1]
[1]	[15]
[1]	[15]
[1]	[15]
[1]	[15]
[1]	[8]
[1]	[8]
[1]	[8]
[1]	[8]
[1]	[8]
[1]	[8]
[1]	[1]
[1]	[1]
[-1]	[1]
[-1]	[22]
[-1]	[22]
[-1]	[22]
[-1]	[22]
[-1]	[24]
[-1]	[6]
[-1]	[19]
[-1]	[19]
[-1]	[22]
[-1]	[22]
[-1]	[22]
[-1]	[5]
[-1]	[5]
[-1]	[5]
[-1]	[22]
[-1]	[22]
[-1]	[22]
[-1]	[3]
[-1]	[5]
[-1]	[22]
[-1]	[24]
[-1]	[22]
[-1]	[17]
[-1]	[17]
[-1]	[1]
[-1]	[24]
[-1]	[19]
[-1]	[8]
[-1]	[22]
[-1]	[8]
[-1]	[8]
[-1]	[10]
[-1]	[14]
[-1]	[17]
[-1]	[19]
[-1]	[1]
[-1]	[12]
[-1]	[5]
[-1]	[1]
[-1]	[1]
[-1]	[8]
[-1]	[8]
[-1]	[8]
[-1]	[8]
[-1]	[8]
[-1]	[17]
[-1]	[5]
[-1]	[22]
[-1]	[5]
[-1]	[22]
[-1]	[22]
[-1]	[24]
[-1]	[24]
[-1]	[19]
[-1]	[22]
[-1]	[19]
[-1]	[15]
[-1]	[5]
[-1]	[5]
[-1]	[5]
[-1]	[22]
[-1]	[22]
[-1]	[22]
[-1]	[24]
[-1]	[17]
[-1]	[22]
[-1]	[5]
[-1]	[1]
[-1]	[1]
[-1]	[1]
[-1]	[1]
[-1]	[1]
[-1]	[1]
[-1]	[1]
[-1]	[1]
[-1]	[1]
[-1]	[1]
[-1]	[1]
[-1]	[1]
[-1]	[1]
[-1]	[1]
[-1]	[1]
[-1]	[1]
[-1]	[1]
[-1]	[1]
[-1]	[1]
[-1]	[1]
[-1]	[1]
[-1]	[1]
[-1]	[1]
[-1]	[1]
[-1]	[12]
[1]	[12]
[1]	[1]
[1]	[1]
[1]	[1]
[1]	[1]
[1]	[1]
[1]	[1]
[1]	[1]
[1]	[1]
[1]	[1]
[1]	[1]
[1]	[1]
[1]	[1]
[1]	[1]
[1]	[1]
[1]	[1]
[1]	[12]
[1]	[12]
[1]	[1]
[1]	[1]
[1]	[1]
[1]	[1]
[1]	[1]
[1]	[1]
[1]	[1]
[1]	[1]
[1]	[1]
[1]	[1]
[1]	[12]
[1]	[12]
[1]	[1]
[1]	[1]
[1]	[1]
[1]	[1]
[-1]	[1]
[-1]	[1]
[-1]	[6]
[-1]	[6]
[-1]	[1]
[-1]	[1]
[-1]	[6]
[-1]	[6]
[-1]	[1]
[-1]	[1]
[-1]	[6]
[-1]	[6]
[-1]	[1]
[-1]	[1]
[-1]	[8]
[-1]	[8]
[-1]	[1]
[-1]	[6]
[-1]	[6]
[-1]	[1]
[-1]	[1]
[-1]	[6]
[-1]	[6]
[-1]	[1]
[-1]	[1]
[-1]	[8]
[-1]	[8]
[-1]	[1]
[-1]	[1]
[-1]	[1]
[-1]	[1]
[-1]	[1]
[-1]	[1]
[-1]	[1]
[-1]	[6]
[-1]	[6]
[-1]	[6]
[-1]	[6]
[-1]	[1]
[-1]	[1]
[-1]	[1]
[-1]	[1]
[-1]	[1]
[-1]	[8]
[-1]	[8]
[-1]	[8]
[-1]	[8]
[-1]	[8]
[-1]	[1]
[-1]	[1]
[-1]	[1]
[-1]	[1]
[-1]	[6]
[-1]	[6]
[-1]	[6]
[-1]	[6]
[-1]	[1]
[-1]	[1]
[-1]	[8]
[-1]	[8]
[-1]	[8]
[-1]	[1]
[-1]	[1]
[1]	[-1]
[1]	[-1]
[1]	[-1]
[1]	[-1]
[1]	[8]
[1]	[8]
[1]	[1]
[1]	[1]
[1]	[1]
[1]	[1]
[1]	[1]
[6]	[8]
[6]	[8]
[6]	[6]
[6]	[6]
[6]	[6]
[6]	[6]
[6]	[6]
[8]	[6]
[8]	[8]
[8]	[8]
[8]	[8]
[8]	[8]
[8]	[8]
[8]	[8]
[8]	[8]
[8]	[8]
[8]	[8]
[1]	[1]
[1]	[1]
[1]	[1]
[1]	[1]
[1]	[1]
[1]	[1]
[1]	[8]
[1]	[8]
[1]	[1]
[1]	[1]
[1]	[1]
[1]	[1]
[6]	[1]
[6]	[6]
[6]	[6]
[6]	[6]
[6]	[6]
[6]	[6]
[6]	[6]
[6]	[6]
[1]	[6]
[1]	[1]
[1]	[1]
[1]	[1]
[1]	[1]
[1]	[1]
[1]	[1]
[1]	[15]
[1]	[15]
[1]	[8]
[1]	[8]
[1]	[1]
[1]	[1]
[1]	[1]
[8]	[1]
[8]	[1]
[8]	[1]
[8]	[1]
[8]	[1]
[8]	[1]
[8]	[1]
[8]	[1]
[8]	[3]
[8]	[3]
[8]	[3]
[8]	[3]
[8]	[3]
[8]	[3]
[8]	[3]
[8]	[3]
[8]	[3]
[8]	[3]
[8]	[8]
[8]	[8]
[8]	[8]
[8]	[3]
[8]	[3]
[8]	[3]
[8]	[3]
[8]	[3]
[8]	[3]
[8]	[3]
[8]	[3]
[8]	[3]
[8]	[8]
[8]	[8]
[8]	[8]
[8]	[8]
[8]	[8]
[8]	[8]
[8]	[8]
[8]	[8]
[8]	[8]
[8]	[8]
[8]	[8]
[8]	[8]
[8]	[8]
[8]	[8]
[8]	[8]
[8]	[8]
[8]	[3]
[8]	[3]
[8]	[3]
[8]	[3]
[8]	[3]
[8]	[3]
[8]	[3]
[8]	[3]
[8]	[3]
[8]	[3]
[8]	[8]
[8]	[8]
[8]	[8]
[8]	[3]
[6]	[3]
[6]	[3]
[6]	[3]
[6]	[3]
[6]	[3]
[6]	[8]
[6]	[8]
[6]	[8]
[6]	[8]
[6]	[8]
[6]	[8]
[6]	[3]
[6]	[3]
[6]	[3]
[6]	[3]
[6]	[3]
[6]	[3]
[6]	[3]
[6]	[3]
[6]	[3]
[6]	[8]
[6]	[8]
[6]	[8]
[6]	[8]
[6]	[8]
[6]	[8]
[6]	[8]
[6]	[8]
[6]	[8]
[6]	[8]
[6]	[8]
[6]	[8]
[6]	[8]
[6]	[8]
[6]	[8]
[6]	[11]
[6]	[11]
[6]	[11]
[6]	[11]
[6]	[6]
[6]	[6]
[6]	[6]
[6]	[6]
[6]	[6]
[6]	[1]
[6]	[1]
[6]	[1]
[6]	[1]
[6]	[1]
[6]	[6]
[6]	[6]
[6]	[6]
[6]	[6]
[6]	[6]
[6]	[6]
[6]	[6]
[6]	[6]
[6]	[6]
[6]	[6]
[6]	[6]
[6]	[6]
[6]	[6]
[6]	[6]
[6]	[6]
[6]	[6]
[6]	[11]
[6]	[11]
[6]	[11]
[6]	[11]
[6]	[6]
[6]	[6]
[6]	[6]
[6]	[6]
[6]	[6]
[6]	[6]
[6]	[1]
[6]	[1]
[6]	[1]
[6]	[1]
[6]	[6]
[6]	[6]
[-1]	[6]
[-1]	[1]
[-1]	[1]
[-1]	[1]
[-1]	[1]
[-1]	[1]
[-1]	[1]
[-1]	[8]
[-1]	[8]
[-1]	[8]
[-1]	[1]
[-1]	[1]
[-1]	[1]
[-1]	[6]
[-1]	[6]
[-1]	[6]
[-1]	[10]
[-1]	[10]
[-1]	[10]
[-1]	[3]
[-1]	[3]
[-1]	[3]
[-1]	[8]
[-1]	[8]
[-1]	[8]
[-1]	[1]
[-1]	[1]
[-1]	[1]
[-1]	[1]
[-1]	[1]
[-1]	[1]
[-1]	[8]
[-1]	[8]
[-1]	[8]
[-1]	[1]
[-1]	[1]
[-1]	[1]
[-1]	[6]
[-1]	[6]
[-1]	[6]
[-1]	[6]
[-1]	[6]
[-1]	[6]
[-1]	[8]
[-1]	[8]
[-1]	[8]
[-1]	[1]
[-1]	[10]
[-1]	[10]
[-1]	[10]
[-1]	[10]
[-1]	[10]
[-1]	[10]
[-1]	[10]
[-1]	[10]
[-1]	[10]
[-1]	[8]
[-1]	[8]
[-1]	[8]
[-1]	[1]
[-1]	[1]
[-1]	[1]
[-1]	[3]
[-1]	[3]
[-1]	[3]
[-1]	[8]
[-1]	[8]
[-1]	[8]
[-1]	[8]
[-1]	[8]
[-1]	[8]
[-1]	[10]
[-1]	[10]
[-1]	[10]
[-1]	[10]
[-1]	[10]
[-1]	[10]
[-1]	[10]
[-1]	[10]
[-1]	[10]
[-1]	[8]
[-1]	[8]
[-1]	[8]
[-1]	[1]
[-1]	[1]
[-1]	[1]
[-1]	[8]
[-1]	[8]
[1]	[8]
[1]	[8]
[1]	[8]
[1]	[8]
[1]	[1]
[1]	[1]
[1]	[1]
[1]	[1]
[1]	[1]
[1]	[1]
[1]	[1]
[1]	[1]
[1]	[1]
[1]	[1]
[1]	[1]
[1]	[1]
[1]	[1]
[1]	[1]
[1]	[1]
[1]	[1]
[1]	[1]
[1]	[1]
[1]	[8]
[1]	[8]
[1]	[8]
[1]	[1]
[1]	[1]
[1]	[1]
[1]	[3]
[1]	[3]
[1]	[3]
[1]	[8]
[1]	[8]
[1]	[8]
[1]	[8]
[1]	[8]
[1]	[8]
[1]	[1]
[1]	[1]
[1]	[1]
[1]	[1]
[1]	[1]
[1]	[1]
[1]	[1]
[1]	[1]
[1]	[1]
[1]	[8]
[1]	[8]
[1]	[8]
[1]	[6]
[1]	[6]
[1]	[6]
[1]	[8]
[1]	[8]
[1]	[8]
[1]	[8]
[1]	[8]
[1]	[8]
[1]	[1]
[1]	[1]
[1]	[1]
[1]	[1]
[1]	[1]
[1]	[1]
[1]	[1]
[1]	[1]
[-1]	[1]
[13]	[-1]
[13]	[13]
[13]	[13]
[13]	[13]
[13]	[13]
[13]	[13]
[13]	[20]
[13]	[20]
[13]	[20]
[13]	[20]
[13]	[20]
[13]	[20]
[13]	[13]
[13]	[13]
[13]	[13]
[13]	[13]
[13]	[13]
[13]	[13]
[13]	[20]
[13]	[20]
[13]	[20]
[13]	[20]
[13]	[20]
[13]	[20]
[13]	[13]
[13]	[13]
[13]	[13]
[13]	[13]
[13]	[13]
[13]	[20]
[13]	[20]
[13]	[20]
[13]	[20]
[13]	[20]
[13]	[13]
[13]	[13]
[13]	[13]
[13]	[8]
[13]	[8]
[13]	[8]
[13]	[13]
[13]	[13]
[12]	[13]
[12]	[13]
[12]	[5]
[12]	[5]
[12]	[5]
[12]	[5]
[12]	[5]
[12]	[12]
[12]	[12]
[12]	[12]
[12]	[12]
[13]	[12]
[13]	[13]
[13]	[13]
[13]	[13]
[13]	[13]
[13]	[13]
[13]	[13]
[13]	[8]
[13]	[8]
[13]	[8]
[13]	[8]
[13]	[13]
[13]	[13]
[13]	[13]
[13]	[8]
[13]	[8]
[13]	[8]
[13]	[13]
[13]	[13]
[13]	[13]
[13]	[13]
[13]	[18]
[13]	[18]
[13]	[13]
[13]	[13]
[13]	[13]
[13]	[8]
[13]	[8]
[13]	[8]
[13]	[13]
[-1]	[13]
[-1]	[-1]
[-1]	[1]
[-1]	[1]
[-1]	[1]
[-1]	[1]
[-1]	[1]
[-1]	[1]
[-1]	[1]
[-1]	[1]
[-1]	[1]
[-1]	[1]
[-1]	[1]
[-1]	[1]
[-1]	[1]
[-1]	[1]
[-1]	[1]
[-1]	[8]
[-1]	[8]
[-1]	[8]
[-1]	[8]
[-1]	[1]
[-1]	[1]
[-1]	[8]
[-1]	[8]
[-1]	[8]
[-1]	[1]
[-1]	[1]
[-1]	[1]
[-1]	[1]
[-1]	[8]
[-1]	[8]
[-1]	[8]
[-1]	[8]
[-1]	[8]
[-1]	[8]
[-1]	[1]
[-1]	[1]
[1]	[1]
[1]	[1]
[1]	[1]
[1]	[1]
[8]	[1]
[8]	[8]
[8]	[8]
[8]	[8]
[8]	[8]
[8]	[8]
[8]	[1]
[8]	[1]
[8]	[1]
[8]	[1]
[8]	[1]
[8]	[1]
[8]	[6]
[8]	[6]
[8]	[6]
[8]	[8]
[8]	[8]
[8]	[8]
[8]	[1]
[8]	[1]
[8]	[6]
[8]	[6]
[8]	[6]
[8]	[8]
[8]	[8]
[8]	[8]
[8]	[8]
[8]	[8]
[1]	[8]
[1]	[8]
[1]	[8]
[1]	[8]
[1]	[8]
[1]	[8]
[1]	[8]
[1]	[22]
[1]	[22]
[1]	[1]
[1]	[1]
[1]	[1]
[1]	[8]
[1]	[8]
[1]	[8]
[1]	[1]
[1]	[1]
[1]	[1]
[1]	[1]
[1]	[6]
[1]	[6]
[1]	[6]
[1]	[1]
[1]	[1]
[8]	[1]
[8]	[8]
[8]	[8]
[8]	[8]
[8]	[8]
[8]	[1]
[8]	[1]
[8]	[1]
[8]	[1]
[8]	[6]
[8]	[6]
[8]	[6]
[8]	[1]
[8]	[1]
[8]	[1]
[8]	[8]
[8]	[8]
[8]	[8]
[8]	[1]
[8]	[1]
[8]	[1]
[8]	[8]
[8]	[8]
[8]	[8]
[-1]	[1]
[-1]	[-1]
[-1]	[1]
[-1]	[1]
[-1]	[1]
[-1]	[12]
[-1]	[12]
[-1]	[12]
[-1]	[12]
[-1]	[1]
[-1]	[1]
[-1]	[1]
[-1]	[1]
[-1]	[1]
[-1]	[6]
[-1]	[6]
[-1]	[1]
[-1]	[1]
[-1]	[1]
[-1]	[12]
[-1]	[12]
[-1]	[12]
[-1]	[12]
[-1]	[1]
[-1]	[1]
[-1]	[1]
[-1]	[8]
[-1]	[8]
[-1]	[1]
[-1]	[1]
[-1]	[1]
[-1]	[1]
[-1]	[1]
[-1]	[1]
[-1]	[1]
[-1]	[12]
[-1]	[12]
[-1]	[12]
[-1]	[12]
[-1]	[1]
[-1]	[1]
[-1]	[1]
[-1]	[1]
[-1]	[1]
[-1]	[1]
[-1]	[1]
[-1]	[1]
[-1]	[1]
[-1]	[1]
[-1]	[1]
[-1]	[1]
[-1]	[12]
[-1]	[12]
[-1]	[12]
[-1]	[12]
[-1]	[1]
[-1]	[1]
[-1]	[1]
[-1]	[8]
[-1]	[8]
[-1]	[1]
[-1]	[8]
[-1]	[8]
[-1]	[8]
[-1]	[8]
[-1]	[8]
[-1]	[8]
[-1]	[8]
[-1]	[8]
[1]	[8]
[1]	[8]
[1]	[8]
[1]	[8]
[1]	[8]
[1]	[8]
[1]	[8]
[1]	[8]
[1]	[8]
[1]	[1]
[1]	[1]
[1]	[1]
[1]	[1]
[1]	[1]
[1]	[1]
[1]	[1]
[1]	[8]
[1]	[8]
[8]	[8]
[8]	[8]
[8]	[8]
[8]	[8]
[1]	[8]
[1]	[8]
[1]	[8]
[1]	[1]
[1]	[1]
[6]	[1]
[6]	[6]
[6]	[6]
[6]	[6]
[6]	[6]
[6]	[6]
[6]	[6]
[1]	[1]
[1]	[1]
[1]	[1]
[1]	[1]
[1]	[1]
[1]	[1]
[1]	[8]
[1]	[8]
[1]	[8]
[1]	[8]
[1]	[8]
[1]	[8]
[1]	[8]
[1]	[1]
[1]	[1]
[1]	[1]
[1]	[1]
[1]	[8]
[1]	[8]
[1]	[8]
[1]	[1]
[1]	[1]
[8]	[8]
[8]	[8]
[8]	[8]
[8]	[8]
[8]	[1]
[8]	[1]
[8]	[1]
[8]	[1]
[8]	[1]
[8]	[8]
[8]	[8]
[1]	[8]
[1]	[1]
[1]	[1]
[1]	[8]
[1]	[8]
[1]	[8]
[1]	[8]
[1]	[8]
[1]	[1]
[1]	[1]
[1]	[1]
[1]	[1]
[6]	[6]
[6]	[6]
[6]	[6]
[6]	[6]
[6]	[6]
[6]	[6]
[6]	[6]
[6]	[6]
[1]	[1]
[1]	[1]
[1]	[1]
[1]	[1]
[1]	[1]
[1]	[1]
[1]	[1]
[6]	[1]
[6]	[6]
[6]	[6]
[6]	[6]
[6]	[6]
[6]	[6]
[6]	[6]
[6]	[6]
[6]	[6]
[6]	[6]
[6]	[6]
[6]	[1]
[6]	[1]
[6]	[1]
[6]	[1]
[6]	[6]
[6]	[6]
[-1]	[6]
[-1]	[-1]
[-1]	[-1]
[-1]	[-1]
[-1]	[20]
[-1]	[20]
[-1]	[1]
[-1]	[1]
[-1]	[1]
[-1]	[1]
[-1]	[6]
[-1]	[6]
[-1]	[6]
[-1]	[1]
[-1]	[1]
[-1]	[1]
[-1]	[6]
[-1]	[1]
[-1]	[6]
[-1]	[6]
[-1]	[6]
[-1]	[20]
[-1]	[20]
[-1]	[1]
[-1]	[1]
[-1]	[1]
[-1]	[1]
[-1]	[6]
[-1]	[6]
[-1]	[6]
[-1]	[1]
[-1]	[1]
[-1]	[1]
[-1]	[8]
[-1]	[1]
[-1]	[1]
[-1]	[1]
[-1]	[1]
[-1]	[6]
[-1]	[6]
[-1]	[6]
[-1]	[6]
[-1]	[6]
[-1]	[6]
[-1]	[6]
[-1]	[6]
[-1]	[6]
[-1]	[1]
[-1]	[1]
[-1]	[1]
[-1]	[1]
[-1]	[1]
[-1]	[1]
[-1]	[1]
[-1]	[1]
[-1]	[1]
[-1]	[1]
[-1]	[1]
[-1]	[6]
[-1]	[6]
[-1]	[6]
[-1]	[6]
[-1]	[6]
[-1]	[6]
[-1]	[6]
[-1]	[6]
[-1]	[6]
[-1]	[6]
[-1]	[6]
[-1]	[6]
[-1]	[1]
[-1]	[1]
[-1]	[1]
[-1]	[22]
[-1]	[22]
[-1]	[22]
[-1]	[8]
[-1]	[13]
[-1]	[13]
[13]	[13]
[13]	[13]
[13]	[8]
[13]	[8]
[13]	[8]
[13]	[8]
[13]	[8]
[13]	[8]
[13]	[8]
[13]	[8]
[13]	[8]
[13]	[13]
[13]	[13]
[13]	[13]
[13]	[13]
[13]	[13]
[13]	[13]
[13]	[13]
[13]	[13]
[13]	[13]
[13]	[8]
[13]	[8]
[13]	[8]
[13]	[8]
[13]	[8]
[13]	[8]
[13]	[8]
[13]	[8]
[13]	[8]
[13]	[13]
[13]	[13]
[13]	[13]
[13]	[3]
[13]	[3]
[13]	[3]
[13]	[3]
[13]	[3]
[13]	[3]
[13]	[8]
[13]	[8]
[13]	[8]
[13]	[8]
[13]	[8]
[13]	[8]
[13]	[8]
[13]	[8]
[13]	[8]
[13]	[8]
[13]	[8]
[13]	[13]
[13]	[13]
[13]	[13]
[13]	[13]
[13]	[13]
[13]	[13]
[13]	[13]
[13]	[13]
[13]	[13]
[13]	[13]
[13]	[13]
[13]	[8]
[13]	[8]
[13]	[8]
[13]	[8]
[13]	[8]
[13]	[8]
[13]	[8]
[13]	[8]
[13]	[8]
[13]	[13]
[13]	[13]
[13]	[5]
[13]	[5]
[13]	[5]
[13]	[5]
[13]	[1]
[13]	[1]
[18]	[1]
[18]	[1]
[18]	[18]
[18]	[18]
[18]	[18]
[18]	[18]
[18]	[18]
[18]	[18]
[18]	[18]
[13]	[18]
[13]	[8]
[13]	[8]
[13]	[8]
[13]	[8]
[13]	[8]
[13]	[8]
[13]	[8]
[13]	[8]
[13]	[8]
[13]	[13]
[13]	[13]
[13]	[13]
[13]	[13]
[13]	[13]
[13]	[13]
[13]	[13]
[13]	[13]
[13]	[13]
[13]	[13]
[13]	[13]
[13]	[13]
[13]	[6]
[13]	[6]
[13]	[6]
[13]	[6]
[13]	[6]
[13]	[6]
[13]	[6]
[13]	[6]
[13]	[6]
[13]	[6]
[13]	[6]
[13]	[6]
[13]	[6]
[13]	[6]
[13]	[6]
[12]	[6]
[12]	[8]
[12]	[8]
[12]	[8]
[12]	[8]
[12]	[8]
[12]	[8]
[12]	[8]
[12]	[8]
[12]	[8]
[12]	[8]
[12]	[8]
[12]	[8]
[12]	[8]
[12]	[8]
[12]	[8]
[12]	[8]
[12]	[8]
[12]	[8]
[12]	[8]
[12]	[8]
[12]	[8]
[12]	[8]
[12]	[8]
[12]	[13]
[13]	[13]
[13]	[13]
[13]	[13]
[13]	[13]
[13]	[13]
[13]	[13]
[13]	[13]
[13]	[13]
[13]	[13]
[13]	[13]
[13]	[13]
[13]	[13]
[13]	[13]
[13]	[13]
[13]	[13]
[13]	[13]
[13]	[13]
[13]	[13]
[13]	[13]
[13]	[13]
[13]	[13]
[13]	[1]
[18]	[1]
[18]	[18]
[18]	[18]
[18]	[18]
[18]	[18]
[18]	[18]
[18]	[18]
[18]	[18]
[18]	[18]
[18]	[18]
[18]	[18]
[18]	[13]
[13]	[13]
[13]	[13]
[13]	[13]
[13]	[13]
[13]	[13]
[13]	[13]
[13]	[8]
[13]	[8]
[13]	[8]
[13]	[8]
[13]	[8]
[13]	[8]
[-1]	[13]
[1]	[-1]
[1]	[-1]
[1]	[1]
[1]	[1]
[1]	[1]
[1]	[1]
[1]	[1]
[1]	[1]
[1]	[1]
[1]	[1]
[1]	[1]
[1]	[1]
[1]	[1]
[1]	[1]
[1]	[1]
[1]	[1]
[1]	[1]
[8]	[1]
[8]	[8]
[8]	[8]
[8]	[8]
[8]	[8]
[8]	[8]
[8]	[8]
[8]	[8]
[8]	[8]
[8]	[8]
[8]	[8]
[8]	[8]
[8]	[8]
[8]	[8]
[8]	[8]
[8]	[8]
[8]	[8]
[8]	[8]
[8]	[8]
[8]	[8]
[8]	[8]
[8]	[8]
[1]	[8]
[1]	[8]
[1]	[1]
[1]	[1]
[1]	[1]
[1]	[1]
[1]	[1]
[1]	[8]
[1]	[8]
[1]	[8]
[1]	[8]
[1]	[8]
[1]	[8]
[1]	[8]
[1]	[1]
[1]	[1]
[1]	[1]
[8]	[5]
[8]	[8]
[8]	[8]
[8]	[8]
[8]	[8]
[8]	[8]
[8]	[8]
[8]	[8]
[8]	[3]
[8]	[3]
[8]	[3]
[8]	[3]
[8]	[3]
[8]	[3]
[8]	[3]
[8]	[3]
[8]	[3]
[8]	[3]
[8]	[3]
[8]	[3]
[8]	[3]
[8]	[3]
[8]	[3]
[8]	[8]
[8]	[8]
[8]	[8]
[8]	[8]
[8]	[8]
[8]	[8]
[8]	[8]
[8]	[8]
[8]	[8]
[8]	[8]
[8]	[8]
[8]	[8]
[8]	[8]
[8]	[8]
[8]	[8]
[8]	[3]
[8]	[3]
[8]	[3]
[8]	[3]
[8]	[3]
[8]	[3]
[8]	[3]
[8]	[3]
[1]	[3]
[1]	[3]
[1]	[3]
[1]	[3]
[1]	[3]
[1]	[3]
[1]	[8]
[1]	[8]
[1]	[8]
[1]	[8]
[6]	[6]
[6]	[6]
[6]	[6]
[6]	[6]
[6]	[6]
[6]	[6]
[6]	[6]
[6]	[6]
[6]	[6]
[6]	[6]
[6]	[6]
[6]	[6]
[6]	[6]
[6]	[6]
[6]	[6]
[6]	[6]
[6]	[6]
[6]	[6]
[6]	[6]
[6]	[6]
[6]	[6]
[6]	[1]
[1]	[1]
[1]	[1]
[1]	[1]
[1]	[1]
[1]	[1]
[1]	[1]
[1]	[1]
[1]	[1]
[1]	[1]
[1]	[1]
[1]	[1]
[1]	[1]
[1]	[1]
[1]	[1]
[1]	[1]
[1]	[1]
[1]	[1]
[1]	[1]
[1]	[1]
[1]	[1]
[1]	[1]
[1]	[1]
[1]	[1]
[1]	[1]
[1]	[1]
[1]	[1]
[1]	[1]
[6]	[6]
[6]	[6]
[6]	[6]
[6]	[6]
[6]	[6]
[6]	[6]
[6]	[6]
[6]	[6]
[6]	[6]
[6]	[6]
[6]	[6]
[6]	[6]
[6]	[6]
[6]	[6]
[6]	[6]
[6]	[6]
[6]	[6]
[6]	[6]
[6]	[6]
[6]	[6]
[6]	[6]
[6]	[6]
[6]	[6]
[6]	[6]
[6]	[6]
[6]	[6]
[6]	[6]
[6]	[6]
[8]	[6]
[8]	[11]
[8]	[11]
[8]	[11]
[8]	[11]
[8]	[11]
[8]	[11]
[8]	[11]
[8]	[11]
[8]	[11]
[1]	[11]
[1]	[11]
[6]	[6]
[6]	[6]
[6]	[6]
[6]	[6]
[6]	[6]
[6]	[6]
[6]	[6]
[6]	[1]
[6]	[1]
[6]	[1]
[6]	[1]
[6]	[1]
[6]	[1]
[6]	[6]
[-1]	[6]
[-1]	[8]
[18]	[8]
[18]	[6]
[18]	[6]
[18]	[6]
[18]	[6]
[18]	[6]
[18]	[6]
[18]	[6]
[18]	[6]
[18]	[6]
[18]	[6]
[18]	[6]
[18]	[6]
[18]	[6]
[18]	[6]
[18]	[6]
[18]	[6]
[18]	[8]
[18]	[8]
[18]	[8]
[18]	[8]
[18]	[8]
[18]	[8]
[18]	[8]
[18]	[8]
[18]	[6]
[18]	[6]
[18]	[6]
[18]	[6]
[18]	[6]
[18]	[6]
[18]	[6]
[1]	[6]
[1]	[1]
[1]	[1]
[1]	[1]
[1]	[1]
[1]	[1]
[1]	[1]
[1]	[1]
[8]	[1]
[8]	[8]
[8]	[8]
[8]	[8]
[8]	[8]
[8]	[8]
[8]	[8]
[8]	[8]
[8]	[8]
[8]	[1]
[8]	[6]
[8]	[8]
[8]	[6]
[8]	[6]
[8]	[6]
[8]	[6]
[8]	[8]
[8]	[8]
[8]	[8]
[8]	[8]
[8]	[8]
[1]	[8]
[1]	[1]
[1]	[1]
[1]	[1]
[1]	[1]
[1]	[1]
[6]	[1]
[6]	[1]
[6]	[1]
[6]	[1]
[6]	[8]
[6]	[8]
[6]	[8]
[6]	[8]
[6]	[6]
[6]	[6]
[6]	[6]
[6]	[6]
[6]	[6]
[6]	[6]
[6]	[6]
[6]	[6]
[1]	[6]
[1]	[1]
[1]	[1]
[1]	[1]
[1]	[1]
[1]	[8]
[1]	[8]
[1]	[8]
[6]	[8]
[6]	[8]
[6]	[8]
[6]	[6]
[6]	[6]
[6]	[6]
[6]	[6]
[6]	[6]
[6]	[6]
[6]	[6]
[1]	[6]
[1]	[6]
[1]	[8]
[1]	[8]
[1]	[8]
[1]	[8]
[1]	[8]
[1]	[8]
[1]	[1]
[1]	[1]
[1]	[1]
[1]	[1]
[1]	[1]
[6]	[1]
[6]	[1]
[6]	[1]
[6]	[1]
[6]	[8]
[6]	[8]
[6]	[8]
[6]	[8]
[6]	[6]
[6]	[6]
[6]	[6]
[6]	[6]
[6]	[6]
[6]	[6]
[6]	[6]
[6]	[8]
[6]	[8]
[6]	[8]
[6]	[8]
[6]	[6]
[6]	[6]
[6]	[6]
[1]	[6]
[1]	[1]
[1]	[1]
[8]	[1]
[8]	[1]
[8]	[8]
[8]	[8]
[-1]	[8]
[-1]	[1]
[-1]	[1]
[-1]	[1]
[-1]	[1]
[-1]	[1]
[-1]	[8]
[-1]	[8]
[-1]	[8]
[-1]	[8]
[-1]	[8]
[-1]	[8]
[-1]	[8]
[-1]	[8]
[1]	[8]
[1]	[1]
[1]	[1]
[1]	[8]
[1]	[8]
[1]	[1]
[1]	[1]
[1]	[1]
[1]	[1]
[6]	[1]
[6]	[8]
[6]	[8]
[6]	[8]
[6]	[8]
[6]	[8]
[6]	[8]
[6]	[8]
[6]	[8]
[6]	[8]
[6]	[1]
[6]	[6]
[6]	[6]
[6]	[6]
[6]	[6]
[6]	[6]
[6]	[6]
[1]	[1]
[1]	[1]
[1]	[1]
[1]	[1]
[1]	[1]
[8]	[1]
[8]	[8]
[8]	[8]
[8]	[8]
[8]	[8]
[8]	[8]
[1]	[8]
[1]	[1]
[1]	[1]
[1]	[1]
[1]	[1]
[6]	[6]
[6]	[6]
[6]	[6]
[6]	[6]
[6]	[6]
[6]	[6]
[1]	[1]
[1]	[1]
[1]	[1]
[1]	[1]
[1]	[1]
[8]	[1]
[8]	[8]
[8]	[8]
[8]	[8]
[8]	[8]
[8]	[8]
[-1]	[8]
[-1]	[-1]
[-1]	[-1]
[-1]	[-1]
[-1]	[8]
[-1]	[8]
[-1]	[8]
[-1]	[8]
[-1]	[8]
[-1]	[8]
[-1]	[8]
[-1]	[8]
[-1]	[6]
[-1]	[6]
[-1]	[6]
[-1]	[6]
[-1]	[6]
[-1]	[6]
[-1]	[6]
[-1]	[6]
[-1]	[6]
[-1]	[8]
[-1]	[8]
[-1]	[8]
[-1]	[8]
[-1]	[8]
[-1]	[8]
[-1]	[8]
[-1]	[8]
[1]	[8]
[1]	[1]
[1]	[1]
[1]	[1]
[1]	[1]
[1]	[1]
[1]	[1]
[1]	[1]
[1]	[1]
[1]	[1]
[1]	[1]
[1]	[1]
[1]	[1]
[1]	[1]
[1]	[1]
[1]	[1]
[1]	[1]
[1]	[1]
[1]	[1]
[1]	[1]
[1]	[1]
[1]	[8]
[1]	[8]
[1]	[8]
[1]	[1]
[1]	[1]
[1]	[1]
[1]	[1]
[1]	[8]
[1]	[8]
[1]	[8]
[1]	[8]
[1]	[1]
[1]	[1]
[1]	[1]
[1]	[8]
[1]	[8]
[1]	[8]
[1]	[20]
[1]	[20]
[1]	[20]
[1]	[20]
[1]	[1]
[1]	[1]
[1]	[1]
[1]	[1]
[1]	[1]
[1]	[1]
[1]	[1]
[1]	[1]
[1]	[8]
[1]	[8]
[1]	[8]
[1]	[8]
[1]	[1]
[1]	[1]
[1]	[1]
[1]	[1]
[1]	[1]
[1]	[8]
[1]	[8]
[1]	[8]
[1]	[8]
[1]	[1]
[1]	[1]
[1]	[1]
[1]	[1]
[1]	[1]
[1]	[6]
[1]	[6]
[1]	[6]
[1]	[6]
[1]	[8]
[1]	[8]
[1]	[8]
[1]	[8]
[1]	[8]
[1]	[1]
[1]	[1]
[1]	[1]
[-1]	[1]
[-1]	[-1]
[1]	[-1]
[1]	[1]
[1]	[1]
[1]	[1]
[1]	[1]
[1]	[1]
[1]	[1]
[1]	[1]
[1]	[1]
[1]	[1]
[1]	[8]
[1]	[8]
[1]	[8]
[1]	[8]
[1]	[1]
[1]	[1]
[1]	[1]
[1]	[8]
[1]	[8]
[1]	[8]
[1]	[1]
[1]	[1]
[1]	[1]
[1]	[1]
[1]	[1]
[1]	[1]
[1]	[1]
[1]	[1]
[1]	[1]
[1]	[8]
[1]	[8]
[6]	[8]
[6]	[8]
[6]	[8]
[6]	[1]
[6]	[1]
[6]	[1]
[6]	[1]
[6]	[1]
[6]	[1]
[1]	[8]
[1]	[8]
[1]	[1]
[1]	[1]
[1]	[1]
[1]	[1]
[6]	[1]
[6]	[15]
[6]	[15]
[6]	[8]
[6]	[8]
[6]	[8]
[6]	[1]
[6]	[1]
[6]	[1]
[6]	[6]
[6]	[6]
[6]	[6]
[6]	[1]
[6]	[1]
[1]	[8]
[1]	[8]
[1]	[1]
[1]	[1]
[1]	[1]
[1]	[1]
[6]	[1]
[6]	[6]
[6]	[6]
[6]	[8]
[6]	[8]
[6]	[8]
[-1]	[1]
[-1]	[-1]
[-1]	[-1]
[-1]	[1]
[-1]	[1]
[-1]	[1]
[-1]	[1]
[-1]	[1]
[-1]	[6]
[-1]	[6]
[-1]	[6]
[-1]	[1]
[1]	[1]
[1]	[1]
[1]	[1]
[1]	[1]
[1]	[1]
[1]	[1]
[1]	[1]
[1]	[8]
[1]	[8]
[1]	[8]
[1]	[8]
[1]	[8]
[1]	[8]
[1]	[8]
[1]	[1]
[1]	[1]
[1]	[1]
[1]	[8]
[6]	[8]
[6]	[8]
[6]	[1]
[6]	[1]
[6]	[1]
[6]	[1]
[6]	[1]
[6]	[1]
[6]	[1]
[6]	[6]
[6]	[6]
[6]	[6]
[6]	[6]
[6]	[6]
[6]	[6]
[6]	[6]
[6]	[6]
[6]	[6]
[1]	[6]
[1]	[1]
[1]	[1]
[1]	[1]
[1]	[1]
[1]	[1]
[1]	[1]
[1]	[8]
[1]	[8]
[1]	[8]
[1]	[8]
[1]	[8]
[1]	[8]
[1]	[8]
[1]	[8]
[1]	[8]
[1]	[1]
[1]	[1]
[1]	[1]
[1]	[1]
[1]	[1]
[6]	[1]
[6]	[1]
[6]	[6]
[6]	[6]
[6]	[6]
[6]	[6]
[6]	[6]
[6]	[6]
[6]	[6]
[6]	[6]
[6]	[6]
[1]	[6]
[1]	[1]
[1]	[1]
[1]	[1]
[1]	[1]
[1]	[1]
[1]	[1]
[1]	[8]
[1]	[8]
[1]	[8]
[1]	[8]
[1]	[8]
[1]	[8]
[1]	[8]
[1]	[8]
[1]	[8]
[1]	[8]
[1]	[8]
[1]	[8]
[1]	[1]
[1]	[1]
[-1]	[1]
[-1]	[1]
[-1]	[1]
[-1]	[8]
[-1]	[8]
[-1]	[8]
[-1]	[8]
[-1]	[8]
[-1]	[8]
[-1]	[8]
[-1]	[1]
[-1]	[1]
[-1]	[1]
[-1]	[1]
[-1]	[1]
[-1]	[1]
[-1]	[1]
[-1]	[1]
[-1]	[1]
[-1]	[1]
[-1]	[1]
[-1]	[1]
[-1]	[8]
[-1]	[8]
[-1]	[8]
[-1]	[8]
[-1]	[8]
[-1]	[8]
[-1]	[8]
[-1]	[8]
[-1]	[1]
[-1]	[1]
[-1]	[1]
[-1]	[1]
[-1]	[1]
[-1]	[1]
[-1]	[1]
[-1]	[1]
[-1]	[1]
[-1]	[1]
[-1]	[1]
[-1]	[1]
[-1]	[1]
[-1]	[1]
[-1]	[1]
[-1]	[1]
[-1]	[1]
[-1]	[1]
[-1]	[1]
[-1]	[1]
[-1]	[1]
[-1]	[1]
[-1]	[1]
[-1]	[1]
[-1]	[1]
[-1]	[1]
[-1]	[1]
[-1]	[1]
[-1]	[1]
[-1]	[1]
[-1]	[1]
[-1]	[1]
[-1]	[1]
[-1]	[1]
[-1]	[1]
[-1]	[1]
[-1]	[1]
[-1]	[1]
[-1]	[1]
[-1]	[1]
[-1]	[1]
[-1]	[8]
[-1]	[8]
[-1]	[8]
[-1]	[8]
[-1]	[8]
[-1]	[8]
[-1]	[8]
[-1]	[8]
[-1]	[8]
[-1]	[8]
[-1]	[8]
[-1]	[8]
[-1]	[8]
[-1]	[1]
[-1]	[1]
[-1]	[1]
[-1]	[1]
[-1]	[13]
[12]	[13]
[12]	[13]
[12]	[12]
[12]	[12]
[12]	[12]
[12]	[13]
[12]	[13]
[12]	[13]
[12]	[20]
[12]	[20]
[12]	[20]
[12]	[20]
[12]	[13]
[12]	[13]
[12]	[13]
[12]	[12]
[12]	[12]
[12]	[12]
[12]	[20]
[12]	[20]
[12]	[20]
[12]	[20]
[12]	[6]
[12]	[6]
[12]	[6]
[12]	[6]
[12]	[13]
[12]	[13]
[12]	[13]
[12]	[12]
[12]	[12]
[12]	[12]
[12]	[13]
[12]	[13]
[12]	[13]
[12]	[20]
[12]	[20]
[12]	[20]
[12]	[13]
[12]	[13]
[12]	[13]
[12]	[13]
[12]	[12]
[12]	[12]
[12]	[12]
[12]	[12]
[12]	[20]
[12]	[20]
[12]	[20]
[13]	[6]
[13]	[6]
[13]	[6]
[13]	[6]
[13]	[5]
[13]	[5]
[13]	[5]
[13]	[5]
[13]	[5]
[13]	[5]
[13]	[5]
[13]	[5]
[13]	[6]
[13]	[6]
[13]	[6]
[13]	[6]
[13]	[9]
[13]	[9]
[13]	[9]
[13]	[20]
[13]	[20]
[13]	[20]
[13]	[20]
[13]	[9]
[13]	[9]
[13]	[20]
[13]	[20]
[13]	[20]
[13]	[20]
[13]	[6]
[13]	[6]
[13]	[6]
[13]	[6]
[13]	[5]
[13]	[5]
[13]	[5]
[13]	[5]
[13]	[5]
[13]	[5]
[13]	[5]
[13]	[5]
[13]	[6]
[13]	[6]
[13]	[6]
[13]	[6]
[13]	[9]
[13]	[9]
[12]	[9]
[12]	[20]
[12]	[20]
[12]	[20]
[12]	[20]
[12]	[9]
[12]	[9]
[12]	[12]
[12]	[12]
[12]	[12]
[12]	[12]
[12]	[12]
[12]	[18]
[12]	[18]
[12]	[18]
[-1]	[18]
[-1]	[-1]
[-1]	[-1]
[-1]	[-1]
[-1]	[-1]
[-1]	[-1]
[-1]	[-1]
[-1]	[-1]
[-1]	[-1]
[-1]	[-1]
[-1]	[-1]
[-1]	[-1]
[-1]	[-1]
[-1]	[-1]
[-1]	[-1]
[-1]	[17]
[-1]	[17]
[-1]	[17]
[-1]	[17]
[-1]	[17]
[-1]	[17]
[-1]	[17]
[-1]	[17]
[-1]	[17]
[-1]	[17]
[-1]	[17]
[-1]	[17]
[-1]	[17]
[-1]	[17]
[-1]	[17]
[-1]	[17]
[-1]	[17]
[-1]	[17]
[-1]	[17]
[-1]	[17]
[-1]	[17]
[-1]	[17]
[-1]	[17]
[-1]	[17]
[-1]	[17]
[-1]	[17]
[-1]	[17]
[-1]	[17]
[-1]	[17]
[-1]	[17]
[-1]	[17]
[-1]	[17]
[-1]	[17]
[-1]	[17]
[-1]	[17]
[-1]	[17]
[-1]	[17]
[-1]	[17]
[-1]	[17]
[-1]	[17]
[-1]	[17]
[-1]	[17]
[-1]	[17]
[-1]	[17]
[-1]	[3]
[-1]	[3]
[-1]	[3]
[-1]	[3]
[-1]	[3]
[-1]	[3]
[-1]	[3]
[-1]	[3]
[-1]	[3]
[-1]	[3]
[-1]	[3]
[-1]	[3]
[-1]	[3]
[-1]	[3]
[-1]	[3]
[18]	[3]
[18]	[3]
[18]	[3]
[18]	[3]
[18]	[3]
[18]	[3]
[18]	[3]
[18]	[3]
[18]	[3]
[18]	[3]
[8]	[3]
[8]	[3]
[8]	[3]
[8]	[3]
[8]	[3]
[8]	[3]
[8]	[3]
[8]	[3]
[8]	[3]
[8]	[3]
[8]	[3]
[1]	[3]
[1]	[3]
[1]	[3]
[1]	[3]
[1]	[3]
[1]	[3]
[6]	[3]
[6]	[3]
[6]	[3]
[6]	[3]
[6]	[3]
[6]	[3]
[6]	[3]
[6]	[3]
[6]	[3]
[6]	[3]
[6]	[3]
[6]	[3]
[6]	[3]
[6]	[3]
[6]	[3]
[6]	[3]
[6]	[3]
[6]	[3]
[6]	[3]
[6]	[3]
[6]	[3]
[8]	[3]
[8]	[3]
[8]	[8]
[8]	[8]
[8]	[8]
[8]	[8]
[8]	[8]
[8]	[8]
[8]	[8]
[8]	[8]
[8]	[8]
[8]	[8]
[8]	[8]
[8]	[8]
[8]	[8]
[8]	[8]
[8]	[8]
[8]	[8]
[8]	[8]
[8]	[8]
[1]	[8]
[6]	[8]
[6]	[3]
[6]	[3]
[6]	[3]
[6]	[3]
[6]	[3]
[6]	[3]
[6]	[3]
[6]	[8]
[6]	[8]
[6]	[8]
[6]	[8]
[6]	[8]
[-1]	[8]
[-1]	[8]
[-1]	[8]
[-1]	[8]
[-1]	[8]
[-1]	[8]
[-1]	[8]
[-1]	[8]
[-1]	[8]
[-1]	[8]
[-1]	[8]
[-1]	[8]
[-1]	[8]
[-1]	[8]
[-1]	[8]
[-1]	[8]
[-1]	[8]
[-1]	[8]
[-1]	[8]
[-1]	[8]
[-1]	[8]
[-1]	[8]
[-1]	[17]
[-1]	[17]
[-1]	[17]
[-1]	[17]
[-1]	[17]
[-1]	[17]
[-1]	[17]
[-1]	[17]
[-1]	[17]
[-1]	[17]
[-1]	[17]
[-1]	[17]
[-1]	[17]
[-1]	[17]
[-1]	[17]
[-1]	[17]
[-1]	[17]
[-1]	[17]
[-1]	[17]
[-1]	[17]
[-1]	[17]
[-1]	[17]
[-1]	[17]
[-1]	[17]
[-1]	[17]
[-1]	[17]
[-1]	[17]
[-1]	[17]
[-1]	[17]
[-1]	[17]
[-1]	[17]
[-1]	[17]
[-1]	[17]
[-1]	[17]
[-1]	[17]
[-1]	[17]
[-1]	[17]
[-1]	[17]
[-1]	[17]
[-1]	[17]
[-1]	[17]
[-1]	[17]
[-1]	[17]
[-1]	[17]
[-1]	[17]
[-1]	[17]
[-1]	[17]
[-1]	[17]
[-1]	[17]
[-1]	[17]
[-1]	[17]
[-1]	[17]
[-1]	[17]
[-1]	[17]
[-1]	[17]
[-1]	[17]
[-1]	[17]
[-1]	[17]
[-1]	[17]
[-1]	[17]
[-1]	[17]
[-1]	[17]
[-1]	[17]
[-1]	[17]
[-1]	[17]
[-1]	[17]
[-1]	[17]
[-1]	[17]
[-1]	[17]
[-1]	[17]
[-1]	[17]
[-1]	[17]
[-1]	[17]
[-1]	[17]
[13]	[-1]
[13]	[-1]
[13]	[-1]
[13]	[-1]
[13]	[-1]
[13]	[-1]
[13]	[-1]
[13]	[-1]
[13]	[-1]
[13]	[-1]
[13]	[-1]
[13]	[-1]
[13]	[-1]
[13]	[-1]
[13]	[5]
[13]	[5]
[13]	[5]
[13]	[5]
[13]	[5]
[13]	[5]
[13]	[5]
[13]	[5]
[13]	[5]
[13]	[5]
[13]	[5]
[13]	[5]
[13]	[8]
[13]	[8]
[13]	[8]
[13]	[8]
[13]	[8]
[13]	[8]
[13]	[8]
[13]	[13]
[13]	[13]
[13]	[13]
[13]	[13]
[13]	[13]
[13]	[13]
[13]	[13]
[13]	[13]
[13]	[13]
[13]	[13]
[13]	[13]
[13]	[13]
[13]	[13]
[13]	[13]
[13]	[13]
[13]	[13]
[13]	[13]
[13]	[13]
[13]	[13]
[13]	[13]
[13]	[13]
[13]	[13]
[13]	[13]
[13]	[13]
[13]	[13]
[13]	[13]
[13]	[13]
[13]	[13]
[13]	[13]
[13]	[13]
[13]	[13]
[13]	[13]
[13]	[13]
[13]	[13]
[13]	[13]
[13]	[18]
[13]	[18]
[13]	[18]
[13]	[18]
[13]	[18]
[13]	[18]
[13]	[8]
[13]	[8]
[13]	[8]
[13]	[8]
[13]	[8]
[13]	[8]
[13]	[8]
[13]	[8]
[13]	[13]
[13]	[13]
[13]	[13]
[13]	[13]
[13]	[13]
[13]	[13]
[13]	[13]
[13]	[13]
[13]	[13]
[13]	[13]
[13]	[13]
[13]	[13]
[13]	[13]
[13]	[10]
[13]	[10]
[13]	[10]
[13]	[10]
[13]	[5]
[13]	[5]
[13]	[5]
[13]	[5]
[13]	[5]
[13]	[5]
[13]	[5]
[13]	[5]
[13]	[5]
[13]	[5]
[13]	[5]
[13]	[5]
[13]	[5]
[13]	[5]
[13]	[5]
[13]	[8]
[13]	[8]
[13]	[8]
[13]	[8]
[13]	[8]
[13]	[8]
[13]	[8]
[13]	[13]
[13]	[13]
[13]	[13]
[13]	[13]
[13]	[13]
[13]	[13]
[13]	[13]
[13]	[13]
[13]	[13]
[13]	[13]
[13]	[13]
[13]	[13]
[13]	[13]
[13]	[13]
[13]	[13]
[13]	[13]
[13]	[13]
[13]	[13]
[13]	[13]
[13]	[13]
[13]	[13]
[13]	[13]
[13]	[13]
[13]	[13]
[13]	[5]
[13]	[5]
[13]	[5]
[13]	[5]
[13]	[5]
[13]	[5]
[13]	[5]
[13]	[5]
[13]	[5]
[13]	[5]
[13]	[5]
[13]	[5]
[13]	[5]
[13]	[5]
[13]	[5]
[13]	[5]
[13]	[8]
[13]	[8]
[13]	[8]
[13]	[8]
[13]	[8]
[13]	[8]
[13]	[8]
[13]	[8]
[13]	[13]
[13]	[13]
[13]	[13]
[13]	[13]
[13]	[13]
[13]	[13]
[13]	[13]
[13]	[13]
[13]	[13]
[13]	[5]
[13]	[5]
[13]	[5]
[13]	[5]
[13]	[5]
[13]	[5]
[13]	[5]
[13]	[5]
[13]	[12]
[13]	[12]
[13]	[12]
[13]	[12]
[13]	[12]
[13]	[12]
[13]	[12]
[13]	[12]
[13]	[5]
[13]	[18]
[13]	[18]
[13]	[18]
[13]	[18]
[13]	[18]
[13]	[18]
[13]	[18]
[13]	[18]
[13]	[5]
[13]	[5]
[13]	[5]
[13]	[5]
[13]	[5]
[13]	[5]
[13]	[5]
[13]	[5]
[13]	[8]
[13]	[8]
[13]	[8]
[13]	[8]
[13]	[8]
[13]	[8]
[13]	[8]
[13]	[8]
[13]	[13]
[13]	[13]
[13]	[13]
[13]	[13]
[13]	[13]
[13]	[13]
[13]	[13]
[13]	[13]
[13]	[13]
[13]	[13]
[13]	[13]
[13]	[13]
[13]	[13]
[13]	[13]
[13]	[13]
[13]	[13]
[13]	[13]
[13]	[13]
[13]	[13]
[13]	[13]
[13]	[13]
[13]	[13]
[13]	[13]
[13]	[13]
[13]	[5]
[13]	[5]
[13]	[5]
[12]	[5]
[12]	[5]
[12]	[5]
[12]	[5]
[12]	[5]
[12]	[18]
[12]	[18]
[12]	[18]
[12]	[18]
[12]	[18]
[12]	[6]
[12]	[6]
[12]	[6]
[12]	[6]
[12]	[12]
[12]	[12]
[12]	[12]
[12]	[5]
[12]	[5]
[12]	[5]
[12]	[5]
[12]	[5]
[12]	[5]
[12]	[5]
[12]	[5]
