Accuracy: 0.12676574230121035

n_chords: 1
n_melody: 0
t_prior: 50.0
e_prior: 50.0
dataset: JSB Chorales
keys: All
filter_train_set: True
filter_val_set: True

~ First 3000 predicted states ~
Predicted	True
[-1]	[-1]
[15]	[1]
[5]	[13]
[22]	[13]
[5]	[6]
[22]	[8]
[22]	[22]
[5]	[1]
[22]	[8]
[8]	[15]
[1]	[15]
[1]	[1]
[15]	[8]
[10]	[8]
[15]	[1]
[1]	[6]
[8]	[1]
[1]	[20]
[1]	[1]
[6]	[1]
[1]	[13]
[22]	[13]
[5]	[6]
[22]	[8]
[22]	[22]
[5]	[1]
[22]	[8]
[8]	[15]
[1]	[15]
[1]	[1]
[15]	[8]
[10]	[8]
[15]	[1]
[1]	[6]
[8]	[1]
[1]	[20]
[1]	[1]
[3]	[10]
[5]	[3]
[22]	[5]
[5]	[6]
[22]	[6]
[5]	[22]
[22]	[5]
[5]	[22]
[22]	[24]
[8]	[1]
[1]	[13]
[8]	[1]
[8]	[15]
[1]	[8]
[-1]	[1]
[22]	[1]
[22]	[6]
[8]	[1]
[1]	[8]
[6]	[22]
[1]	[6]
[6]	[1]
[1]	[6]
[6]	[22]
[1]	[22]
[6]	[17]
[1]	[6]
[6]	[8]
[1]	[8]
[8]	[1]
[1]	[8]
[1]	[1]
[6]	[1]
[1]	[24]
[6]	[1]
[1]	[1]
[8]	[1]
[1]	[8]
[8]	[1]
[3]	[1]
[8]	[3]
[1]	[8]
[8]	[8]
[8]	[8]
[8]	[3]
[1]	[8]
[6]	[1]
[1]	[15]
[8]	[15]
[1]	[15]
[8]	[22]
[1]	[22]
[8]	[1]
[1]	[8]
[1]	[1]
[1]	[1]
[1]	[6]
[-1]	[1]
[1]	[1]
[8]	[6]
[1]	[24]
[1]	[1]
[6]	[8]
[6]	[6]
[1]	[8]
[1]	[1]
[6]	[1]
[1]	[6]
[8]	[1]
[8]	[15]
[1]	[8]
[8]	[1]
[8]	[8]
[8]	[8]
[1]	[8]
[8]	[1]
[1]	[8]
[8]	[22]
[8]	[24]
[8]	[5]
[1]	[5]
[8]	[22]
[1]	[8]
[8]	[1]
[1]	[8]
[6]	[8]
[1]	[6]
[8]	[1]
[1]	[8]
[-1]	[1]
[22]	[22]
[5]	[22]
[22]	[22]
[5]	[22]
[22]	[24]
[5]	[6]
[22]	[19]
[22]	[19]
[17]	[22]
[22]	[22]
[5]	[22]
[5]	[5]
[22]	[5]
[22]	[5]
[5]	[22]
[22]	[22]
[8]	[22]
[1]	[3]
[22]	[5]
[5]	[22]
[22]	[24]
[5]	[22]
[5]	[17]
[22]	[17]
[8]	[1]
[1]	[24]
[8]	[19]
[3]	[8]
[8]	[22]
[8]	[8]
[1]	[8]
[3]	[10]
[8]	[14]
[1]	[17]
[1]	[19]
[8]	[1]
[1]	[12]
[1]	[5]
[1]	[1]
[8]	[1]
[1]	[8]
[8]	[8]
[1]	[8]
[8]	[8]
[1]	[8]
[8]	[17]
[1]	[5]
[8]	[22]
[1]	[5]
[1]	[22]
[8]	[22]
[1]	[24]
[6]	[24]
[1]	[19]
[8]	[22]
[1]	[19]
[8]	[15]
[8]	[5]
[1]	[5]
[1]	[5]
[8]	[22]
[1]	[22]
[8]	[22]
[1]	[24]
[1]	[17]
[8]	[22]
[-1]	[5]
[1]	[1]
[8]	[1]
[1]	[8]
[1]	[1]
[6]	[8]
[1]	[15]
[22]	[8]
[22]	[22]
[5]	[15]
[5]	[8]
[22]	[17]
[8]	[22]
[8]	[22]
[1]	[8]
[6]	[1]
[1]	[6]
[6]	[8]
[1]	[6]
[1]	[1]
[8]	[1]
[1]	[8]
[3]	[1]
[8]	[1]
[1]	[17]
[3]	[22]
[8]	[3]
[1]	[8]
[6]	[1]
[6]	[22]
[6]	[15]
[1]	[8]
[6]	[1]
[1]	[6]
[8]	[1]
[1]	[8]
[1]	[1]
[1]	[1]
[8]	[1]
[1]	[20]
[8]	[22]
[1]	[8]
[3]	[22]
[8]	[3]
[1]	[17]
[1]	[1]
[8]	[15]
[3]	[8]
[8]	[18]
[1]	[8]
[6]	[1]
[1]	[22]
[6]	[22]
[6]	[15]
[1]	[8]
[6]	[1]
[1]	[6]
[8]	[6]
[1]	[15]
[-1]	[1]
[8]	[1]
[1]	[8]
[8]	[8]
[1]	[1]
[6]	[1]
[1]	[6]
[6]	[8]
[1]	[8]
[8]	[1]
[1]	[8]
[3]	[1]
[8]	[1]
[1]	[8]
[6]	[15]
[6]	[15]
[1]	[24]
[8]	[8]
[1]	[8]
[8]	[1]
[1]	[8]
[6]	[8]
[1]	[8]
[6]	[1]
[1]	[1]
[6]	[1]
[1]	[6]
[8]	[6]
[1]	[8]
[6]	[17]
[1]	[6]
[8]	[1]
[8]	[15]
[1]	[24]
[1]	[24]
[8]	[22]
[1]	[22]
[6]	[22]
[1]	[22]
[1]	[17]
[6]	[10]
[1]	[15]
[8]	[22]
[8]	[15]
[1]	[8]
[-1]	[1]
[3]	[15]
[8]	[15]
[8]	[15]
[1]	[17]
[1]	[10]
[1]	[10]
[6]	[10]
[1]	[15]
[22]	[15]
[5]	[22]
[22]	[5]
[15]	[10]
[15]	[15]
[8]	[23]
[1]	[20]
[6]	[1]
[6]	[6]
[1]	[11]
[6]	[11]
[1]	[6]
[8]	[1]
[8]	[1]
[1]	[1]
[6]	[1]
[1]	[10]
[6]	[8]
[1]	[15]
[8]	[22]
[1]	[11]
[6]	[10]
[1]	[15]
[15]	[1]
[10]	[15]
[15]	[10]
[1]	[15]
[1]	[10]
[6]	[10]
[6]	[10]
[6]	[15]
[6]	[11]
[6]	[6]
[1]	[6]
[6]	[8]
[1]	[15]
[8]	[17]
[1]	[11]
[8]	[10]
[1]	[15]
[8]	[15]
[3]	[15]
[8]	[15]
[8]	[15]
[1]	[11]
[1]	[10]
[1]	[10]
[6]	[10]
[1]	[15]
[22]	[15]
[5]	[22]
[22]	[5]
[22]	[10]
[5]	[10]
[22]	[10]
[-1]	[10]
[8]	[1]
[1]	[8]
[8]	[1]
[1]	[3]
[8]	[1]
[3]	[8]
[8]	[22]
[1]	[8]
[8]	[22]
[1]	[24]
[6]	[22]
[1]	[15]
[8]	[17]
[1]	[20]
[1]	[1]
[6]	[1]
[1]	[15]
[6]	[17]
[1]	[15]
[8]	[10]
[1]	[11]
[8]	[10]
[1]	[1]
[6]	[1]
[1]	[6]
[6]	[8]
[1]	[6]
[8]	[1]
[1]	[8]
[6]	[1]
[1]	[1]
[6]	[13]
[1]	[6]
[8]	[5]
[1]	[5]
[8]	[22]
[1]	[15]
[1]	[22]
[1]	[22]
[6]	[10]
[1]	[10]
[6]	[8]
[1]	[15]
[8]	[1]
[1]	[8]
[6]	[1]
[8]	[1]
[1]	[20]
[-1]	[1]
[1]	[5]
[8]	[22]
[1]	[3]
[8]	[3]
[1]	[8]
[8]	[1]
[1]	[8]
[8]	[8]
[1]	[21]
[1]	[22]
[1]	[10]
[8]	[6]
[1]	[3]
[8]	[3]
[1]	[8]
[8]	[14]
[1]	[15]
[8]	[15]
[1]	[21]
[1]	[22]
[1]	[22]
[6]	[3]
[6]	[5]
[1]	[10]
[6]	[22]
[1]	[22]
[1]	[17]
[1]	[12]
[6]	[17]
[1]	[24]
[1]	[17]
[1]	[24]
[1]	[1]
[8]	[22]
[1]	[15]
[8]	[15]
[1]	[8]
[8]	[1]
[8]	[3]
[1]	[8]
[8]	[1]
[1]	[3]
[8]	[3]
[1]	[5]
[1]	[22]
[8]	[22]
[3]	[17]
[8]	[24]
[1]	[17]
[1]	[14]
[8]	[17]
[1]	[17]
[1]	[14]
[6]	[7]
[-1]	[12]
[22]	[1]
[5]	[22]
[22]	[17]
[8]	[6]
[1]	[8]
[8]	[1]
[1]	[8]
[1]	[1]
[1]	[22]
[8]	[5]
[1]	[5]
[1]	[5]
[8]	[22]
[1]	[8]
[8]	[1]
[1]	[8]
[1]	[1]
[1]	[1]
[8]	[6]
[1]	[24]
[8]	[1]
[1]	[21]
[1]	[5]
[8]	[22]
[3]	[5]
[8]	[22]
[8]	[3]
[1]	[8]
[8]	[13]
[1]	[8]
[6]	[1]
[1]	[3]
[8]	[8]
[1]	[17]
[1]	[22]
[8]	[6]
[8]	[8]
[1]	[8]
[8]	[1]
[1]	[1]
[1]	[1]
[1]	[6]
[6]	[1]
[6]	[15]
[1]	[11]
[8]	[17]
[1]	[11]
[8]	[10]
[8]	[3]
[1]	[8]
[1]	[1]
[6]	[22]
[6]	[15]
[1]	[11]
[1]	[17]
[1]	[6]
[8]	[1]
[1]	[3]
[8]	[19]
[1]	[8]
[6]	[1]
[1]	[3]
[8]	[8]
[1]	[17]
[8]	[22]
[3]	[8]
[8]	[3]
[8]	[17]
[1]	[15]
[8]	[6]
[1]	[8]
[6]	[5]
[1]	[6]
[8]	[1]
[1]	[8]
[8]	[22]
[1]	[22]
[8]	[6]
[1]	[6]
[8]	[1]
[1]	[8]
[-1]	[1]
[6]	[1]
[1]	[6]
[1]	[17]
[6]	[22]
[1]	[15]
[8]	[1]
[8]	[8]
[1]	[8]
[6]	[1]
[1]	[6]
[6]	[8]
[1]	[8]
[8]	[1]
[8]	[15]
[1]	[8]
[8]	[1]
[1]	[8]
[6]	[14]
[6]	[15]
[1]	[15]
[1]	[22]
[8]	[10]
[1]	[15]
[1]	[15]
[6]	[1]
[6]	[6]
[1]	[6]
[1]	[20]
[6]	[1]
[1]	[6]
[6]	[1]
[1]	[6]
[1]	[20]
[6]	[14]
[1]	[15]
[8]	[17]
[8]	[8]
[1]	[8]
[6]	[1]
[1]	[6]
[6]	[8]
[1]	[8]
[8]	[1]
[8]	[15]
[1]	[8]
[-1]	[1]
[8]	[1]
[1]	[8]
[8]	[22]
[1]	[8]
[6]	[1]
[1]	[1]
[6]	[1]
[1]	[8]
[8]	[1]
[1]	[8]
[6]	[1]
[1]	[6]
[8]	[1]
[1]	[1]
[8]	[6]
[1]	[6]
[8]	[1]
[1]	[20]
[1]	[1]
[22]	[1]
[5]	[24]
[22]	[24]
[22]	[22]
[5]	[22]
[22]	[17]
[17]	[17]
[6]	[17]
[6]	[17]
[1]	[22]
[1]	[8]
[22]	[1]
[5]	[6]
[22]	[6]
[22]	[1]
[5]	[1]
[22]	[8]
[17]	[8]
[6]	[8]
[6]	[8]
[1]	[15]
[8]	[8]
[1]	[8]
[6]	[1]
[6]	[24]
[1]	[24]
[1]	[1]
[6]	[1]
[1]	[15]
[8]	[15]
[8]	[8]
[8]	[8]
[1]	[17]
[6]	[22]
[1]	[15]
[8]	[1]
[1]	[1]
[8]	[6]
[1]	[6]
[8]	[1]
[-1]	[8]
[6]	[1]
[1]	[1]
[6]	[1]
[1]	[6]
[6]	[1]
[1]	[8]
[1]	[8]
[1]	[1]
[1]	[1]
[22]	[1]
[5]	[3]
[22]	[21]
[22]	[22]
[5]	[22]
[5]	[22]
[22]	[17]
[8]	[22]
[22]	[3]
[5]	[3]
[22]	[8]
[5]	[1]
[22]	[1]
[8]	[3]
[8]	[3]
[1]	[8]
[6]	[8]
[8]	[3]
[1]	[24]
[1]	[15]
[8]	[15]
[8]	[8]
[1]	[8]
[6]	[1]
[1]	[15]
[6]	[8]
[1]	[8]
[1]	[8]
[1]	[22]
[1]	[22]
[22]	[1]
[5]	[6]
[22]	[6]
[22]	[3]
[5]	[20]
[22]	[8]
[-1]	[1]
[6]	[1]
[1]	[6]
[8]	[8]
[1]	[17]
[8]	[22]
[1]	[15]
[6]	[1]
[8]	[6]
[1]	[24]
[1]	[1]
[8]	[1]
[1]	[15]
[1]	[1]
[8]	[8]
[1]	[8]
[6]	[1]
[1]	[22]
[3]	[22]
[8]	[3]
[8]	[8]
[1]	[8]
[3]	[8]
[8]	[8]
[1]	[17]
[3]	[22]
[8]	[3]
[3]	[8]
[8]	[15]
[1]	[8]
[1]	[1]
[8]	[1]
[1]	[15]
[-1]	[1]
[1]	[5]
[8]	[22]
[1]	[15]
[1]	[5]
[8]	[22]
[1]	[24]
[15]	[24]
[5]	[24]
[22]	[5]
[22]	[22]
[5]	[22]
[22]	[22]
[8]	[22]
[1]	[8]
[8]	[1]
[8]	[8]
[1]	[17]
[1]	[24]
[1]	[5]
[6]	[22]
[24]	[3]
[6]	[8]
[1]	[3]
[1]	[23]
[1]	[24]
[8]	[14]
[8]	[24]
[1]	[8]
[3]	[8]
[5]	[3]
[22]	[21]
[8]	[10]
[1]	[17]
[1]	[19]
[6]	[19]
[6]	[19]
[1]	[12]
[-1]	[5]
[17]	[1]
[22]	[1]
[5]	[6]
[22]	[6]
[8]	[1]
[1]	[1]
[8]	[1]
[1]	[21]
[8]	[22]
[1]	[8]
[1]	[1]
[1]	[1]
[8]	[1]
[1]	[8]
[8]	[22]
[3]	[24]
[8]	[24]
[3]	[17]
[8]	[6]
[1]	[24]
[8]	[24]
[8]	[5]
[1]	[5]
[8]	[6]
[3]	[5]
[8]	[22]
[1]	[22]
[6]	[22]
[8]	[15]
[1]	[8]
[1]	[1]
[8]	[6]
[1]	[15]
[6]	[5]
[1]	[22]
[6]	[22]
[8]	[15]
[1]	[8]
[1]	[1]
[8]	[6]
[1]	[15]
[22]	[10]
[5]	[15]
[22]	[15]
[5]	[22]
[22]	[12]
[17]	[10]
[10]	[17]
[15]	[10]
[15]	[15]
[10]	[15]
[10]	[10]
[10]	[10]
[3]	[10]
[8]	[6]
[1]	[18]
[1]	[1]
[8]	[1]
[1]	[8]
[1]	[1]
[1]	[1]
[1]	[1]
[6]	[1]
[8]	[3]
[1]	[21]
[8]	[22]
[1]	[22]
[8]	[6]
[8]	[24]
[22]	[5]
[5]	[6]
[5]	[24]
[22]	[5]
[22]	[10]
[-1]	[10]
[3]	[1]
[8]	[8]
[1]	[8]
[6]	[1]
[1]	[6]
[6]	[8]
[8]	[22]
[1]	[22]
[8]	[1]
[1]	[20]
[1]	[1]
[6]	[1]
[1]	[1]
[6]	[8]
[1]	[6]
[1]	[8]
[1]	[1]
[6]	[1]
[8]	[6]
[1]	[6]
[8]	[22]
[1]	[15]
[1]	[1]
[1]	[1]
[1]	[17]
[8]	[22]
[1]	[15]
[1]	[5]
[1]	[22]
[1]	[22]
[8]	[22]
[8]	[8]
[1]	[17]
[1]	[1]
[8]	[6]
[8]	[15]
[1]	[8]
[8]	[1]
[1]	[1]
[8]	[15]
[3]	[15]
[8]	[6]
[8]	[24]
[1]	[17]
[8]	[19]
[3]	[19]
[8]	[3]
[3]	[8]
[8]	[6]
[1]	[24]
[8]	[1]
[1]	[20]
[-1]	[1]
[15]	[15]
[15]	[15]
[10]	[11]
[15]	[10]
[10]	[15]
[15]	[17]
[10]	[21]
[22]	[10]
[5]	[10]
[22]	[14]
[8]	[10]
[8]	[20]
[1]	[8]
[1]	[14]
[8]	[10]
[1]	[15]
[1]	[1]
[8]	[1]
[1]	[13]
[1]	[1]
[8]	[23]
[1]	[11]
[15]	[1]
[15]	[15]
[10]	[15]
[15]	[22]
[10]	[11]
[22]	[10]
[5]	[10]
[22]	[14]
[8]	[14]
[8]	[15]
[1]	[8]
[1]	[10]
[8]	[10]
[-1]	[15]
[3]	[1]
[8]	[8]
[1]	[8]
[6]	[1]
[1]	[6]
[6]	[8]
[8]	[22]
[1]	[22]
[8]	[1]
[1]	[20]
[1]	[1]
[6]	[1]
[1]	[1]
[6]	[8]
[1]	[6]
[1]	[8]
[1]	[1]
[6]	[1]
[8]	[6]
[1]	[6]
[8]	[22]
[1]	[15]
[1]	[1]
[1]	[1]
[1]	[5]
[8]	[22]
[1]	[15]
[1]	[5]
[1]	[22]
[1]	[22]
[8]	[22]
[8]	[8]
[1]	[17]
[1]	[1]
[8]	[6]
[8]	[15]
[1]	[8]
[8]	[1]
[1]	[1]
[8]	[15]
[3]	[15]
[8]	[6]
[8]	[24]
[1]	[17]
[8]	[19]
[3]	[19]
[8]	[3]
[3]	[8]
[8]	[6]
[1]	[24]
[8]	[1]
[1]	[20]
[-1]	[1]
[3]	[1]
[8]	[6]
[8]	[1]
[1]	[6]
[8]	[1]
[1]	[15]
[8]	[1]
[1]	[21]
[22]	[22]
[5]	[22]
[22]	[17]
[5]	[17]
[22]	[5]
[22]	[22]
[5]	[22]
[22]	[24]
[8]	[24]
[3]	[1]
[8]	[6]
[1]	[24]
[1]	[6]
[1]	[1]
[6]	[1]
[1]	[6]
[15]	[17]
[15]	[15]
[1]	[15]
[1]	[10]
[8]	[3]
[1]	[8]
[8]	[8]
[1]	[3]
[8]	[19]
[3]	[8]
[8]	[10]
[1]	[8]
[6]	[1]
[1]	[15]
[8]	[1]
[8]	[20]
[1]	[8]
[-1]	[1]
[22]	[1]
[5]	[22]
[22]	[17]
[8]	[6]
[1]	[8]
[8]	[1]
[1]	[8]
[1]	[1]
[1]	[22]
[8]	[5]
[1]	[5]
[1]	[5]
[8]	[22]
[1]	[8]
[8]	[1]
[1]	[8]
[1]	[1]
[1]	[1]
[8]	[6]
[1]	[24]
[8]	[1]
[1]	[21]
[1]	[5]
[8]	[22]
[3]	[5]
[8]	[22]
[8]	[3]
[1]	[8]
[8]	[13]
[1]	[8]
[6]	[1]
[1]	[3]
[8]	[8]
[1]	[17]
[1]	[22]
[8]	[6]
[8]	[8]
[1]	[8]
[8]	[1]
[1]	[1]
[1]	[1]
[1]	[6]
[6]	[1]
[6]	[15]
[1]	[11]
[8]	[17]
[1]	[11]
[8]	[10]
[8]	[3]
[1]	[8]
[1]	[1]
[15]	[22]
[15]	[15]
[8]	[11]
[1]	[17]
[1]	[6]
[8]	[1]
[1]	[3]
[8]	[19]
[1]	[8]
[6]	[1]
[1]	[3]
[8]	[8]
[1]	[17]
[8]	[22]
[3]	[8]
[8]	[3]
[8]	[17]
[1]	[15]
[8]	[6]
[1]	[8]
[6]	[5]
[1]	[6]
[8]	[1]
[1]	[8]
[8]	[22]
[1]	[22]
[8]	[6]
[1]	[6]
[8]	[1]
[1]	[8]
[-1]	[1]
[22]	[22]
[22]	[6]
[5]	[6]
[22]	[5]
[5]	[19]
[22]	[19]
[5]	[22]
[22]	[17]
[22]	[22]
[8]	[22]
[8]	[8]
[1]	[8]
[8]	[1]
[1]	[1]
[8]	[22]
[1]	[8]
[1]	[1]
[1]	[1]
[8]	[22]
[1]	[21]
[8]	[5]
[1]	[5]
[8]	[22]
[22]	[3]
[5]	[3]
[22]	[8]
[22]	[3]
[5]	[3]
[22]	[3]
[22]	[22]
[8]	[6]
[22]	[24]
[5]	[1]
[22]	[1]
[3]	[15]
[8]	[22]
[1]	[8]
[8]	[1]
[22]	[8]
[5]	[15]
[22]	[15]
[5]	[22]
[22]	[17]
[5]	[17]
[22]	[5]
[22]	[22]
[3]	[22]
[8]	[22]
[1]	[17]
[8]	[6]
[1]	[24]
[8]	[1]
[1]	[1]
[8]	[22]
[8]	[15]
[1]	[8]
[6]	[1]
[1]	[24]
[8]	[1]
[1]	[15]
[6]	[15]
[8]	[15]
[1]	[8]
[1]	[8]
[1]	[1]
[1]	[5]
[8]	[22]
[1]	[22]
[8]	[22]
[1]	[24]
[6]	[24]
[1]	[15]
[8]	[22]
[1]	[8]
[6]	[1]
[1]	[1]
[8]	[1]
[1]	[1]
[1]	[1]
[6]	[1]
[1]	[1]
[6]	[22]
[1]	[22]
[6]	[8]
[1]	[8]
[8]	[1]
[1]	[8]
[1]	[1]
[1]	[1]
[1]	[1]
[8]	[6]
[1]	[15]
[8]	[22]
[3]	[8]
[8]	[15]
[3]	[17]
[8]	[6]
[1]	[6]
[6]	[1]
[6]	[15]
[1]	[6]
[22]	[1]
[5]	[22]
[22]	[5]
[5]	[22]
[22]	[24]
[5]	[24]
[22]	[5]
[-1]	[10]
[22]	[22]
[22]	[22]
[17]	[22]
[22]	[17]
[5]	[22]
[22]	[22]
[5]	[22]
[22]	[24]
[22]	[22]
[22]	[22]
[22]	[22]
[22]	[22]
[17]	[1]
[6]	[8]
[1]	[22]
[8]	[19]
[8]	[8]
[8]	[8]
[8]	[8]
[8]	[24]
[22]	[15]
[5]	[15]
[22]	[15]
[5]	[6]
[22]	[6]
[5]	[22]
[22]	[24]
[5]	[22]
[22]	[5]
[22]	[22]
[17]	[22]
[22]	[17]
[5]	[22]
[22]	[22]
[5]	[22]
[22]	[24]
[-1]	[10]
[22]	[1]
[5]	[22]
[22]	[17]
[8]	[6]
[1]	[1]
[8]	[22]
[1]	[8]
[1]	[1]
[1]	[5]
[1]	[22]
[8]	[22]
[1]	[3]
[6]	[1]
[1]	[8]
[8]	[1]
[1]	[8]
[8]	[22]
[1]	[8]
[8]	[1]
[1]	[15]
[6]	[22]
[8]	[6]
[1]	[5]
[8]	[22]
[1]	[8]
[1]	[1]
[8]	[22]
[8]	[8]
[1]	[8]
[8]	[1]
[1]	[8]
[-1]	[1]
[1]	[1]
[8]	[6]
[1]	[8]
[8]	[1]
[1]	[15]
[6]	[15]
[6]	[23]
[1]	[6]
[6]	[1]
[1]	[6]
[6]	[1]
[6]	[10]
[1]	[15]
[6]	[22]
[1]	[22]
[8]	[1]
[1]	[8]
[1]	[8]
[6]	[1]
[1]	[6]
[8]	[1]
[8]	[1]
[1]	[15]
[1]	[1]
[1]	[6]
[8]	[22]
[1]	[8]
[8]	[23]
[1]	[15]
[6]	[15]
[6]	[6]
[1]	[6]
[6]	[10]
[1]	[15]
[6]	[17]
[6]	[10]
[1]	[15]
[6]	[22]
[1]	[22]
[8]	[17]
[1]	[8]
[1]	[1]
[6]	[1]
[1]	[6]
[8]	[1]
[8]	[1]
[1]	[8]
[-1]	[1]
[1]	[1]
[8]	[1]
[1]	[8]
[8]	[1]
[22]	[1]
[5]	[22]
[22]	[8]
[5]	[8]
[22]	[8]
[8]	[24]
[1]	[24]
[8]	[1]
[1]	[15]
[6]	[1]
[8]	[1]
[1]	[8]
[1]	[1]
[6]	[1]
[1]	[24]
[8]	[24]
[1]	[17]
[6]	[17]
[1]	[6]
[1]	[6]
[6]	[1]
[1]	[6]
[1]	[8]
[6]	[17]
[1]	[22]
[6]	[22]
[1]	[6]
[8]	[6]
[1]	[8]
[1]	[8]
[6]	[1]
[8]	[24]
[1]	[19]
[8]	[22]
[1]	[8]
[6]	[1]
[8]	[1]
[1]	[20]
[-1]	[1]
[22]	[22]
[22]	[22]
[5]	[22]
[22]	[5]
[22]	[5]
[5]	[22]
[22]	[21]
[22]	[22]
[8]	[22]
[1]	[15]
[8]	[6]
[1]	[6]
[8]	[6]
[8]	[5]
[1]	[5]
[8]	[22]
[1]	[8]
[6]	[8]
[1]	[8]
[1]	[1]
[6]	[6]
[6]	[15]
[1]	[15]
[8]	[22]
[1]	[22]
[8]	[22]
[8]	[22]
[1]	[15]
[1]	[1]
[8]	[22]
[3]	[12]
[8]	[19]
[1]	[17]
[1]	[17]
[15]	[17]
[8]	[17]
[1]	[17]
[6]	[14]
[1]	[10]
[6]	[10]
[1]	[15]
[1]	[10]
[8]	[22]
[22]	[3]
[5]	[22]
[5]	[22]
[22]	[5]
[-1]	[10]
[22]	[22]
[5]	[22]
[22]	[5]
[5]	[22]
[22]	[5]
[5]	[6]
[5]	[24]
[22]	[5]
[8]	[5]
[1]	[17]
[6]	[22]
[1]	[8]
[6]	[1]
[6]	[6]
[5]	[22]
[22]	[5]
[5]	[22]
[22]	[5]
[8]	[22]
[1]	[8]
[1]	[1]
[8]	[22]
[8]	[15]
[1]	[8]
[1]	[1]
[8]	[1]
[22]	[21]
[5]	[22]
[22]	[24]
[5]	[6]
[22]	[6]
[5]	[22]
[22]	[5]
[-1]	[10]
[8]	[15]
[1]	[15]
[6]	[18]
[1]	[15]
[22]	[1]
[5]	[22]
[22]	[22]
[5]	[22]
[22]	[8]
[5]	[1]
[22]	[8]
[3]	[1]
[8]	[6]
[8]	[17]
[3]	[17]
[8]	[17]
[8]	[3]
[1]	[8]
[6]	[1]
[6]	[6]
[8]	[6]
[1]	[11]
[8]	[17]
[1]	[19]
[1]	[10]
[1]	[10]
[6]	[8]
[1]	[8]
[6]	[22]
[8]	[15]
[1]	[11]
[1]	[10]
[8]	[10]
[-1]	[3]
[5]	[5]
[5]	[22]
[22]	[21]
[5]	[22]
[22]	[8]
[17]	[8]
[22]	[1]
[5]	[19]
[5]	[5]
[22]	[5]
[8]	[22]
[1]	[8]
[8]	[1]
[3]	[1]
[8]	[6]
[8]	[1]
[1]	[15]
[6]	[5]
[1]	[22]
[1]	[8]
[8]	[22]
[3]	[8]
[8]	[15]
[22]	[24]
[5]	[24]
[22]	[5]
[22]	[22]
[5]	[22]
[22]	[17]
[8]	[1]
[1]	[8]
[8]	[1]
[3]	[24]
[8]	[3]
[8]	[8]
[1]	[1]
[8]	[22]
[6]	[5]
[1]	[6]
[1]	[1]
[6]	[20]
[-1]	[15]
[22]	[22]
[5]	[22]
[22]	[22]
[8]	[22]
[1]	[24]
[1]	[1]
[8]	[1]
[1]	[8]
[8]	[22]
[8]	[17]
[8]	[5]
[1]	[5]
[8]	[22]
[8]	[3]
[1]	[21]
[8]	[22]
[1]	[17]
[8]	[22]
[22]	[15]
[5]	[22]
[5]	[24]
[22]	[17]
[-1]	[10]
[8]	[22]
[1]	[5]
[8]	[22]
[1]	[8]
[6]	[1]
[1]	[6]
[6]	[1]
[1]	[6]
[6]	[17]
[1]	[6]
[8]	[1]
[8]	[1]
[1]	[20]
[1]	[1]
[1]	[1]
[6]	[8]
[1]	[6]
[8]	[1]
[1]	[21]
[8]	[22]
[1]	[5]
[8]	[22]
[1]	[8]
[1]	[1]
[6]	[10]
[1]	[10]
[6]	[10]
[1]	[15]
[1]	[5]
[8]	[22]
[1]	[22]
[6]	[22]
[1]	[22]
[6]	[17]
[1]	[6]
[8]	[1]
[1]	[8]
[8]	[1]
[8]	[3]
[1]	[8]
[3]	[1]
[8]	[1]
[1]	[20]
[3]	[10]
[8]	[3]
[8]	[8]
[1]	[17]
[6]	[22]
[1]	[6]
[6]	[6]
[1]	[20]
[8]	[10]
[8]	[10]
[1]	[15]
[1]	[22]
[6]	[1]
[1]	[1]
[6]	[1]
[1]	[24]
[8]	[1]
[8]	[1]
[1]	[20]
[-1]	[1]
[5]	[5]
[5]	[22]
[22]	[21]
[5]	[22]
[22]	[8]
[17]	[8]
[22]	[1]
[5]	[19]
[5]	[5]
[22]	[5]
[8]	[22]
[1]	[8]
[8]	[1]
[3]	[1]
[8]	[6]
[8]	[1]
[1]	[15]
[6]	[5]
[1]	[22]
[1]	[8]
[8]	[22]
[3]	[8]
[8]	[15]
[22]	[24]
[5]	[24]
[22]	[5]
[22]	[22]
[5]	[22]
[22]	[17]
[8]	[1]
[1]	[8]
[8]	[1]
[3]	[24]
[8]	[3]
[8]	[8]
[1]	[1]
[8]	[22]
[6]	[5]
[1]	[6]
[1]	[1]
[6]	[20]
[-1]	[15]
[1]	[1]
[1]	[22]
[1]	[22]
[6]	[18]
[6]	[15]
[1]	[8]
[1]	[1]
[1]	[1]
[8]	[1]
[1]	[20]
[6]	[1]
[1]	[15]
[8]	[1]
[1]	[8]
[1]	[1]
[1]	[1]
[8]	[1]
[8]	[20]
[1]	[8]
[1]	[22]
[8]	[22]
[3]	[5]
[8]	[6]
[1]	[18]
[1]	[15]
[8]	[1]
[8]	[15]
[1]	[8]
[-1]	[1]
[1]	[22]
[1]	[22]
[1]	[5]
[8]	[5]
[1]	[24]
[8]	[22]
[1]	[5]
[1]	[1]
[6]	[22]
[1]	[22]
[6]	[18]
[1]	[15]
[8]	[1]
[1]	[8]
[1]	[1]
[8]	[1]
[22]	[15]
[5]	[3]
[22]	[17]
[5]	[6]
[22]	[8]
[8]	[22]
[1]	[5]
[1]	[5]
[1]	[1]
[8]	[6]
[1]	[15]
[6]	[17]
[1]	[15]
[8]	[15]
[8]	[21]
[1]	[5]
[15]	[5]
[10]	[5]
[-1]	[10]
[22]	[-1]
[5]	[1]
[22]	[24]
[8]	[1]
[8]	[3]
[1]	[5]
[8]	[22]
[1]	[24]
[1]	[5]
[6]	[5]
[1]	[6]
[8]	[1]
[1]	[21]
[8]	[22]
[1]	[8]
[8]	[8]
[1]	[15]
[1]	[1]
[1]	[1]
[8]	[1]
[1]	[15]
[6]	[15]
[1]	[21]
[8]	[5]
[1]	[5]
[8]	[22]
[1]	[15]
[8]	[15]
[3]	[17]
[8]	[22]
[8]	[22]
[1]	[12]
[8]	[17]
[8]	[13]
[1]	[3]
[6]	[14]
[1]	[15]
[8]	[15]
[1]	[11]
[1]	[18]
[8]	[18]
[1]	[8]
[1]	[1]
[8]	[22]
[1]	[15]
[8]	[18]
[1]	[8]
[8]	[1]
[1]	[20]
[-1]	[1]
[1]	[22]
[1]	[5]
[6]	[22]
[1]	[22]
[6]	[8]
[1]	[8]
[8]	[1]
[1]	[15]
[8]	[17]
[1]	[17]
[1]	[1]
[1]	[1]
[1]	[5]
[6]	[22]
[1]	[22]
[6]	[17]
[1]	[17]
[8]	[22]
[1]	[3]
[1]	[5]
[1]	[22]
[6]	[22]
[1]	[6]
[8]	[1]
[1]	[3]
[8]	[22]
[1]	[22]
[8]	[22]
[6]	[5]
[1]	[6]
[6]	[14]
[1]	[15]
[8]	[1]
[1]	[8]
[8]	[22]
[1]	[22]
[8]	[22]
[6]	[5]
[1]	[22]
[1]	[22]
[8]	[5]
[22]	[21]
[5]	[22]
[22]	[22]
[5]	[22]
[22]	[22]
[22]	[22]
[8]	[22]
[8]	[15]
[1]	[21]
[-1]	[5]
[22]	[15]
[22]	[1]
[5]	[6]
[22]	[20]
[8]	[6]
[1]	[20]
[6]	[13]
[6]	[6]
[8]	[6]
[1]	[24]
[8]	[22]
[22]	[24]
[5]	[22]
[22]	[5]
[22]	[10]
[15]	[10]
[15]	[15]
[8]	[15]
[1]	[8]
[6]	[24]
[6]	[22]
[6]	[22]
[8]	[15]
[1]	[15]
[6]	[1]
[1]	[6]
[6]	[24]
[1]	[15]
[8]	[22]
[-1]	[3]
[22]	[1]
[22]	[6]
[8]	[1]
[1]	[8]
[6]	[22]
[1]	[6]
[6]	[1]
[1]	[6]
[6]	[22]
[1]	[22]
[6]	[17]
[1]	[6]
[6]	[8]
[1]	[8]
[8]	[1]
[1]	[8]
[1]	[1]
[6]	[1]
[1]	[24]
[6]	[1]
[1]	[1]
[8]	[1]
[1]	[8]
[8]	[1]
[3]	[1]
[8]	[3]
[1]	[8]
[8]	[8]
[8]	[8]
[8]	[3]
[1]	[8]
[6]	[1]
[1]	[15]
[8]	[15]
[1]	[15]
[8]	[22]
[1]	[22]
[8]	[1]
[1]	[8]
[1]	[1]
[1]	[1]
[1]	[6]
[-1]	[1]
[22]	[1]
[5]	[22]
[22]	[17]
[5]	[6]
[22]	[8]
[8]	[1]
[1]	[15]
[1]	[1]
[1]	[1]
[8]	[1]
[8]	[3]
[3]	[8]
[8]	[8]
[1]	[8]
[8]	[3]
[8]	[8]
[1]	[5]
[1]	[22]
[8]	[6]
[1]	[24]
[8]	[1]
[8]	[3]
[1]	[8]
[6]	[17]
[1]	[6]
[8]	[1]
[1]	[3]
[8]	[17]
[1]	[17]
[1]	[22]
[8]	[1]
[8]	[1]
[1]	[8]
[-1]	[8]
[22]	[22]
[22]	[15]
[5]	[6]
[5]	[5]
[22]	[5]
[22]	[5]
[5]	[22]
[22]	[5]
[22]	[22]
[8]	[22]
[1]	[5]
[8]	[22]
[8]	[5]
[1]	[5]
[8]	[22]
[1]	[8]
[8]	[1]
[1]	[1]
[6]	[6]
[6]	[6]
[1]	[8]
[8]	[1]
[1]	[1]
[8]	[22]
[1]	[8]
[1]	[1]
[8]	[22]
[3]	[24]
[8]	[6]
[1]	[8]
[6]	[1]
[1]	[1]
[1]	[1]
[6]	[22]
[1]	[6]
[6]	[17]
[1]	[15]
[1]	[5]
[8]	[22]
[22]	[24]
[5]	[22]
[5]	[22]
[22]	[5]
[-1]	[10]
[17]	[1]
[6]	[1]
[1]	[6]
[22]	[8]
[5]	[15]
[22]	[15]
[22]	[1]
[5]	[20]
[22]	[8]
[8]	[1]
[1]	[8]
[1]	[17]
[8]	[22]
[1]	[17]
[8]	[17]
[3]	[8]
[8]	[3]
[8]	[24]
[22]	[17]
[5]	[1]
[22]	[8]
[3]	[22]
[8]	[3]
[8]	[3]
[1]	[8]
[1]	[1]
[8]	[1]
[1]	[8]
[6]	[1]
[15]	[6]
[15]	[15]
[10]	[17]
[15]	[10]
[8]	[3]
[1]	[8]
[1]	[1]
[8]	[6]
[1]	[8]
[8]	[8]
[3]	[8]
[8]	[3]
[8]	[24]
[22]	[17]
[5]	[22]
[22]	[8]
[22]	[8]
[3]	[15]
[8]	[3]
[1]	[3]
[-1]	[8]
[5]	[22]
[22]	[19]
[22]	[19]
[8]	[22]
[1]	[22]
[8]	[22]
[1]	[24]
[15]	[1]
[5]	[1]
[22]	[5]
[5]	[22]
[22]	[22]
[15]	[22]
[10]	[15]
[15]	[1]
[8]	[20]
[1]	[8]
[1]	[1]
[8]	[1]
[3]	[1]
[8]	[3]
[22]	[8]
[5]	[22]
[22]	[24]
[5]	[24]
[5]	[8]
[22]	[8]
[15]	[15]
[5]	[15]
[22]	[5]
[22]	[22]
[5]	[22]
[22]	[5]
[22]	[5]
[-1]	[22]
[5]	[5]
[5]	[22]
[22]	[21]
[5]	[22]
[22]	[8]
[17]	[8]
[22]	[1]
[5]	[19]
[5]	[5]
[22]	[5]
[8]	[22]
[1]	[8]
[8]	[1]
[3]	[1]
[8]	[6]
[8]	[1]
[1]	[15]
[6]	[5]
[1]	[22]
[1]	[8]
[8]	[22]
[3]	[8]
[8]	[15]
[22]	[24]
[5]	[24]
[22]	[5]
[22]	[22]
[5]	[22]
[22]	[17]
[8]	[1]
[1]	[8]
[8]	[1]
[3]	[24]
[8]	[3]
[8]	[8]
[1]	[1]
[8]	[22]
[6]	[5]
[1]	[6]
[1]	[1]
[6]	[20]
[-1]	[15]
[1]	[8]
[1]	[1]
[6]	[17]
[1]	[6]
[6]	[8]
[1]	[8]
[1]	[1]
[8]	[1]
[1]	[8]
[8]	[1]
[8]	[20]
[1]	[8]
[8]	[1]
[8]	[8]
[1]	[8]
[6]	[1]
[1]	[15]
[6]	[8]
[1]	[8]
[8]	[1]
[8]	[8]
[1]	[8]
[3]	[1]
[8]	[1]
[3]	[8]
[8]	[22]
[1]	[22]
[8]	[3]
[8]	[8]
[1]	[8]
[1]	[1]
[6]	[1]
[1]	[6]
[6]	[17]
[1]	[15]
[1]	[10]
[8]	[22]
[1]	[8]
[8]	[1]
[8]	[20]
[1]	[8]
[-1]	[1]
[5]	[1]
[22]	[8]
[8]	[22]
[1]	[8]
[6]	[13]
[8]	[6]
[1]	[17]
[1]	[1]
[1]	[1]
[8]	[22]
[1]	[17]
[6]	[8]
[1]	[8]
[6]	[1]
[1]	[1]
[6]	[8]
[1]	[15]
[1]	[22]
[6]	[22]
[6]	[6]
[1]	[6]
[22]	[1]
[5]	[1]
[22]	[8]
[5]	[22]
[22]	[22]
[17]	[22]
[22]	[8]
[5]	[22]
[22]	[24]
[17]	[22]
[6]	[8]
[1]	[6]
[6]	[6]
[1]	[6]
[8]	[6]
[1]	[15]
[-1]	[1]
[1]	[1]
[8]	[1]
[1]	[24]
[8]	[24]
[1]	[1]
[6]	[1]
[1]	[6]
[6]	[6]
[8]	[3]
[8]	[8]
[1]	[8]
[6]	[1]
[1]	[8]
[8]	[1]
[1]	[8]
[1]	[1]
[6]	[1]
[6]	[6]
[1]	[15]
[6]	[8]
[1]	[8]
[1]	[1]
[8]	[1]
[1]	[8]
[3]	[1]
[8]	[19]
[22]	[8]
[5]	[22]
[22]	[8]
[8]	[3]
[1]	[3]
[8]	[8]
[1]	[8]
[8]	[1]
[1]	[1]
[1]	[1]
[6]	[1]
[1]	[6]
[6]	[6]
[6]	[6]
[6]	[15]
[8]	[19]
[1]	[8]
[8]	[22]
[1]	[8]
[1]	[8]
[6]	[1]
[1]	[6]
[6]	[1]
[8]	[15]
[1]	[17]
[1]	[22]
[8]	[22]
[1]	[8]
[6]	[1]
[1]	[6]
[8]	[6]
[8]	[15]
[1]	[8]
[-1]	[1]
[22]	[22]
[22]	[1]
[5]	[6]
[22]	[6]
[8]	[1]
[1]	[1]
[8]	[1]
[8]	[3]
[1]	[8]
[22]	[1]
[5]	[19]
[22]	[8]
[5]	[15]
[22]	[15]
[8]	[22]
[1]	[15]
[8]	[15]
[3]	[24]
[8]	[22]
[1]	[8]
[1]	[1]
[8]	[17]
[1]	[8]
[8]	[8]
[1]	[21]
[1]	[22]
[8]	[16]
[1]	[5]
[8]	[22]
[22]	[3]
[5]	[3]
[22]	[3]
[5]	[1]
[22]	[8]
[22]	[10]
[17]	[3]
[22]	[8]
[5]	[19]
[22]	[8]
[5]	[3]
[22]	[3]
[15]	[22]
[22]	[15]
[5]	[15]
[22]	[5]
[-1]	[22]
[22]	[22]
[5]	[22]
[22]	[17]
[5]	[22]
[22]	[21]
[5]	[22]
[5]	[24]
[5]	[5]
[22]	[5]
[8]	[5]
[1]	[17]
[6]	[22]
[1]	[24]
[6]	[5]
[6]	[3]
[24]	[22]
[5]	[22]
[22]	[5]
[5]	[22]
[22]	[5]
[8]	[22]
[1]	[8]
[1]	[1]
[8]	[22]
[1]	[15]
[6]	[15]
[8]	[15]
[1]	[8]
[1]	[1]
[8]	[10]
[22]	[3]
[5]	[6]
[22]	[8]
[5]	[22]
[22]	[22]
[5]	[16]
[5]	[16]
[22]	[5]
[-1]	[10]
[8]	[1]
[1]	[8]
[1]	[1]
[6]	[1]
[6]	[1]
[6]	[11]
[1]	[6]
[6]	[13]
[1]	[6]
[1]	[8]
[8]	[1]
[1]	[1]
[8]	[1]
[1]	[1]
[3]	[22]
[8]	[3]
[3]	[8]
[8]	[3]
[1]	[8]
[1]	[1]
[6]	[1]
[6]	[8]
[24]	[3]
[24]	[12]
[24]	[1]
[6]	[1]
[1]	[3]
[8]	[8]
[1]	[1]
[1]	[22]
[6]	[18]
[1]	[6]
[6]	[22]
[1]	[22]
[6]	[8]
[1]	[15]
[1]	[10]
[8]	[1]
[1]	[8]
[6]	[8]
[1]	[6]
[8]	[1]
[22]	[15]
[5]	[3]
[22]	[8]
[-1]	[1]
[22]	[22]
[22]	[1]
[22]	[6]
[8]	[1]
[1]	[15]
[1]	[1]
[1]	[1]
[1]	[1]
[8]	[22]
[1]	[1]
[8]	[6]
[1]	[6]
[8]	[1]
[1]	[20]
[1]	[1]
[8]	[1]
[1]	[8]
[1]	[5]
[8]	[22]
[8]	[15]
[1]	[5]
[1]	[5]
[1]	[22]
[1]	[6]
[8]	[18]
[22]	[15]
[5]	[16]
[22]	[17]
[5]	[22]
[5]	[17]
[5]	[17]
[5]	[12]
[22]	[17]
[8]	[3]
[1]	[8]
[8]	[8]
[8]	[8]
[1]	[8]
[6]	[1]
[6]	[15]
[1]	[8]
[1]	[1]
[1]	[1]
[1]	[1]
[1]	[22]
[6]	[18]
[1]	[15]
[8]	[1]
[1]	[8]
[8]	[8]
[1]	[8]
[8]	[5]
[22]	[5]
[5]	[22]
[22]	[17]
[-1]	[22]
[22]	[22]
[5]	[22]
[22]	[22]
[8]	[22]
[1]	[24]
[1]	[1]
[8]	[1]
[1]	[8]
[8]	[22]
[8]	[17]
[8]	[5]
[1]	[5]
[8]	[22]
[8]	[3]
[1]	[19]
[8]	[22]
[1]	[17]
[8]	[22]
[22]	[15]
[5]	[22]
[5]	[24]
[22]	[17]
[-1]	[10]
[5]	[22]
[22]	[22]
[8]	[22]
[1]	[22]
[6]	[22]
[6]	[22]
[24]	[22]
[5]	[24]
[22]	[5]
[22]	[22]
[22]	[22]
[5]	[22]
[22]	[17]
[17]	[6]
[6]	[13]
[1]	[6]
[6]	[6]
[1]	[15]
[1]	[1]
[1]	[22]
[6]	[22]
[1]	[22]
[1]	[1]
[6]	[22]
[1]	[6]
[8]	[1]
[8]	[20]
[8]	[8]
[1]	[8]
[6]	[15]
[1]	[6]
[6]	[20]
[1]	[20]
[6]	[17]
[8]	[6]
[1]	[15]
[1]	[22]
[6]	[22]
[1]	[22]
[1]	[8]
[6]	[1]
[1]	[6]
[8]	[1]
[1]	[20]
[1]	[1]
[1]	[1]
[8]	[22]
[1]	[22]
[8]	[6]
[1]	[15]
[8]	[1]
[1]	[24]
[1]	[1]
[1]	[1]
[8]	[1]
[1]	[13]
[8]	[1]
[1]	[8]
[3]	[1]
[8]	[3]
[22]	[8]
[5]	[15]
[22]	[22]
[5]	[22]
[22]	[22]
[22]	[6]
[5]	[15]
[5]	[24]
[-1]	[5]
[1]	[1]
[8]	[6]
[1]	[15]
[8]	[5]
[1]	[5]
[1]	[22]
[3]	[22]
[8]	[16]
[1]	[17]
[6]	[17]
[1]	[6]
[8]	[1]
[1]	[3]
[8]	[22]
[1]	[22]
[3]	[22]
[8]	[3]
[3]	[8]
[8]	[15]
[8]	[8]
[1]	[6]
[6]	[1]
[8]	[6]
[1]	[8]
[1]	[1]
[1]	[1]
[1]	[1]
[8]	[3]
[1]	[8]
[6]	[1]
[6]	[6]
[1]	[6]
[1]	[1]
[1]	[22]
[1]	[3]
[8]	[3]
[1]	[8]
[6]	[8]
[6]	[22]
[1]	[3]
[1]	[8]
[6]	[1]
[1]	[1]
[6]	[1]
[1]	[6]
[1]	[1]
[6]	[14]
[1]	[21]
[8]	[22]
[1]	[11]
[6]	[1]
[1]	[6]
[1]	[8]
[6]	[17]
[1]	[15]
[8]	[1]
[1]	[20]
[22]	[8]
[5]	[3]
[22]	[8]
[5]	[19]
[22]	[17]
[3]	[10]
[8]	[12]
[1]	[17]
[8]	[6]
[1]	[8]
[6]	[1]
[1]	[8]
[8]	[1]
[1]	[8]
[-1]	[1]
[1]	[22]
[8]	[22]
[1]	[24]
[6]	[24]
[1]	[24]
[8]	[22]
[1]	[22]
[8]	[22]
[1]	[17]
[8]	[17]
[1]	[17]
[8]	[22]
[3]	[22]
[8]	[22]
[1]	[6]
[6]	[22]
[1]	[6]
[8]	[8]
[1]	[24]
[1]	[24]
[8]	[1]
[8]	[1]
[1]	[8]
[1]	[1]
[8]	[1]
[1]	[8]
[1]	[1]
[8]	[1]
[1]	[8]
[6]	[10]
[1]	[10]
[6]	[17]
[1]	[6]
[6]	[6]
[1]	[15]
[8]	[15]
[1]	[15]
[6]	[15]
[24]	[15]
[6]	[5]
[6]	[17]
[6]	[17]
[1]	[22]
[6]	[22]
[1]	[6]
[8]	[6]
[1]	[15]
[6]	[15]
[6]	[24]
[24]	[24]
[24]	[5]
[1]	[5]
[1]	[5]
[6]	[5]
[6]	[22]
[1]	[15]
[8]	[15]
[1]	[15]
[5]	[5]
[22]	[5]
[8]	[22]
[22]	[22]
[5]	[22]
[22]	[5]
[22]	[5]
[-1]	[22]
[22]	[1]
[22]	[1]
[3]	[1]
[8]	[6]
[1]	[3]
[1]	[1]
[8]	[3]
[1]	[8]
[1]	[1]
[1]	[1]
[6]	[22]
[1]	[3]
[8]	[8]
[3]	[8]
[8]	[3]
[1]	[20]
[1]	[5]
[1]	[22]
[6]	[14]
[1]	[6]
[15]	[17]
[10]	[15]
[15]	[10]
[1]	[20]
[1]	[1]
[1]	[1]
[8]	[22]
[1]	[3]
[1]	[22]
[8]	[1]
[1]	[8]
[-1]	[1]
[6]	[10]
[6]	[15]
[1]	[15]
[6]	[8]
[6]	[10]
[1]	[15]
[8]	[22]
[3]	[15]
[8]	[15]
[1]	[15]
[8]	[22]
[22]	[15]
[5]	[15]
[22]	[24]
[5]	[1]
[22]	[5]
[22]	[10]
[22]	[22]
[22]	[1]
[5]	[1]
[22]	[1]
[8]	[6]
[8]	[6]
[1]	[17]
[6]	[17]
[1]	[6]
[6]	[1]
[6]	[6]
[6]	[6]
[6]	[10]
[1]	[15]
[15]	[20]
[10]	[20]
[10]	[20]
[15]	[22]
[15]	[15]
[15]	[10]
[17]	[15]
[22]	[20]
[5]	[6]
[22]	[8]
[5]	[1]
[22]	[1]
[8]	[3]
[8]	[8]
[1]	[8]
[8]	[1]
[22]	[15]
[5]	[15]
[22]	[15]
[5]	[22]
[22]	[5]
[5]	[6]
[22]	[5]
[-1]	[10]
[22]	[22]
[22]	[1]
[5]	[6]
[22]	[6]
[8]	[1]
[1]	[1]
[8]	[1]
[1]	[15]
[6]	[15]
[8]	[15]
[1]	[8]
[22]	[1]
[5]	[19]
[22]	[8]
[5]	[15]
[22]	[15]
[8]	[22]
[1]	[15]
[8]	[15]
[3]	[5]
[8]	[10]
[1]	[8]
[1]	[1]
[8]	[17]
[1]	[8]
[8]	[8]
[1]	[15]
[1]	[22]
[8]	[22]
[1]	[5]
[8]	[22]
[22]	[3]
[5]	[3]
[22]	[3]
[5]	[1]
[22]	[8]
[5]	[22]
[22]	[22]
[22]	[22]
[17]	[3]
[22]	[8]
[5]	[1]
[22]	[8]
[5]	[3]
[22]	[3]
[8]	[22]
[22]	[15]
[5]	[15]
[22]	[24]
[-1]	[10]
[6]	[22]
[6]	[22]
[1]	[6]
[6]	[8]
[1]	[8]
[1]	[1]
[22]	[1]
[5]	[6]
[22]	[24]
[22]	[22]
[5]	[24]
[22]	[5]
[22]	[22]
[5]	[22]
[22]	[17]
[8]	[6]
[1]	[8]
[1]	[1]
[22]	[1]
[5]	[6]
[22]	[24]
[22]	[3]
[5]	[22]
[22]	[5]
[1]	[22]
[1]	[22]
[1]	[22]
[6]	[17]
[8]	[6]
[8]	[3]
[1]	[17]
[8]	[22]
[3]	[17]
[8]	[6]
[1]	[8]
[6]	[1]
[6]	[22]
[5]	[22]
[22]	[5]
[17]	[6]
[22]	[5]
[5]	[22]
[22]	[19]
[5]	[22]
[22]	[22]
[5]	[22]
[22]	[5]
[5]	[22]
[22]	[17]
[8]	[6]
[1]	[8]
[6]	[1]
[1]	[1]
[1]	[17]
[6]	[1]
[1]	[6]
[6]	[13]
[1]	[15]
[1]	[10]
[8]	[22]
[22]	[24]
[5]	[22]
[5]	[17]
[22]	[5]
[5]	[22]
[22]	[19]
[8]	[19]
[22]	[19]
[5]	[22]
[22]	[24]
[-1]	[10]
[1]	[15]
[8]	[22]
[1]	[15]
[6]	[1]
[1]	[15]
[8]	[10]
[1]	[8]
[6]	[8]
[1]	[15]
[1]	[10]
[6]	[10]
[1]	[6]
[6]	[13]
[1]	[15]
[8]	[22]
[1]	[11]
[8]	[18]
[1]	[11]
[1]	[1]
[6]	[1]
[1]	[6]
[1]	[6]
[6]	[1]
[1]	[6]
[6]	[20]
[6]	[6]
[1]	[3]
[8]	[20]
[1]	[20]
[6]	[20]
[1]	[15]
[8]	[22]
[-1]	[3]
[1]	[22]
[8]	[22]
[1]	[24]
[6]	[24]
[1]	[24]
[8]	[22]
[1]	[22]
[8]	[22]
[1]	[17]
[8]	[17]
[22]	[17]
[5]	[22]
[22]	[22]
[15]	[22]
[1]	[6]
[6]	[22]
[1]	[6]
[8]	[8]
[8]	[24]
[1]	[24]
[8]	[1]
[8]	[1]
[1]	[8]
[1]	[1]
[8]	[1]
[1]	[8]
[1]	[1]
[8]	[1]
[1]	[8]
[6]	[10]
[1]	[10]
[6]	[17]
[1]	[6]
[6]	[6]
[1]	[15]
[8]	[15]
[1]	[15]
[15]	[15]
[5]	[15]
[22]	[5]
[5]	[17]
[22]	[17]
[8]	[22]
[8]	[22]
[1]	[6]
[8]	[6]
[22]	[15]
[5]	[15]
[22]	[24]
[5]	[24]
[5]	[5]
[22]	[5]
[5]	[5]
[22]	[5]
[15]	[10]
[10]	[15]
[15]	[15]
[5]	[15]
[5]	[5]
[22]	[5]
[15]	[22]
[22]	[22]
[5]	[22]
[22]	[5]
[22]	[5]
[-1]	[22]
[3]	[10]
[8]	[15]
[8]	[17]
[1]	[17]
[6]	[10]
[1]	[15]
[1]	[20]
[6]	[22]
[6]	[15]
[6]	[15]
[1]	[11]
[6]	[8]
[1]	[8]
[6]	[1]
[1]	[6]
[1]	[13]
[6]	[14]
[6]	[15]
[24]	[15]
[10]	[21]
[15]	[10]
[15]	[3]
[5]	[6]
[22]	[6]
[5]	[22]
[22]	[5]
