Accuracy: 0.4260948120106685

n_chords: 1
n_melody: 1
t_prior: 30.0
e_prior: 22.5
dataset: All
keys: All
filter_train_set: True
filter_val_set: True

~ First 3000 predicted states ~
Predicted	True
[-1 -1]	[-1 -1]
[ 1 65]	[ 1 -1]
[ 1 68]	[13 68]
[ 1 68]	[13 66]
[ 1 73]	[ 6 65]
[ 1 73]	[ 8 70]
[ 1 75]	[22 72]
[ 8 73]	[ 1 73]
[ 8 72]	[ 8 73]
[ 8 73]	[15 72]
[ 8 72]	[15 70]
[ 8 70]	[ 1 72]
[ 8 68]	[ 8 73]
[ 1 66]	[ 8 68]
[ 1 65]	[ 1 66]
[ 1 66]	[ 6 65]
[ 1 65]	[ 1 66]
[ 1 65]	[20 65]
[ 1 68]	[ 1 63]
[ 1 65]	[ 1 61]
[ 1 68]	[13 68]
[ 1 68]	[13 66]
[ 1 73]	[ 6 65]
[ 1 73]	[ 8 70]
[ 1 75]	[22 72]
[ 8 73]	[ 1 73]
[ 8 72]	[ 8 73]
[ 8 73]	[15 72]
[ 8 72]	[15 70]
[ 8 70]	[ 1 72]
[ 8 68]	[ 8 73]
[ 1 66]	[ 8 68]
[ 1 65]	[ 1 66]
[ 1 66]	[ 6 65]
[ 1 65]	[ 1 66]
[ 1 65]	[20 65]
[ 1 68]	[ 1 63]
[ 1 68]	[10 61]
[ 1 68]	[ 3 65]
[ 1 68]	[ 5 67]
[ 1 73]	[ 6 69]
[ 1 75]	[ 6 70]
[ 8 73]	[22 72]
[ 8 72]	[ 5 73]
[ 8 73]	[22 72]
[ 8 75]	[24 70]
[ 8 77]	[ 1 72]
[ 8 75]	[13 73]
[ 8 75]	[ 1 75]
[ 8 77]	[15 77]
[ 1 75]	[ 8 75]
[-1 -1]	[ 1 75]
[ 1 84]	[ 1 73]
[ 1 85]	[ 6 85]
[ 1 89]	[ 1 85]
[ 1 87]	[ 8 85]
[ 1 89]	[22 87]
[ 1 90]	[ 6 85]
[ 1 89]	[ 1 90]
[ 1 87]	[ 6 92]
[ 1 89]	[22 90]
[ 1 92]	[22 89]
[ 1 92]	[17 90]
[ 1 90]	[ 6 92]
[ 1 89]	[ 8 94]
[ 1 87]	[ 8 92]
[ 1 89]	[ 1 90]
[ 1 87]	[ 8 89]
[ 1 85]	[ 1 87]
[ 1 89]	[ 1 85]
[ 1 87]	[24 85]
[ 1 89]	[ 1 90]
[ 1 90]	[ 1 89]
[ 1 89]	[ 1 90]
[ 1 87]	[ 8 92]
[ 1 85]	[ 1 87]
[ 1 80]	[ 1 85]
[ 1 82]	[ 3 84]
[ 1 80]	[ 8 82]
[ 1 85]	[ 8 80]
[ 1 89]	[ 8 80]
[ 1 89]	[ 3 87]
[ 1 87]	[ 8 87]
[ 1 89]	[ 1 87]
[ 1 87]	[15 89]
[ 1 89]	[15 90]
[ 1 87]	[15 89]
[ 1 89]	[22 87]
[ 1 87]	[22 85]
[ 1 89]	[ 1 87]
[ 1 87]	[ 8 89]
[ 1 85]	[ 1 87]
[ 1 84]	[ 1 85]
[ 1 85]	[ 6 85]
[-1 -1]	[ 1 85]
[ 1 75]	[ 1 85]
[ 1 77]	[ 6 77]
[ 1 80]	[24 73]
[ 1 82]	[ 1 75]
[ 1 80]	[ 8 77]
[ 1 77]	[ 6 80]
[ 1 80]	[ 8 78]
[ 1 82]	[ 1 78]
[ 1 80]	[ 1 77]
[ 1 78]	[ 6 80]
[ 8 77]	[ 1 78]
[ 8 75]	[15 77]
[ 8 75]	[ 8 75]
[ 8 77]	[ 1 75]
[ 8 75]	[ 8 77]
[ 8 77]	[ 8 75]
[ 8 75]	[ 8 75]
[ 8 77]	[ 1 75]
[ 8 75]	[ 8 77]
[ 8 77]	[22 75]
[ 8 75]	[24 73]
[ 8 73]	[ 5 75]
[ 8 75]	[ 5 72]
[ 8 77]	[22 72]
[ 8 75]	[ 8 73]
[ 8 77]	[ 1 75]
[ 1 75]	[ 8 77]
[ 1 77]	[ 8 75]
[ 1 75]	[ 6 77]
[ 1 73]	[ 1 78]
[ 1 73]	[ 8 77]
[-1 -1]	[ 1 75]
[ 1 75]	[-1 73]
[ 8 73]	[ 1 68]
[ 8 72]	[ 1 73]
[ 8 70]	[ 1 72]
[ 8 68]	[ 1 70]
[ 8 70]	[ 6 68]
[ 1 72]	[ 6 70]
[ 1 73]	[ 8 72]
[ 1 73]	[ 8 73]
[ 1 73]	[ 1 75]
[ 1 77]	[ 1 77]
[ 1 75]	[10 73]
[ 1 73]	[10 78]
[ 1 73]	[15 77]
[ 1 73]	[ 8 77]
[ 1 75]	[ 8 75]
[ 8 73]	[ 1 68]
[ 8 72]	[ 1 73]
[ 8 68]	[ 1 72]
[ 8 72]	[ 1 70]
[ 8 73]	[ 6 68]
[ 1 75]	[ 6 70]
[ 1 77]	[ 6 72]
[ 1 77]	[ 6 73]
[ 1 78]	[ 6 80]
[ 1 77]	[ 1 78]
[ 1 73]	[ 1 77]
[ 1 73]	[ 8 78]
[ 1 73]	[ 8 75]
[ 1 73]	[ 1 73]
[ 1 73]	[ 1 73]
[ 1 77]	[ 1 73]
[ 1 75]	[ 1 73]
[ 1 73]	[ 1 80]
[ 1 77]	[ 1 73]
[ 1 80]	[ 1 73]
[ 1 82]	[ 6 73]
[ 1 80]	[ 6 82]
[ 1 78]	[15 80]
[ 1 77]	[15 78]
[ 1 78]	[15 77]
[ 1 77]	[15 78]
[ 1 75]	[ 8 77]
[ 1 73]	[ 8 75]
[ 1 73]	[ 8 73]
[ 1 77]	[ 8 72]
[ 1 73]	[ 8 75]
[ 1 75]	[ 8 80]
[ 8 73]	[ 1 68]
[ 8 72]	[ 1 73]
[ 8 70]	[ 1 72]
[ 8 68]	[ 1 70]
[ 8 70]	[ 6 68]
[ 1 72]	[ 6 70]
[ 1 73]	[ 8 72]
[ 1 73]	[ 8 73]
[ 1 73]	[ 1 75]
[ 1 77]	[ 1 77]
[ 1 75]	[10 73]
[ 1 73]	[10 78]
[ 1 73]	[15 77]
[ 1 73]	[ 8 77]
[ 1 77]	[ 8 75]
[ 1 75]	[ 1 68]
[ 1 73]	[ 1 80]
[ 1 77]	[ 1 73]
[ 1 80]	[ 1 73]
[ 1 82]	[ 6 73]
[ 1 80]	[ 6 82]
[ 1 77]	[15 80]
[ 8 73]	[15 78]
[ 8 72]	[15 77]
[ 8 73]	[15 75]
[ 8 72]	[ 8 70]
[ 1 75]	[ 8 72]
[ 1 73]	[ 1 68]
[-1 -1]	[ 1 73]
[ 8 80]	[ 1 73]
[ 8 80]	[ 1 80]
[ 8 82]	[ 1 79]
[ 8 80]	[ 8 80]
[ 8 80]	[ 8 84]
[ 8 82]	[ 8 82]
[ 8 80]	[ 8 78]
[ 8 82]	[ 8 80]
[ 1 84]	[ 8 79]
[ 1 85]	[ 1 80]
[ 1 80]	[ 1 87]
[ 1 85]	[ 1 85]
[ 1 87]	[ 1 77]
[ 1 89]	[ 1 89]
[ 1 87]	[ 1 89]
[ 1 85]	[ 1 87]
[ 1 85]	[ 8 85]
[ 1 80]	[ 8 85]
[ 1 85]	[ 8 84]
[ 1 84]	[ 8 78]
[ 1 85]	[ 8 85]
[ 1 80]	[ 8 85]
[ 1 80]	[ 8 84]
[ 1 82]	[ 1 82]
[ 1 80]	[ 1 82]
[ 1 85]	[ 1 80]
[ 1 84]	[ 8 77]
[ 1 85]	[ 8 84]
[ 1 84]	[ 8 85]
[ 1 85]	[ 3 87]
[ 1 80]	[ 3 85]
[ 1 85]	[ 3 85]
[ 1 89]	[ 8 79]
[ 1 85]	[ 8 80]
[ 1 85]	[ 8 92]
[ 1 87]	[8 0]
[ 1 89]	[1 0]
[ 1 92]	[ 1 89]
[ 1 94]	[ 1 90]
[ 1 92]	[10 92]
[ 1 90]	[10 92]
[ 8 89]	[10 90]
[ 8 87]	[15 89]
[ 8 85]	[15 87]
[ 8 84]	[15 86]
[ 8 85]	[15 87]
[ 1 87]	[ 8 82]
[ 1 89]	[ 8 87]
[ 1 89]	[ 8 89]
[ 1 87]	[ 8 90]
[ 1 89]	[ 8 90]
[ 1 87]	[ 8 89]
[ 1 85]	[ 1 87]
[ 1 84]	[ 1 85]
[ 1 85]	[ 1 84]
[1 0]	[ 1 85]
[1 0]	[ 1 80]
[1 0]	[1 0]
[ 1 77]	[1 0]
[ 1 80]	[8 0]
[ 1 82]	[ 8 78]
[ 1 80]	[ 8 80]
[ 1 80]	[ 8 84]
[ 1 82]	[ 8 82]
[ 1 80]	[ 8 82]
[ 1 80]	[ 8 80]
[ 1 82]	[ 1 78]
[ 1 80]	[ 1 77]
[ 1 80]	[ 1 80]
[ 1 80]	[ 1 85]
[ 1 82]	[ 1 82]
[ 1 80]	[ 1 82]
[ 1 85]	[ 1 80]
[ 1 89]	[ 8 77]
[ 1 87]	[ 8 80]
[ 1 89]	[ 8 90]
[ 1 87]	[ 8 89]
[ 1 85]	[ 8 87]
[ 1 80]	[ 8 85]
[ 1 82]	[ 8 84]
[ 1 80]	[ 8 82]
[ 1 80]	[ 8 80]
[ 1 82]	[ 1 78]
[ 1 80]	[ 1 77]
[ 1 80]	[ 1 80]
[ 1 77]	[ 1 85]
[ 1 73]	[ 1 82]
[ 1 77]	[ 1 80]
[ 1 80]	[8 0]
[ 1 82]	[ 8 78]
[ 1 80]	[ 8 80]
[ 1 80]	[ 8 84]
[ 1 82]	[ 8 82]
[ 1 80]	[ 8 82]
[ 1 80]	[ 8 80]
[ 1 82]	[ 1 78]
[ 1 80]	[ 1 77]
[ 1 80]	[ 1 80]
[ 1 80]	[ 1 85]
[ 1 82]	[ 1 82]
[ 1 80]	[ 1 82]
[ 1 77]	[ 1 80]
[ 6 80]	[ 6 77]
[ 6 82]	[ 6 78]
[ 6 84]	[ 6 82]
[ 1 82]	[ 8 82]
[ 1 80]	[ 8 82]
[ 1 82]	[ 8 80]
[ 1 80]	[ 8 82]
[ 1 77]	[ 8 80]
[ 1 77]	[ 8 78]
[ 1 80]	[ 1 75]
[ 1 85]	[ 1 73]
[ 1 87]	[ 1 85]
[ 1 85]	[1 0]
[ 1 89]	[ 1 89]
[ 1 87]	[ 1 80]
[ 1 89]	[15 89]
[ 1 89]	[15 89]
[ 1 85]	[15 87]
[ 1 85]	[15 87]
[ 1 80]	[8 0]
[ 1 85]	[ 8 87]
[ 1 85]	[ 8 78]
[ 1 84]	[ 1 87]
[ 1 85]	[ 1 87]
[ 1 80]	[ 1 85]
[ 1 80]	[ 1 85]
[ 1 82]	[ 1 77]
[ 1 80]	[ 1 82]
[ 1 77]	[ 8 80]
[ 6 80]	[ 8 80]
[ 6 82]	[ 8 78]
[ 6 80]	[ 8 78]
[ 6 82]	[ 8 78]
[ 6 84]	[ 8 78]
[ 6 85]	[ 8 84]
[ 1 82]	[ 1 82]
[ 1 80]	[ 1 82]
[ 1 80]	[ 1 80]
[ 1 82]	[ 1 80]
[ 1 80]	[15 80]
[ 1 85]	[15 80]
[ 1 87]	[15 78]
[ 8 85]	[15 87]
[ 8 84]	[ 8 85]
[ 8 82]	[ 8 84]
[ 8 80]	[ 8 82]
[ 8 78]	[ 8 80]
[ 8 77]	[ 8 78]
[ 1 75]	[ 8 77]
[ 1 73]	[ 1 75]
[1 0]	[ 1 73]
[-1 -1]	[ 1 85]
[ 8 72]	[22  0]
[ 8 73]	[22 70]
[ 8 75]	[22 70]
[ 8 73]	[22 72]
[ 8 72]	[24 73]
[ 8 68]	[ 6 72]
[ 8 68]	[19 70]
[ 8 68]	[19 69]
[ 8 70]	[22 70]
[ 8 68]	[22 70]
[ 8 68]	[22 68]
[ 8 70]	[ 5 70]
[ 1 72]	[ 5 72]
[ 1 73]	[ 5 72]
[ 1 73]	[22 73]
[ 1 73]	[22 73]
[ 1 73]	[22 72]
[ 1 73]	[ 3 73]
[ 1 75]	[ 5 75]
[ 8 73]	[22 77]
[ 8 72]	[24 73]
[ 8 73]	[22 72]
[ 8 75]	[17 70]
[ 8 75]	[17 72]
[ 8 77]	[ 1 72]
[ 8 75]	[24 73]
[ 8 73]	[19 75]
[ 8 72]	[ 8 73]
[ 8 75]	[22 72]
[ 8 77]	[ 8 70]
[ 1 78]	[ 8 68]
[ 1 80]	[10 75]
[ 1 82]	[14 77]
[ 1 80]	[17 79]
[ 1 78]	[19 80]
[ 1 77]	[ 1 79]
[ 1 75]	[12 77]
[ 1 73]	[ 5 76]
[ 1 73]	[ 1 77]
[ 1 73]	[ 1 77]
[ 1 73]	[ 8 77]
[ 1 73]	[ 8 75]
[ 1 73]	[ 8 73]
[ 1 73]	[ 8 72]
[ 1 73]	[ 8 73]
[ 1 73]	[17 75]
[ 1 73]	[ 5 77]
[ 1 73]	[22 75]
[ 1 73]	[ 5 73]
[ 1 75]	[22 72]
[ 1 77]	[22 77]
[ 1 78]	[24 77]
[ 1 77]	[24 75]
[ 1 78]	[19 77]
[ 1 77]	[22 78]
[ 1 75]	[19 77]
[ 1 73]	[15 75]
[ 1 73]	[ 5 73]
[ 1 73]	[ 5 72]
[ 1 73]	[ 5 72]
[ 1 73]	[22 73]
[ 1 73]	[22 73]
[ 1 73]	[22 72]
[ 1 73]	[24 73]
[ 1 73]	[17 75]
[ 1 73]	[22 77]
[-1 -1]	[ 5 73]
[ 6 80]	[ 1 72]
[ 6 82]	[ 1 80]
[ 6 84]	[ 1 82]
[ 1 82]	[ 1 83]
[ 1 80]	[ 1 82]
[ 1 80]	[ 1 80]
[ 1 82]	[ 1 78]
[ 1 80]	[ 1 77]
[ 1 85]	[ 1 80]
[ 1 85]	[ 1 82]
[ 1 80]	[ 1 83]
[ 1 82]	[ 1 83]
[ 1 80]	[ 1 82]
[ 1 82]	[ 1 80]
[ 1 80]	[ 1 80]
[ 1 82]	[ 1 80]
[ 1 80]	[ 1 82]
[ 1 82]	[ 1 83]
[ 1 80]	[ 1 82]
[ 1 78]	[ 1 80]
[ 1 77]	[ 1 78]
[ 1 75]	[ 1 77]
[ 1 73]	[ 1 73]
[ 1 73]	[ 1 77]
[ 1 73]	[12 75]
[ 1 73]	[12 71]
[ 1 73]	[ 1 71]
[ 1 73]	[ 1 73]
[ 1 73]	[ 1 73]
[ 1 73]	[ 1 73]
[ 1 73]	[ 1 73]
[ 1 73]	[ 1 73]
[ 1 77]	[ 1 73]
[ 1 77]	[ 1 73]
[ 1 75]	[ 1 80]
[ 1 73]	[ 1 78]
[ 1 73]	[ 1 77]
[ 1 73]	[ 1 73]
[ 1 73]	[ 1 73]
[ 1 73]	[ 1 73]
[ 1 73]	[ 1 73]
[ 1 73]	[12 77]
[ 1 73]	[12 75]
[ 1 73]	[ 1 75]
[ 1 73]	[ 1 73]
[ 1 73]	[ 1 73]
[ 1 77]	[ 1 73]
[ 1 77]	[ 1 73]
[ 1 75]	[ 1 80]
[ 1 73]	[ 1 78]
[ 1 73]	[ 1 77]
[ 1 73]	[ 1 77]
[ 1 73]	[ 1 73]
[ 1 73]	[12 77]
[ 1 73]	[12 75]
[ 1 73]	[ 1 71]
[ 1 73]	[ 1 73]
[ 1 77]	[ 1 73]
[ 1 80]	[ 1 73]
[-1 -1]	[ 1 80]
[ 6 87]	[ 1 80]
[ 6 85]	[ 6 85]
[ 1 82]	[ 6 85]
[ 1 80]	[ 1 82]
[ 1 80]	[ 1 80]
[ 1 80]	[ 6 77]
[ 1 82]	[ 6 85]
[ 1 80]	[ 1 82]
[ 1 80]	[ 1 80]
[ 1 80]	[ 6 77]
[ 1 82]	[ 6 85]
[ 1 80]	[ 1 82]
[ 1 77]	[ 1 80]
[ 1 77]	[ 8 77]
[ 1 80]	[ 8 75]
[ 1 80]	[ 1 73]
[ 1 80]	[ 6 85]
[ 1 82]	[ 6 85]
[ 1 80]	[ 1 82]
[ 1 80]	[ 1 80]
[ 1 80]	[ 6 77]
[ 1 78]	[ 6 85]
[ 1 77]	[ 1 82]
[ 1 73]	[ 1 77]
[ 1 73]	[ 8 80]
[ 1 73]	[ 8 75]
[ 1 73]	[ 1 77]
[ 1 77]	[ 1 75]
[ 1 80]	[ 1 73]
[ 1 82]	[ 1 73]
[ 1 80]	[ 1 77]
[ 1 78]	[ 1 80]
[ 1 77]	[ 1 80]
[ 1 80]	[ 6 77]
[ 1 80]	[ 6 78]
[ 1 82]	[ 6 82]
[ 1 80]	[ 6 82]
[ 1 82]	[ 1 80]
[ 1 80]	[ 1 77]
[ 1 77]	[ 1 80]
[ 1 73]	[ 1 80]
[ 1 73]	[ 1 73]
[ 1 73]	[ 8 75]
[ 1 73]	[ 8 77]
[ 1 73]	[ 8 75]
[ 1 77]	[ 8 75]
[ 1 80]	[ 8 73]
[ 1 82]	[ 1 75]
[ 1 80]	[ 1 77]
[ 1 78]	[ 1 80]
[ 1 77]	[ 1 80]
[ 1 80]	[ 6 77]
[ 1 80]	[ 6 78]
[ 1 82]	[ 6 82]
[ 1 80]	[ 6 82]
[ 1 77]	[ 1 80]
[ 1 73]	[ 1 77]
[ 1 73]	[ 8 80]
[ 1 73]	[ 8 75]
[ 1 73]	[ 8 75]
[ 1 73]	[ 1 77]
[-1 -1]	[ 1 75]
[ 1 84]	[-1 73]
[ 1 85]	[-1 80]
[ 1 85]	[-1 85]
[ 1 85]	[-1 89]
[ 1 89]	[ 8 87]
[ 1 87]	[ 8 84]
[ 1 89]	[ 1 87]
[ 1 90]	[ 1 85]
[ 1 89]	[ 1 89]
[ 1 87]	[ 1 92]
[ 1 89]	[ 1 92]
[ 8 85]	[ 8 85]
[ 8 84]	[ 8 85]
[ 8 80]	[ 6 84]
[ 8 80]	[ 6 82]
[ 8 84]	[ 6 82]
[ 8 85]	[ 6 81]
[ 8 87]	[ 6 82]
[ 8 85]	[ 6 87]
[ 8 87]	[ 8 85]
[ 8 89]	[ 8 84]
[ 8 87]	[ 8 92]
[ 8 85]	[ 8 90]
[ 8 84]	[ 8 84]
[ 8 85]	[ 8 84]
[ 8 87]	[ 8 83]
[ 8 89]	[ 8 84]
[ 8 87]	[ 8 89]
[ 1 84]	[ 1 87]
[ 1 85]	[ 1 87]
[ 1 84]	[ 1 85]
[ 1 85]	[ 1 80]
[ 1 84]	[ 1 85]
[ 1 85]	[ 1 89]
[ 1 85]	[ 8 85]
[ 1 84]	[ 8 84]
[ 1 85]	[ 1 87]
[ 1 87]	[ 1 85]
[ 1 89]	[ 1 80]
[ 1 87]	[ 1 85]
[ 6 89]	[ 1 87]
[ 6 90]	[ 6 89]
[ 6 89]	[ 6 90]
[ 6 90]	[ 6 82]
[ 6 90]	[ 6 90]
[ 6 89]	[ 6 90]
[ 6 90]	[ 6 89]
[ 6 89]	[ 6 90]
[ 1 90]	[ 6 82]
[ 1 92]	[ 1 90]
[ 1 89]	[ 1 89]
[ 1 87]	[ 1 89]
[ 1 85]	[ 1 88]
[ 1 87]	[ 1 89]
[ 1 85]	[ 1 80]
[ 1 84]	[15 89]
[ 1 85]	[15 87]
[ 1 85]	[ 8 82]
[ 1 84]	[ 8 84]
[ 1 85]	[ 1 80]
[ 1 84]	[ 1 85]
[ 1 85]	[ 1 85]
[ 8 89]	[ 1 85]
[ 8 87]	[1 0]
[ 8 89]	[ 1 87]
[ 8 90]	[ 1 87]
[ 8 89]	[ 1 87]
[ 8 87]	[ 1 89]
[ 8 87]	[ 1 87]
[ 8 84]	[ 1 87]
[ 8 80]	[ 3 89]
[ 8 84]	[ 3 87]
[ 8 85]	[ 3 78]
[ 8 87]	[ 3 82]
[ 8 89]	[ 3 87]
[ 8 90]	[ 3 87]
[ 8 89]	[ 3 87]
[ 8 87]	[ 3 89]
[ 8 87]	[ 3 87]
[ 8 85]	[ 3 87]
[ 8 84]	[ 8 89]
[ 8 85]	[ 8 87]
[ 8 84]	[ 8 80]
[ 8 82]	[ 3 84]
[ 1 84]	[ 3 84]
[ 1 85]	[ 3 84]
[ 1 89]	[ 3 82]
[ 1 92]	[ 3 82]
[ 1 89]	[ 3 92]
[ 1 87]	[ 3 90]
[ 1 85]	[ 3 90]
[ 1 80]	[ 3 89]
[ 1 80]	[ 8 89]
[ 1 82]	[ 8 82]
[ 1 80]	[ 8 82]
[ 1 89]	[ 8 80]
[ 1 87]	[ 8 80]
[ 1 85]	[ 8 90]
[ 8 89]	[ 8 89]
[ 8 87]	[ 8 89]
[ 8 89]	[ 8 87]
[ 8 87]	[ 8 87]
[ 8 89]	[ 8 87]
[ 8 90]	[ 8 87]
[ 8 89]	[ 8 87]
[ 8 87]	[ 8 89]
[ 8 87]	[ 8 87]
[ 8 84]	[ 8 87]
[ 8 80]	[ 3 89]
[ 8 84]	[ 3 87]
[ 8 85]	[ 3 78]
[ 8 87]	[ 3 82]
[ 8 89]	[ 3 87]
[ 8 90]	[ 3 87]
[ 8 89]	[ 3 87]
[ 8 87]	[ 3 89]
[ 8 87]	[ 3 87]
[ 8 85]	[ 3 87]
[ 8 84]	[ 8 89]
[ 8 85]	[ 8 87]
[ 8 87]	[ 8 80]
[ 8 85]	[ 3 84]
[ 8 84]	[ 3 84]
[ 8 87]	[ 3 84]
[ 8 89]	[ 3 82]
[ 1 87]	[ 3 92]
[ 1 85]	[ 3 90]
[ 1 84]	[ 8 89]
[ 1 85]	[ 8 82]
[ 1 89]	[ 8 82]
[ 1 87]	[ 8 80]
[ 1 89]	[ 8 90]
[ 1 87]	[ 8 89]
[ 1 85]	[ 3 87]
[ 1 85]	[ 3 85]
[ 1 84]	[ 3 85]
[ 1 85]	[ 3 84]
[ 1 87]	[ 3 82]
[ 1 89]	[ 3 84]
[ 1 87]	[ 3 85]
[ 1 89]	[ 3 87]
[ 1 92]	[ 3 89]
[ 1 90]	[ 8 90]
[ 1 89]	[ 8 92]
[ 1 85]	[ 8 92]
[ 1 84]	[ 8 92]
[ 1 85]	[8 0]
[ 1 87]	[ 8 85]
[ 6 89]	[ 8 84]
[ 6 90]	[ 8 85]
[ 6 85]	[ 8 90]
[ 6 82]	[ 8 90]
[ 6 80]	[ 8 82]
[ 6 82]	[ 8 81]
[ 6 82]	[ 8 82]
[ 6 84]	[ 8 85]
[ 8 85]	[ 8 85]
[ 8 87]	[11 82]
[ 8 89]	[11 84]
[ 8 87]	[11 87]
[ 8 89]	[11 90]
[ 8 87]	[ 6 87]
[ 1 84]	[ 6 87]
[ 1 85]	[ 6 87]
[ 1 84]	[ 6 85]
[ 1 85]	[6 0]
[ 1 84]	[ 1 82]
[ 1 85]	[ 1 85]
[ 1 85]	[ 1 85]
[ 1 85]	[ 1 84]
[ 1 85]	[1 0]
[ 1 85]	[ 6 80]
[ 1 84]	[ 6 84]
[ 1 85]	[ 6 84]
[ 1 84]	[ 6 82]
[ 1 85]	[6 0]
[ 1 85]	[ 6 85]
[ 1 87]	[ 6 85]
[ 6 89]	[ 6 84]
[ 6 90]	[ 6 85]
[ 6 85]	[ 6 90]
[ 6 82]	[ 6 90]
[ 6 80]	[ 6 82]
[ 6 82]	[ 6 81]
[ 6 82]	[ 6 82]
[ 6 84]	[ 6 85]
[ 8 85]	[ 6 85]
[ 8 87]	[11 82]
[ 8 89]	[11 84]
[ 8 87]	[11 87]
[ 8 89]	[11 90]
[ 8 87]	[ 6 87]
[ 1 84]	[ 6 87]
[ 1 85]	[ 6 87]
[ 1 87]	[ 6 85]
[ 1 89]	[ 6 84]
[ 1 90]	[ 6 85]
[ 1 89]	[ 1 90]
[ 1 89]	[ 1 92]
[ 1 87]	[ 1 87]
[ 6 89]	[ 1 89]
[ 6 90]	[ 6 85]
[ 6 89]	[ 6 90]
[-1 -1]	[ 6 90]
[ 1 68]	[ 1 90]
[ 1 73]	[ 1 68]
[ 1 73]	[ 1 70]
[ 1 73]	[ 1 73]
[ 1 73]	[ 1 77]
[ 1 73]	[ 1 75]
[ 1 73]	[ 8 73]
[ 1 77]	[ 8 75]
[ 1 80]	[ 8 73]
[ 1 82]	[ 1 75]
[ 1 80]	[ 1 77]
[ 1 80]	[ 1 80]
[ 1 80]	[ 6 85]
[ 1 80]	[ 6 82]
[ 1 80]	[ 6 85]
[ 1 82]	[10 82]
[ 1 80]	[10 82]
[ 1 77]	[10 80]
[ 1 75]	[ 3 77]
[ 1 73]	[ 3 75]
[ 1 73]	[ 3 77]
[ 1 73]	[ 8 75]
[ 1 68]	[ 8 75]
[ 1 70]	[ 8 73]
[ 1 68]	[ 1 70]
[ 1 73]	[ 1 68]
[ 1 73]	[ 1 70]
[ 1 73]	[ 1 73]
[ 1 73]	[ 1 77]
[ 1 73]	[ 1 75]
[ 1 73]	[ 8 73]
[ 1 77]	[ 8 75]
[ 1 80]	[ 8 73]
[ 1 82]	[ 1 75]
[ 1 80]	[ 1 77]
[ 1 80]	[ 1 80]
[ 1 80]	[ 6 85]
[ 1 80]	[ 6 82]
[ 1 80]	[ 6 85]
[ 1 82]	[ 6 82]
[ 1 80]	[ 6 82]
[ 1 77]	[ 6 80]
[ 1 75]	[ 8 77]
[ 1 73]	[ 8 75]
[ 1 77]	[ 8 73]
[ 1 80]	[ 1 70]
[ 1 85]	[10 73]
[ 1 85]	[10 85]
[ 1 80]	[10 84]
[ 1 82]	[10 85]
[ 1 80]	[10 82]
[ 1 78]	[10 80]
[ 1 77]	[10 78]
[ 1 80]	[10 77]
[ 1 82]	[10 78]
[ 1 80]	[ 8 80]
[ 1 77]	[ 8 80]
[ 1 73]	[ 8 77]
[ 1 68]	[ 1 80]
[ 1 73]	[ 1 68]
[ 1 73]	[ 1 70]
[ 1 73]	[ 3 73]
[ 1 73]	[ 3 75]
[ 1 73]	[ 3 73]
[ 1 73]	[ 8 75]
[ 1 73]	[ 8 77]
[ 1 77]	[ 8 75]
[ 1 80]	[ 8 75]
[ 1 82]	[ 8 75]
[ 1 84]	[ 8 77]
[ 1 85]	[10 80]
[ 1 85]	[10 85]
[ 1 80]	[10 84]
[ 1 82]	[10 85]
[ 1 80]	[10 82]
[ 1 78]	[10 80]
[ 1 77]	[10 78]
[ 1 80]	[10 77]
[ 1 82]	[10 78]
[ 1 80]	[ 8 80]
[ 1 77]	[ 8 80]
[ 1 73]	[ 8 77]
[ 1 68]	[ 1 80]
[ 1 73]	[ 1 68]
[ 1 73]	[ 1 70]
[ 1 73]	[ 8 73]
[ 1 73]	[ 8 75]
[ 1 73]	[ 8 73]
[ 1 73]	[ 8 75]
[ 1 73]	[ 8 77]
[ 1 73]	[ 8 73]
[ 1 77]	[ 1 73]
[ 1 75]	[ 1 73]
[ 1 73]	[ 1 80]
[ 1 73]	[ 1 77]
[ 1 73]	[ 1 73]
[ 1 77]	[ 1 73]
[ 1 78]	[ 1 73]
[ 1 80]	[ 1 75]
[ 1 82]	[ 1 77]
[ 1 80]	[ 1 78]
[ 1 82]	[ 1 80]
[ 1 80]	[ 1 77]
[ 1 82]	[ 1 80]
[ 1 80]	[ 1 85]
[ 1 82]	[ 1 80]
[ 1 80]	[ 1 77]
[ 1 77]	[ 1 80]
[ 1 75]	[ 1 77]
[ 1 73]	[ 8 73]
[ 1 73]	[ 8 77]
[ 1 75]	[ 8 73]
[ 8 73]	[ 1 68]
[ 8 75]	[ 1 73]
[ 8 77]	[ 1 72]
[ 8 75]	[ 3 73]
[ 8 77]	[ 3 75]
[ 8 75]	[ 3 73]
[ 8 77]	[ 8 75]
[ 8 75]	[ 8 77]
[ 8 77]	[ 8 75]
[ 1 75]	[ 8 75]
[ 1 77]	[ 8 75]
[ 1 77]	[ 8 77]
[ 1 80]	[ 1 78]
[ 1 82]	[ 1 80]
[ 1 80]	[ 1 77]
[ 1 82]	[ 1 80]
[ 1 80]	[ 1 85]
[ 1 82]	[ 1 80]
[ 1 80]	[ 1 77]
[ 1 77]	[ 1 80]
[ 1 75]	[ 1 77]
[ 1 73]	[ 8 73]
[ 1 73]	[ 8 77]
[ 1 73]	[ 8 73]
[ 1 73]	[ 6 68]
[ 1 73]	[ 6 73]
[ 1 73]	[ 6 72]
[ 1 73]	[ 8 73]
[ 1 73]	[ 8 75]
[ 1 73]	[ 8 73]
[ 1 73]	[ 8 75]
[ 1 73]	[ 8 77]
[ 1 73]	[ 8 73]
[ 1 77]	[ 1 73]
[ 1 78]	[ 1 73]
[ 1 77]	[ 1 75]
[ 1 75]	[ 1 77]
[ 1 73]	[ 1 78]
[ 1 73]	[ 1 77]
[ 1 73]	[ 1 73]
[ 1 77]	[ 1 73]
[-1 -1]	[ 1 73]
[13 75]	[-1 80]
[13 73]	[13 68]
[13 73]	[13 73]
[13 73]	[13 73]
[13 75]	[13 73]
[13 76]	[13 75]
[13 76]	[20 76]
[13 78]	[20 75]
[13 80]	[20 75]
[13 78]	[20 80]
[13 76]	[20 80]
[13 75]	[20 80]
[13 73]	[13 78]
[13 73]	[13 76]
[13 73]	[13 75]
[13 73]	[13 73]
[13 75]	[13 73]
[ 8 73]	[13 75]
[ 8 72]	[20 76]
[ 8 70]	[20 75]
[ 8 68]	[20 75]
[ 8 68]	[20 68]
[ 8 70]	[20 68]
[ 1 72]	[20 68]
[ 1 73]	[13 68]
[ 1 73]	[13 73]
[ 8 77]	[13 73]
[ 8 78]	[13 73]
[ 8 77]	[13 75]
[ 8 75]	[20 76]
[ 8 80]	[20 75]
[ 8 82]	[20 75]
[ 8 80]	[20 80]
[ 8 78]	[20 80]
[ 8 77]	[13 78]
[ 1 75]	[13 76]
[ 1 73]	[13 75]
[ 1 73]	[ 8 73]
[ 1 73]	[ 8 75]
[ 1 73]	[ 8 73]
[ 1 73]	[13 72]
[ 1 73]	[13 73]
[ 8 77]	[13 73]
[ 8 78]	[13 73]
[ 8 76]	[ 5 75]
[13 75]	[ 5 75]
[13 76]	[ 5 75]
[13 78]	[ 5 76]
[13 80]	[ 5 78]
[13 80]	[12 76]
[13 85]	[12 78]
[13 85]	[12 78]
[ 8 85]	[12 83]
[ 8 84]	[12 83]
[ 8 82]	[13 84]
[ 8 80]	[13 85]
[ 8 78]	[13 80]
[ 8 77]	[13 78]
[ 1 75]	[13 76]
[ 1 73]	[13 75]
[ 1 77]	[ 8 73]
[ 1 78]	[ 8 72]
[ 1 77]	[ 8 80]
[ 1 75]	[ 8 80]
[ 8 73]	[13 80]
[ 8 75]	[13 73]
[ 8 77]	[13 72]
[ 8 75]	[ 8 73]
[ 8 77]	[ 8 75]
[ 8 78]	[ 8 73]
[ 8 78]	[13 75]
[ 8 80]	[13 76]
[ 8 80]	[13 76]
[ 8 82]	[13 78]
[ 8 80]	[18 80]
[ 8 82]	[18 80]
[ 8 80]	[13 81]
[ 8 78]	[13 80]
[ 8 77]	[13 78]
[ 1 75]	[ 8 76]
[ 1 73]	[ 8 75]
[ 1 73]	[ 8 73]
[ 1 73]	[13 72]
[-1 -1]	[13 73]
[ 1 82]	[-1 73]
[ 1 80]	[ 1 80]
[ 1 78]	[ 1 80]
[ 1 77]	[ 1 80]
[ 1 78]	[ 1 77]
[ 1 77]	[ 1 78]
[ 1 75]	[ 1 80]
[ 1 73]	[ 1 78]
[ 1 73]	[ 1 77]
[ 1 73]	[ 1 77]
[ 1 73]	[ 1 75]
[ 1 73]	[ 1 73]
[ 1 73]	[ 1 75]
[ 1 73]	[ 1 77]
[ 1 68]	[ 1 73]
[ 1 70]	[ 1 72]
[ 1 68]	[ 8 70]
[ 1 73]	[ 8 68]
[ 1 73]	[ 8 68]
[ 1 73]	[ 8 77]
[ 1 73]	[ 1 77]
[ 1 68]	[ 1 77]
[ 1 68]	[ 8 77]
[ 1 73]	[ 8 68]
[ 1 73]	[ 8 70]
[ 1 73]	[ 1 72]
[ 1 73]	[ 1 73]
[ 1 75]	[ 1 75]
[ 1 77]	[ 1 77]
[ 1 78]	[ 8 77]
[ 1 77]	[ 8 75]
[ 8 73]	[ 8 77]
[ 8 75]	[ 8 78]
[ 8 77]	[ 8 72]
[ 1 75]	[ 8 73]
[ 1 73]	[ 1 75]
[-1 -1]	[ 1 73]
[ 1 84]	[ 1 73]
[ 1 85]	[ 1 85]
[ 1 89]	[ 1 85]
[ 1 87]	[ 1 85]
[ 8 85]	[ 1 87]
[ 8 87]	[ 8 85]
[ 8 89]	[ 8 84]
[ 8 87]	[ 8 87]
[ 8 89]	[ 8 87]
[ 1 87]	[ 8 87]
[ 1 89]	[ 1 90]
[ 1 89]	[ 1 89]
[ 1 87]	[ 1 87]
[ 1 89]	[ 1 85]
[ 1 90]	[ 1 89]
[ 1 89]	[ 1 92]
[ 1 87]	[ 6 92]
[ 1 89]	[ 6 90]
[ 1 92]	[ 6 89]
[ 1 92]	[ 8 87]
[ 1 92]	[ 8 90]
[ 1 89]	[ 8 94]
[ 1 87]	[ 1 94]
[ 1 89]	[ 1 92]
[ 1 87]	[ 6 89]
[ 1 89]	[ 6 90]
[ 1 87]	[ 6 89]
[ 8 85]	[ 8 87]
[ 8 84]	[ 8 85]
[ 8 82]	[ 8 84]
[ 1 84]	[ 8 82]
[ 1 85]	[ 8 80]
[ 1 85]	[ 8 82]
[ 1 80]	[ 8 84]
[ 1 82]	[ 8 85]
[ 1 80]	[ 8 77]
[ 1 80]	[ 8 80]
[ 1 82]	[ 8 85]
[ 1 80]	[ 8 77]
[ 1 85]	[22 80]
[ 1 89]	[22 82]
[ 1 92]	[ 1 82]
[ 1 90]	[ 1 92]
[ 1 89]	[ 1 94]
[ 1 87]	[ 8 92]
[ 1 89]	[ 8 90]
[ 1 87]	[ 8 89]
[ 1 85]	[ 1 87]
[ 1 84]	[ 1 85]
[ 1 85]	[ 1 80]
[ 1 89]	[ 1 85]
[ 1 90]	[ 6 80]
[ 1 89]	[ 6 94]
[ 1 87]	[ 6 92]
[ 1 89]	[ 1 90]
[ 1 87]	[ 1 89]
[ 1 85]	[ 1 87]
[ 1 89]	[ 8 85]
[ 1 89]	[ 8 84]
[ 1 89]	[ 8 87]
[ 1 89]	[ 8 87]
[ 1 87]	[ 1 87]
[ 1 89]	[ 1 92]
[ 1 92]	[ 1 89]
[ 1 92]	[ 1 90]
[ 1 89]	[ 6 92]
[ 1 92]	[ 6 94]
[ 1 89]	[ 6 90]
[ 1 87]	[ 1 94]
[ 1 89]	[ 1 92]
[ 1 92]	[ 1 89]
[ 1 89]	[ 8 92]
[ 1 89]	[ 8 90]
[ 1 87]	[ 8 87]
[ 1 89]	[ 1 90]
[ 1 87]	[ 1 89]
[ 8 85]	[ 1 87]
[ 8 84]	[ 8 85]
[ 8 82]	[ 8 84]
[ 1 84]	[ 8 80]
[-1 -1]	[ 1 84]
[ 1 75]	[-1 85]
[ 1 73]	[ 1 78]
[ 1 73]	[ 1 77]
[ 1 73]	[ 1 73]
[ 1 73]	[12 77]
[ 1 77]	[12 75]
[ 1 73]	[12 71]
[ 1 73]	[12 78]
[ 1 73]	[ 1 75]
[ 1 73]	[ 1 77]
[ 1 73]	[ 1 73]
[ 1 77]	[ 1 77]
[ 1 80]	[ 1 75]
[ 1 82]	[ 6 73]
[ 1 80]	[ 6 85]
[ 1 77]	[ 1 80]
[ 1 78]	[ 1 77]
[ 8 77]	[ 1 73]
[ 8 75]	[12 77]
[ 8 77]	[12 75]
[ 8 75]	[12 71]
[ 8 75]	[12 78]
[ 8 77]	[ 1 75]
[ 8 78]	[ 1 77]
[ 8 77]	[ 1 78]
[ 1 75]	[ 8 80]
[ 1 73]	[ 8 75]
[ 1 73]	[ 1 77]
[ 1 77]	[ 1 73]
[ 1 78]	[ 1 73]
[ 1 80]	[ 1 78]
[ 1 82]	[ 1 77]
[ 1 80]	[ 1 80]
[ 1 80]	[ 1 80]
[ 1 73]	[12 82]
[ 1 77]	[12 83]
[ 1 77]	[12 71]
[ 1 80]	[12 78]
[ 1 82]	[ 1 75]
[ 1 80]	[ 1 77]
[ 1 82]	[ 1 80]
[ 1 80]	[ 1 82]
[ 1 82]	[ 1 83]
[ 1 80]	[ 1 85]
[ 1 82]	[ 1 80]
[ 1 80]	[ 1 85]
[ 1 80]	[ 1 80]
[ 1 82]	[ 1 77]
[ 1 80]	[ 1 80]
[ 1 80]	[ 1 80]
[ 1 73]	[12 82]
[ 1 77]	[12 83]
[ 1 77]	[12 71]
[ 1 78]	[12 78]
[ 1 77]	[ 1 75]
[ 1 78]	[ 1 77]
[ 1 77]	[ 1 78]
[ 1 75]	[ 8 80]
[ 1 73]	[ 8 75]
[-1 -1]	[ 1 77]
[ 1 82]	[ 8 73]
[ 1 80]	[ 8 80]
[ 1 82]	[ 8 80]
[ 1 80]	[ 8 80]
[ 1 85]	[ 8 80]
[ 1 85]	[ 8 80]
[ 1 85]	[ 8 84]
[ 1 89]	[ 8 80]
[ 1 92]	[ 8 84]
[ 1 94]	[ 8 87]
[ 1 92]	[ 8 92]
[ 1 94]	[ 8 92]
[ 1 92]	[ 8 92]
[ 1 89]	[ 8 92]
[ 1 85]	[ 8 92]
[ 1 85]	[ 8 92]
[ 1 87]	[8 0]
[ 1 89]	[ 1 80]
[ 1 87]	[ 1 89]
[ 1 89]	[ 1 89]
[ 1 90]	[ 1 89]
[ 1 89]	[ 1 89]
[ 1 87]	[ 1 92]
[ 1 85]	[ 1 90]
[ 1 89]	[ 8 89]
[ 1 87]	[ 8 89]
[ 1 89]	[ 8 87]
[ 1 89]	[ 8 85]
[ 1 89]	[ 8 87]
[ 1 89]	[ 8 87]
[ 1 87]	[ 8 87]
[ 1 89]	[ 8 87]
[ 1 87]	[ 8 89]
[ 1 89]	[ 1 90]
[ 1 87]	[ 1 89]
[ 6 89]	[ 1 92]
[ 6 90]	[ 6 85]
[ 6 89]	[ 6 90]
[ 6 90]	[ 6 90]
[ 1 94]	[ 6 90]
[ 1 92]	[ 6 94]
[ 1 89]	[ 6 92]
[ 1 87]	[ 1 90]
[ 1 89]	[ 1 90]
[ 1 87]	[ 1 89]
[ 1 89]	[ 1 87]
[ 1 87]	[ 1 89]
[ 1 89]	[ 1 92]
[ 1 89]	[ 8 89]
[ 1 87]	[ 8 92]
[ 1 89]	[ 8 90]
[ 1 85]	[ 8 89]
[ 1 84]	[ 8 87]
[ 1 85]	[ 8 80]
[ 1 84]	[ 8 82]
[ 1 85]	[ 1 84]
[ 1 84]	[ 1 85]
[ 1 85]	[ 1 85]
[ 1 89]	[ 1 85]
[ 1 89]	[8 0]
[ 1 92]	[ 8 90]
[ 1 94]	[ 8 87]
[ 1 92]	[ 1 94]
[ 1 90]	[ 1 92]
[ 1 89]	[ 8 89]
[ 1 89]	[ 8 89]
[ 1 85]	[ 8 87]
[ 1 87]	[ 8 90]
[ 1 89]	[ 1 84]
[ 1 87]	[ 1 85]
[ 1 89]	[ 1 87]
[ 1 90]	[ 1 89]
[ 1 89]	[ 1 90]
[ 1 89]	[ 8 92]
[ 1 92]	[ 8 90]
[ 1 89]	[ 8 87]
[ 1 87]	[ 1 94]
[ 1 89]	[ 1 92]
[ 1 87]	[ 8 89]
[ 1 89]	[ 8 87]
[ 1 90]	[ 8 89]
[ 1 89]	[ 8 92]
[ 1 87]	[ 8 92]
[ 1 89]	[ 1 90]
[ 1 87]	[ 1 89]
[ 1 85]	[ 1 89]
[ 1 89]	[ 1 89]
[ 1 92]	[6 0]
[ 1 92]	[ 6 85]
[ 1 92]	[ 6 94]
[ 1 90]	[ 6 94]
[ 1 89]	[ 6 94]
[ 1 85]	[ 6 92]
[ 1 84]	[ 6 90]
[ 1 85]	[ 6 82]
[ 1 87]	[ 1 85]
[ 1 85]	[ 1 84]
[ 1 89]	[ 1 89]
[ 1 87]	[ 1 84]
[ 1 89]	[ 1 89]
[ 1 87]	[ 1 89]
[ 1 89]	[ 1 92]
[ 1 92]	[ 1 89]
[ 1 92]	[ 6 85]
[ 1 89]	[ 6 94]
[ 1 92]	[ 6 90]
[ 1 92]	[ 6 85]
[ 1 92]	[ 6 94]
[ 1 90]	[ 6 94]
[ 1 89]	[ 6 94]
[ 1 85]	[ 6 92]
[ 1 84]	[ 6 90]
[ 1 85]	[ 6 82]
[ 1 87]	[ 1 85]
[ 1 85]	[ 1 84]
[ 1 87]	[ 1 89]
[ 6 89]	[ 1 84]
[ 6 90]	[ 6 89]
[ 6 89]	[ 6 90]
[-1 -1]	[ 6 90]
[ 8 82]	[-1 90]
[ 8 80]	[-1 78]
[ 8 78]	[-1 80]
[ 8 77]	[20 78]
[ 8 75]	[20 77]
[ 8 77]	[ 1 75]
[ 1 75]	[ 1 77]
[ 1 77]	[ 1 75]
[ 1 80]	[ 1 77]
[ 1 82]	[ 6 73]
[ 1 80]	[ 6 78]
[ 1 82]	[ 6 80]
[ 1 80]	[ 1 78]
[ 1 82]	[ 1 80]
[ 1 80]	[ 1 77]
[ 1 80]	[ 6 80]
[ 1 77]	[ 1 82]
[ 1 78]	[ 6 85]
[ 1 77]	[ 6 78]
[ 1 78]	[ 6 80]
[ 1 77]	[20 78]
[ 1 78]	[20 77]
[ 1 77]	[ 1 75]
[ 1 78]	[ 1 77]
[ 1 77]	[ 1 75]
[ 1 80]	[ 1 77]
[ 1 82]	[ 6 73]
[ 1 80]	[ 6 78]
[ 1 77]	[ 6 80]
[ 1 75]	[ 1 82]
[ 1 73]	[ 1 80]
[ 1 73]	[ 1 77]
[ 1 77]	[ 8 73]
[ 1 80]	[ 1 75]
[ 1 82]	[ 1 73]
[ 1 80]	[ 1 78]
[ 1 80]	[ 1 80]
[ 1 82]	[ 6 82]
[ 1 80]	[ 6 82]
[ 1 80]	[ 6 80]
[ 1 82]	[ 6 82]
[ 1 80]	[ 6 82]
[ 1 80]	[ 6 80]
[ 1 82]	[ 6 82]
[ 1 80]	[ 6 82]
[ 1 78]	[ 6 80]
[ 1 77]	[ 1 78]
[ 1 80]	[ 1 77]
[ 1 82]	[ 1 78]
[ 1 80]	[ 1 80]
[ 1 82]	[ 1 80]
[ 1 80]	[ 1 85]
[ 1 82]	[ 1 80]
[ 1 80]	[ 1 82]
[ 1 77]	[ 1 80]
[ 1 78]	[ 1 80]
[ 1 80]	[ 1 78]
[ 1 82]	[ 6 77]
[ 1 80]	[ 6 78]
[ 1 80]	[ 6 80]
[ 1 82]	[ 6 82]
[ 1 80]	[ 6 82]
[ 1 80]	[ 6 80]
[ 1 82]	[ 6 82]
[ 1 80]	[ 6 82]
[ 1 80]	[ 6 80]
[ 1 82]	[ 6 82]
[ 1 80]	[ 6 82]
[ 1 80]	[ 6 80]
[ 1 82]	[ 1 78]
[ 1 80]	[ 1 77]
[ 1 77]	[ 1 80]
[ 1 75]	[22 85]
[ 1 73]	[22 80]
[ 1 73]	[22 77]
[-1 -1]	[ 8 73]
[13 78]	[13 75]
[13 76]	[13 85]
[13 75]	[13 80]
[13 73]	[13 78]
[13 73]	[ 8 76]
[13 73]	[ 8 76]
[13 75]	[ 8 75]
[13 76]	[ 8 75]
[13 78]	[ 8 76]
[13 76]	[ 8 78]
[13 75]	[ 8 80]
[13 73]	[ 8 78]
[13 73]	[ 8 76]
[13 73]	[13 75]
[13 75]	[13 75]
[13 76]	[13 73]
[13 78]	[13 73]
[13 80]	[13 76]
[13 78]	[13 80]
[13 76]	[13 85]
[13 75]	[13 80]
[13 73]	[13 78]
[13 73]	[ 8 76]
[13 73]	[ 8 76]
[13 75]	[ 8 75]
[13 76]	[ 8 75]
[13 78]	[ 8 76]
[13 76]	[ 8 78]
[13 75]	[ 8 80]
[ 8 73]	[ 8 78]
[ 1 75]	[ 8 76]
[ 1 73]	[13 75]
[ 1 77]	[13 73]
[ 1 75]	[13  0]
[ 8 77]	[ 3 80]
[ 8 78]	[ 3 73]
[ 8 80]	[ 3 75]
[ 8 82]	[ 3 76]
[ 1 84]	[ 3 78]
[ 1 85]	[ 3 80]
[ 1 85]	[ 8 85]
[ 1 85]	[ 8 85]
[ 1 84]	[ 8 84]
[ 1 85]	[ 8 83]
[ 1 82]	[ 8 85]
[ 1 80]	[ 8 87]
[ 1 85]	[ 8 80]
[ 1 87]	[ 8 82]
[ 1 89]	[ 8 84]
[ 1 87]	[ 8 85]
[ 1 89]	[ 8 87]
[ 1 87]	[13 88]
[ 1 85]	[13 87]
[ 1 85]	[13 85]
[ 1 80]	[13 85]
[ 1 77]	[13 84]
[ 8 77]	[13 85]
[ 8 78]	[13 73]
[ 8 80]	[13 75]
[ 8 82]	[13 76]
[ 1 84]	[13 78]
[ 1 85]	[13 80]
[ 1 85]	[ 8 85]
[ 1 85]	[ 8 85]
[ 1 84]	[ 8 84]
[ 1 85]	[ 8 83]
[ 1 80]	[ 8 85]
[ 1 82]	[ 8 87]
[ 1 80]	[ 8 80]
[ 1 85]	[ 8 80]
[ 1 84]	[ 8 82]
[ 1 85]	[13 84]
[ 1 77]	[13 85]
[ 8 73]	[5 0]
[ 8 75]	[ 5 73]
[ 8 77]	[ 5 72]
[ 8 78]	[ 5 73]
[ 8 77]	[ 1 75]
[ 8 78]	[ 1 76]
[ 8 78]	[ 1 75]
[ 8 77]	[ 1 76]
[ 8 78]	[18 77]
[ 8 80]	[18 78]
[ 8 82]	[18 77]
[ 8 80]	[18 78]
[ 8 82]	[18 80]
[ 8 80]	[18 81]
[ 8 80]	[18 80]
[ 8 78]	[18 78]
[ 8 75]	[ 8 81]
[ 8 75]	[ 8 80]
[ 8 77]	[ 8 68]
[ 8 78]	[ 8 72]
[ 8 77]	[ 8 75]
[ 8 78]	[ 8 80]
[ 8 77]	[ 8 78]
[ 8 75]	[ 8 76]
[ 8 73]	[ 8 75]
[ 8 75]	[13 73]
[ 8 76]	[13 72]
[13 75]	[13 73]
[13 73]	[13 75]
[13 73]	[13 76]
[13 73]	[13 75]
[13 73]	[13 73]
[13 73]	[13 68]
[13 73]	[13 73]
[13 73]	[13 80]
[13 75]	[13 73]
[13 73]	[13 73]
[13 73]	[ 6 76]
[13 75]	[ 6 80]
[13 73]	[ 6 80]
[13 73]	[ 6 76]
[13 75]	[ 6 73]
[13 73]	[ 6 73]
[13 73]	[ 6 76]
[13 75]	[ 6 80]
[13 73]	[ 6 80]
[13 73]	[ 6 76]
[13 75]	[ 6 73]
[13 76]	[ 6 73]
[13 78]	[ 6 76]
[13 80]	[ 6 80]
[13 78]	[ 6 80]
[13 80]	[ 6 81]
[13 78]	[ 8 80]
[13 76]	[ 8 78]
[13 75]	[ 8 80]
[13 73]	[ 8 78]
[13 73]	[ 8 76]
[13 75]	[ 8 75]
[13 76]	[ 8 75]
[13 76]	[ 8 76]
[13 75]	[ 8 78]
[13 73]	[ 8 78]
[13 73]	[ 8 76]
[13 75]	[ 8 75]
[13 76]	[ 8 75]
[13 76]	[ 8 76]
[13 75]	[ 8 78]
[13 73]	[ 8 78]
[13 73]	[ 8 76]
[13 75]	[ 8 75]
[13 76]	[ 8 75]
[13 76]	[ 8 76]
[13 78]	[ 8 78]
[13 76]	[ 8 78]
[13 75]	[ 8 80]
[13 76]	[13 78]
[13 75]	[13 76]
[13 73]	[13 78]
[13 73]	[13 76]
[13 73]	[13 75]
[13 75]	[13 73]
[13 76]	[13 73]
[13 78]	[13 76]
[13 76]	[13 76]
[13 75]	[13 80]
[13 73]	[13 80]
[13 73]	[13 76]
[13 75]	[13 73]
[13 73]	[13 73]
[13 73]	[13 76]
[13 75]	[13 80]
[13 73]	[13 80]
[13 73]	[13 76]
[13 75]	[13 73]
[13 76]	[13 73]
[13 78]	[13 76]
[13 80]	[13 80]
[13 85]	[ 1 80]
[13 80]	[ 1 85]
[13 85]	[18 83]
[13 80]	[18 81]
[13 78]	[18 83]
[13 80]	[18 81]
[13 78]	[18 80]
[13 80]	[18 78]
[13 80]	[18 80]
[13 78]	[18 81]
[13 76]	[18 81]
[13 75]	[18 80]
[13 76]	[13 78]
[13 75]	[13 76]
[13 73]	[13 78]
[13 73]	[13 76]
[13 73]	[13 75]
[13 75]	[13 73]
[13 76]	[13 73]
[13 75]	[ 8 76]
[13 73]	[ 8 75]
[13 73]	[ 8 76]
[13 73]	[ 8 75]
[13 73]	[ 8 73]
[13 73]	[ 8 72]
[-1 -1]	[13 75]
[ 1 90]	[-1 73]
[ 1 89]	[-1 92]
[ 1 87]	[ 1 92]
[ 1 85]	[ 1 92]
[ 1 82]	[ 1 89]
[ 1 80]	[ 1 85]
[ 1 82]	[ 1 80]
[ 1 80]	[ 1 82]
[ 1 82]	[ 1 80]
[ 1 80]	[ 1 80]
[ 1 82]	[ 1 80]
[ 1 80]	[ 1 77]
[ 1 82]	[ 1 80]
[ 1 80]	[ 1 85]
[ 1 82]	[ 1 80]
[ 1 80]	[ 1 77]
[ 1 82]	[ 1 80]
[ 1 80]	[ 1 85]
[ 1 82]	[ 8 80]
[ 1 80]	[ 8 78]
[ 1 82]	[ 8 80]
[ 1 80]	[ 8 84]
[ 1 89]	[ 8 80]
[ 1 92]	[ 8 78]
[ 1 90]	[ 8 92]
[ 1 89]	[ 8 92]
[ 8 85]	[ 8 92]
[ 8 84]	[ 8 90]
[ 8 84]	[ 8 87]
[ 8 82]	[ 8 80]
[ 8 80]	[ 8 82]
[ 8 82]	[ 8 80]
[ 8 80]	[ 8 80]
[ 8 82]	[ 8 80]
[ 8 80]	[ 8 78]
[ 8 82]	[ 8 80]
[ 8 80]	[ 8 84]
[ 8 82]	[ 8 80]
[ 1 84]	[ 8 78]
[ 1 82]	[ 8 80]
[ 1 80]	[ 8 84]
[ 1 82]	[ 1 80]
[ 1 80]	[ 1 77]
[ 1 82]	[ 1 80]
[ 1 80]	[ 1 85]
[ 1 82]	[ 1 80]
[ 1 80]	[ 8 77]
[ 1 82]	[ 8 80]
[ 1 80]	[ 8 79]
[ 1 82]	[ 8 80]
[ 1 80]	[ 8 82]
[ 1 85]	[ 8 80]
[ 1 84]	[ 8 82]
[ 1 85]	[ 1 84]
[ 1 84]	[ 1 85]
[ 1 85]	[ 1 85]
[ 8 89]	[ 5 85]
[ 8 87]	[8 0]
[ 8 85]	[ 8 87]
[ 8 84]	[ 8 84]
[ 8 85]	[ 8 87]
[ 8 84]	[ 8 82]
[ 8 84]	[ 8 87]
[ 8 80]	[ 8 80]
[ 8 84]	[ 3 87]
[ 8 84]	[ 3 78]
[ 8 85]	[ 3 87]
[ 8 87]	[ 3 82]
[ 8 89]	[ 3 87]
[ 8 87]	[ 3 90]
[ 8 89]	[ 3 87]
[ 8 87]	[ 3 85]
[ 8 87]	[ 3 87]
[ 8 89]	[ 3 87]
[ 8 87]	[ 3 85]
[ 8 85]	[ 3 87]
[ 8 84]	[ 3 84]
[ 8 85]	[ 3 87]
[ 8 84]	[ 3 82]
[ 8 85]	[ 8 87]
[ 8 87]	[ 8 80]
[ 8 89]	[ 8 87]
[ 8 90]	[ 8 84]
[ 8 89]	[ 8 87]
[ 8 87]	[ 8 92]
[ 8 89]	[ 8 87]
[ 8 87]	[ 8 84]
[ 8 85]	[ 8 87]
[ 8 84]	[ 8 87]
[ 8 84]	[ 8 84]
[ 8 85]	[ 8 87]
[ 8 84]	[ 8 82]
[ 8 84]	[ 8 87]
[ 8 80]	[ 8 80]
[ 8 84]	[ 3 87]
[ 8 87]	[ 3 78]
[ 8 89]	[ 3 87]
[ 8 90]	[ 3 85]
[ 8 89]	[ 3 87]
[ 1 87]	[ 3 90]
[ 1 89]	[ 3 87]
[ 1 89]	[ 3 85]
[ 1 87]	[ 3 87]
[ 1 85]	[ 3 87]
[ 1 85]	[ 3 85]
[ 1 85]	[ 3 89]
[ 1 84]	[ 3 87]
[ 1 85]	[ 3 85]
[ 1 85]	[ 8 82]
[ 1 85]	[ 8 80]
[ 1 85]	[ 8 84]
[ 1 84]	[ 8 80]
[ 1 85]	[6 0]
[ 1 87]	[ 6 85]
[ 1 89]	[ 6 82]
[ 1 85]	[ 6 85]
[ 1 87]	[ 6 90]
[ 1 89]	[ 6 82]
[ 1 87]	[ 6 85]
[ 1 85]	[ 6 90]
[ 1 87]	[ 6 85]
[ 1 89]	[ 6 82]
[ 1 85]	[ 6 85]
[ 1 87]	[ 6 90]
[ 1 89]	[ 6 82]
[ 1 87]	[ 6 85]
[ 1 85]	[ 6 90]
[ 1 87]	[ 6 85]
[ 1 89]	[ 6 82]
[ 1 85]	[ 6 85]
[ 1 87]	[ 6 90]
[ 1 89]	[ 6 82]
[ 1 87]	[ 6 85]
[ 1 85]	[ 1 90]
[ 1 87]	[ 1 85]
[ 1 89]	[ 1 84]
[ 1 85]	[ 1 85]
[ 1 84]	[ 1 92]
[ 1 85]	[ 1 84]
[ 1 84]	[ 1 85]
[ 1 85]	[ 1 89]
[ 1 87]	[ 1 85]
[ 1 89]	[ 1 84]
[ 1 85]	[ 1 85]
[ 1 84]	[ 1 92]
[ 1 85]	[ 1 84]
[ 1 84]	[ 1 85]
[ 1 85]	[ 1 89]
[ 1 87]	[ 1 85]
[ 1 89]	[ 1 84]
[ 1 85]	[ 1 85]
[ 1 84]	[ 1 92]
[ 1 85]	[ 1 84]
[ 1 84]	[ 1 85]
[ 1 85]	[ 1 89]
[ 1 87]	[ 1 85]
[ 1 89]	[ 1 84]
[ 1 85]	[ 1 85]
[ 1 84]	[ 1 92]
[ 1 85]	[ 1 84]
[ 1 84]	[ 1 85]
[ 1 85]	[ 6 89]
[ 1 87]	[ 6 85]
[ 1 89]	[ 6 82]
[ 1 85]	[ 6 85]
[ 1 87]	[ 6 90]
[ 1 89]	[ 6 82]
[ 1 89]	[ 6 85]
[ 1 87]	[ 6 90]
[ 1 85]	[ 6 90]
[ 1 87]	[ 6 85]
[ 1 89]	[ 6 82]
[ 1 85]	[ 6 85]
[ 1 87]	[ 6 90]
[ 1 89]	[ 6 82]
[ 1 87]	[ 6 85]
[ 1 85]	[ 6 90]
[ 1 87]	[ 6 85]
[ 1 89]	[ 6 82]
[ 1 85]	[ 6 85]
[ 1 87]	[ 6 90]
[ 1 89]	[ 6 82]
[ 1 87]	[ 6 85]
[ 1 85]	[ 6 90]
[ 1 87]	[ 6 85]
[ 1 89]	[ 6 82]
[ 1 85]	[ 6 85]
[ 1 85]	[ 6 90]
[ 1 84]	[ 6 82]
[ 1 85]	[ 6 84]
[ 1 85]	[11 85]
[ 1 85]	[11 89]
[ 1 85]	[11 87]
[ 8 89]	[11 87]
[ 8 87]	[11  0]
[ 8 89]	[11 87]
[ 8 87]	[11 84]
[ 8 87]	[11 87]
[ 8 89]	[11 92]
[ 8 87]	[11 84]
[ 1 84]	[11 87]
[ 1 85]	[ 6 92]
[ 1 87]	[ 6 85]
[ 1 89]	[ 6 82]
[ 1 85]	[ 6 85]
[ 1 87]	[ 6 90]
[ 1 89]	[ 6 82]
[ 1 87]	[ 6 85]
[ 1 85]	[ 1 90]
[ 1 89]	[ 1 85]
[ 1 87]	[ 1 84]
[ 8 85]	[ 1 92]
[ 8 84]	[ 1 85]
[ 8 80]	[ 1 84]
[ 8 80]	[ 6 80]
[-1 -1]	[ 6 78]
[ 8 78]	[ 8 82]
[ 8 80]	[ 8 75]
[ 8 80]	[ 6 77]
[ 8 80]	[ 6 78]
[ 8 80]	[ 6 78]
[ 8 80]	[ 6 78]
[ 8 78]	[ 6 78]
[ 8 77]	[ 6 78]
[ 8 78]	[ 6 78]
[ 8 80]	[ 6 75]
[ 8 80]	[ 6 77]
[ 8 80]	[ 6 78]
[ 8 80]	[ 6 78]
[ 8 80]	[ 6 78]
[ 8 80]	[ 6 78]
[ 8 78]	[ 6 78]
[ 8 80]	[ 6 78]
[ 8 82]	[ 6 77]
[ 8 80]	[ 8 78]
[ 8 80]	[ 8 80]
[ 8 82]	[ 8 80]
[ 8 80]	[ 8 80]
[ 8 82]	[ 8 80]
[ 8 80]	[ 8 80]
[ 8 82]	[ 8 80]
[ 8 80]	[ 8 82]
[ 8 80]	[ 6 80]
[ 8 80]	[ 6 78]
[ 8 80]	[ 6 78]
[ 8 80]	[ 6 78]
[ 8 80]	[ 6 78]
[ 8 82]	[ 6 78]
[ 8 80]	[ 6 78]
[ 1 78]	[ 6 80]
[ 1 77]	[ 1 78]
[ 1 75]	[ 1 77]
[ 1 73]	[ 1 77]
[ 1 73]	[ 1 77]
[ 1 75]	[ 1 77]
[ 1 77]	[ 1 77]
[ 1 78]	[ 1 77]
[ 8 77]	[ 1 78]
[ 8 75]	[ 8 77]
[ 8 75]	[ 8 75]
[ 8 77]	[ 8 75]
[ 8 75]	[ 8 75]
[ 8 77]	[ 8 75]
[ 8 75]	[ 8 75]
[ 8 77]	[ 8 75]
[ 8 75]	[ 8 77]
[ 8 77]	[ 1 75]
[ 8 75]	[ 6 73]
[ 8 73]	[ 8 78]
[ 8 72]	[ 6 72]
[ 8 73]	[ 6 70]
[ 8 72]	[ 6 70]
[ 8 73]	[ 6 72]
[ 8 75]	[ 8 70]
[ 8 77]	[ 8 75]
[ 8 75]	[ 8 77]
[ 8 75]	[ 8 75]
[ 8 77]	[ 8 73]
[ 1 75]	[ 8 72]
[ 1 73]	[ 1 75]
[ 1 73]	[ 1 73]
[ 1 73]	[ 1 73]
[ 1 73]	[ 1 73]
[ 1 75]	[ 1 73]
[ 8 73]	[ 1 75]
[ 8 72]	[ 1 73]
[ 8 75]	[ 1 72]
[ 8 73]	[ 1 70]
[ 8 72]	[ 8 77]
[ 8 68]	[ 8 75]
[ 8 72]	[ 8 70]
[ 8 75]	[ 8 66]
[ 8 77]	[ 6 70]
[ 8 78]	[ 6 78]
[ 8 77]	[ 6 78]
[ 1 75]	[ 6 78]
[ 1 77]	[ 6 78]
[ 1 80]	[ 6 77]
[ 1 80]	[ 6 78]
[ 1 80]	[ 6 82]
[ 1 77]	[ 6 82]
[ 1 77]	[ 1 82]
[ 1 78]	[ 1 73]
[ 1 77]	[ 1 75]
[ 1 80]	[ 1 77]
[ 1 82]	[ 8 78]
[ 1 80]	[ 8 80]
[ 1 82]	[ 8 80]
[ 1 80]	[ 8 80]
[ 1 82]	[ 8 80]
[ 6 80]	[ 8 78]
[ 6 82]	[ 6 80]
[ 6 80]	[ 6 82]
[ 6 82]	[ 6 82]
[ 8 85]	[ 6 82]
[ 8 84]	[ 6 82]
[ 8 82]	[ 6 84]
[ 8 80]	[ 6 82]
[ 8 78]	[ 6 80]
[ 8 77]	[ 6 78]
[ 8 75]	[ 8 77]
[ 8 77]	[ 8 75]
[ 8 75]	[ 8 77]
[ 8 75]	[ 8 75]
[ 8 77]	[ 8 73]
[ 1 75]	[ 8 72]
[ 1 73]	[ 1 75]
[ 1 73]	[ 1 73]
[ 1 73]	[ 1 73]
[ 1 73]	[ 1 73]
[ 1 75]	[ 1 73]
[ 8 73]	[ 1 75]
[ 8 72]	[ 1 73]
[ 8 75]	[ 1 72]
[ 8 73]	[ 1 70]
[ 8 72]	[ 8 77]
[ 8 68]	[ 8 75]
[ 8 72]	[ 8 70]
[ 8 75]	[ 8 66]
[ 8 77]	[ 6 70]
[ 8 78]	[ 6 78]
[ 8 77]	[ 6 78]
[ 1 75]	[ 6 78]
[ 1 77]	[ 6 78]
[ 1 80]	[ 6 77]
[ 1 82]	[ 6 78]
[ 1 80]	[ 8 82]
[ 1 77]	[ 8 80]
[ 1 73]	[ 8 80]
[ 1 77]	[ 8 80]
[ 1 80]	[ 6 70]
[ 1 77]	[ 6 78]
[ 1 73]	[ 6 78]
[ 1 73]	[ 6 78]
[ 1 73]	[ 1 70]
[ 1 73]	[ 1 77]
[ 1 73]	[ 1 77]
[ 8 77]	[ 1 77]
[ 8 75]	[ 8 70]
[ 8 77]	[ 8 75]
[-1 -1]	[ 8 75]
[ 1 78]	[ 1 75]
[ 1 80]	[ 1 85]
[ 1 82]	[ 1 77]
[ 1 80]	[ 1 82]
[ 1 77]	[ 1 80]
[ 1 80]	[ 8 77]
[ 8 85]	[ 8 78]
[ 8 84]	[ 8 80]
[ 8 82]	[ 8 84]
[ 8 80]	[ 8 84]
[ 8 80]	[ 8 84]
[ 8 82]	[ 8 78]
[ 8 80]	[ 8 82]
[ 1 78]	[ 8 80]
[ 1 80]	[ 1 78]
[ 1 85]	[ 1 77]
[ 1 85]	[ 8 85]
[ 1 85]	[ 8 84]
[ 1 80]	[ 1 87]
[ 1 80]	[ 1 85]
[ 1 82]	[ 1 77]
[ 1 80]	[ 1 82]
[ 1 77]	[ 1 80]
[ 1 80]	[ 8 77]
[ 8 85]	[ 8 78]
[ 8 84]	[ 8 80]
[ 8 82]	[ 8 84]
[ 8 80]	[ 8 84]
[ 8 80]	[ 8 84]
[ 8 80]	[ 8 78]
[ 8 82]	[ 8 82]
[ 1 84]	[ 8 80]
[ 1 85]	[ 1 84]
[ 6 80]	[ 6 85]
[ 6 82]	[ 6 85]
[ 6 82]	[ 6 82]
[ 6 80]	[ 6 78]
[ 6 82]	[ 6 85]
[ 6 84]	[ 6 82]
[ 1 82]	[ 1 78]
[ 1 80]	[ 1 82]
[ 1 80]	[ 1 80]
[ 1 82]	[ 1 77]
[ 1 80]	[ 1 82]
[ 1 77]	[ 1 80]
[ 1 77]	[ 8 77]
[ 1 78]	[ 8 78]
[ 1 77]	[ 8 75]
[ 1 73]	[ 8 80]
[ 1 73]	[ 8 78]
[ 1 77]	[ 8 75]
[ 1 80]	[ 1 72]
[ 1 82]	[ 1 73]
[ 1 80]	[ 1 77]
[ 1 85]	[ 1 80]
[ 6 80]	[ 6 77]
[ 6 82]	[ 6 85]
[ 6 82]	[ 6 82]
[ 6 80]	[ 6 78]
[ 6 82]	[ 6 85]
[ 6 84]	[ 6 82]
[ 1 82]	[ 1 78]
[ 1 80]	[ 1 82]
[ 1 80]	[ 1 80]
[ 1 82]	[ 1 77]
[ 1 80]	[ 1 82]
[ 1 80]	[ 1 80]
[ 8 77]	[ 8 77]
[ 8 78]	[ 8 78]
[ 8 77]	[ 8 75]
[ 8 75]	[ 8 80]
[ 8 73]	[ 8 78]
[-1 -1]	[ 8 75]
[ 8 89]	[-1 72]
[ 8 87]	[-1 87]
[ 8 85]	[-1 87]
[ 8 84]	[ 8 85]
[ 8 82]	[ 8 84]
[ 8 80]	[ 8 80]
[ 8 82]	[ 8 80]
[ 8 80]	[ 8 82]
[ 8 80]	[ 8 84]
[ 8 78]	[ 8 80]
[ 8 77]	[ 8 82]
[ 8 75]	[ 6 78]
[ 8 77]	[ 6 75]
[ 8 75]	[ 6 75]
[ 8 77]	[ 6 78]
[ 8 75]	[ 6 73]
[ 8 77]	[ 6 78]
[ 8 75]	[ 6 75]
[ 8 80]	[ 6 78]
[ 8 82]	[ 6 73]
[ 8 80]	[ 8 82]
[ 8 82]	[ 8 84]
[ 8 80]	[ 8 84]
[ 8 80]	[ 8 80]
[ 8 82]	[ 8 80]
[ 8 80]	[ 8 82]
[ 8 80]	[ 8 84]
[ 8 80]	[ 8 80]
[ 8 82]	[ 8 82]
[ 1 84]	[ 1 78]
[ 1 85]	[ 1 80]
[ 1 85]	[ 1 85]
[ 1 84]	[ 1 85]
[ 1 85]	[ 1 84]
[ 1 85]	[ 1 85]
[ 1 84]	[ 1 87]
[ 1 85]	[ 1 89]
[ 1 84]	[ 1 85]
[ 1 85]	[ 1 80]
[ 1 85]	[ 1 85]
[ 1 84]	[ 1 85]
[ 1 85]	[ 1 84]
[ 1 84]	[ 1 85]
[ 1 85]	[ 1 85]
[ 1 89]	[ 1 85]
[ 1 87]	[ 1 85]
[ 1 89]	[ 1 87]
[ 1 87]	[ 1 89]
[ 8 85]	[ 1 89]
[ 8 84]	[ 8 85]
[ 8 82]	[ 8 87]
[ 1 84]	[ 8 87]
[ 1 85]	[ 1 84]
[ 1 85]	[ 1 85]
[ 1 84]	[ 1 89]
[ 1 85]	[ 1 87]
[ 1 85]	[ 8 85]
[ 1 85]	[ 8 84]
[ 1 89]	[ 8 80]
[ 1 87]	[ 8 80]
[ 1 89]	[ 1 90]
[ 1 87]	[ 1 89]
[ 1 89]	[ 1 89]
[ 1 89]	[ 8 85]
[ 1 87]	[ 8 87]
[ 1 89]	[ 8 87]
[ 1 92]	[20 85]
[ 1 94]	[20 87]
[ 1 92]	[20 92]
[ 1 89]	[20 92]
[ 1 87]	[ 1 90]
[ 1 85]	[ 1 87]
[ 1 85]	[ 1 85]
[ 1 87]	[ 1 85]
[ 1 89]	[1 0]
[ 1 89]	[ 1 89]
[ 1 87]	[ 1 90]
[ 1 89]	[ 1 92]
[ 1 87]	[ 8 89]
[ 1 89]	[ 8 87]
[ 1 89]	[ 8 89]
[ 1 87]	[ 8 90]
[ 1 89]	[ 1 87]
[ 1 87]	[ 1 85]
[ 1 89]	[ 1 85]
[ 1 87]	[ 1 89]
[ 1 85]	[ 1 87]
[ 1 80]	[ 8 85]
[ 1 82]	[ 8 84]
[ 1 80]	[ 8 80]
[ 1 82]	[ 8 80]
[ 1 80]	[ 1 78]
[ 1 85]	[ 1 80]
[ 1 84]	[ 1 80]
[ 1 85]	[ 1 85]
[ 1 87]	[ 1 85]
[ 1 89]	[ 6 84]
[ 1 87]	[ 6 85]
[ 1 89]	[ 6 87]
[ 1 90]	[ 6 89]
[ 1 89]	[ 8 90]
[ 1 87]	[ 8 92]
[ 1 89]	[ 8 92]
[ 1 89]	[ 8 89]
[ 1 89]	[ 8 90]
[ 1 87]	[ 1 87]
[ 1 89]	[ 1 85]
[ 1 87]	[ 1 89]
[-1 -1]	[ 1 87]
[ 1 92]	[-1 85]
[ 1 92]	[-1 89]
[ 1 94]	[ 1 90]
[ 1 92]	[ 1 92]
[ 1 94]	[ 1 92]
[ 1 92]	[ 1 94]
[ 1 89]	[ 1 92]
[ 1 87]	[ 1 91]
[ 1 89]	[ 1 92]
[ 1 87]	[ 1 89]
[ 1 89]	[ 1 85]
[ 1 85]	[ 8 89]
[ 1 85]	[ 8 87]
[ 1 89]	[ 8 84]
[ 1 87]	[ 8 80]
[ 1 85]	[ 1 90]
[ 1 84]	[ 1 89]
[ 1 85]	[ 1 85]
[ 1 87]	[ 8 82]
[ 1 89]	[ 8 80]
[ 1 92]	[ 8 89]
[ 1 94]	[ 1 90]
[ 1 92]	[ 1 92]
[ 1 94]	[ 1 92]
[ 1 92]	[ 1 94]
[ 1 89]	[ 1 92]
[ 1 87]	[ 1 91]
[ 1 89]	[ 1 92]
[ 1 87]	[ 1 89]
[ 8 85]	[ 1 85]
[ 8 84]	[ 8 89]
[ 8 82]	[ 8 87]
[ 8 80]	[ 8 84]
[ 8 82]	[ 8 80]
[ 1 84]	[ 8 82]
[ 1 85]	[ 1 84]
[ 1 85]	[ 1 85]
[ 1 80]	[ 1 85]
[ 1 82]	[ 1 84]
[ 1 80]	[ 1 82]
[ 1 80]	[ 1 80]
[ 1 82]	[ 8 82]
[ 1 80]	[ 8 78]
[ 1 85]	[ 1 80]
[ 1 87]	[ 1 77]
[ 1 89]	[ 1 80]
[ 1 90]	[ 1 85]
[ 8 89]	[ 1 87]
[ 8 87]	[15 89]
[ 8 85]	[15 90]
[ 8 84]	[ 8 87]
[ 8 82]	[ 8 84]
[ 1 84]	[ 8 82]
[ 1 85]	[ 1 84]
[ 1 85]	[ 1 85]
[ 1 84]	[ 1 89]
[ 1 85]	[ 6 87]
[ 1 80]	[ 6 85]
[ 1 82]	[ 6 84]
[ 1 80]	[ 1 82]
[ 1 80]	[ 1 80]
[ 1 82]	[ 8 82]
[ 1 80]	[ 8 78]
[ 1 85]	[ 1 80]
[ 1 87]	[ 1 77]
[ 1 89]	[ 1 80]
[ 1 90]	[ 1 85]
[ 8 89]	[ 1 87]
[ 8 87]	[ 6 89]
[ 8 85]	[ 6 90]
[ 8 84]	[ 8 87]
[ 8 82]	[ 8 84]
[ 1 84]	[ 8 82]
[-1 -1]	[ 1 84]
[ 1 80]	[-1 85]
[ 1 85]	[-1 77]
[ 1 87]	[ 1 78]
[ 1 89]	[ 1 80]
[ 1 87]	[ 1 89]
[ 1 85]	[ 1 87]
[ 1 84]	[ 1 85]
[ 1 85]	[ 6 84]
[ 1 80]	[ 6 85]
[ 1 82]	[ 6 82]
[ 1 80]	[ 1 78]
[ 1 82]	[ 1 80]
[ 1 80]	[ 1 82]
[ 1 77]	[ 1 80]
[ 1 80]	[ 1 77]
[ 1 82]	[ 1 73]
[ 1 84]	[ 1 77]
[ 1 85]	[ 1 80]
[ 1 87]	[ 8 85]
[ 1 89]	[ 8 84]
[ 1 87]	[ 8 85]
[ 1 89]	[ 8 87]
[ 1 89]	[ 8 89]
[ 1 85]	[ 8 90]
[ 1 84]	[ 8 87]
[ 1 85]	[ 1 84]
[ 1 84]	[ 1 85]
[ 1 82]	[ 1 89]
[ 1 80]	[ 8 85]
[ 1 77]	[ 8 80]
[ 1 80]	[ 8 80]
[ 1 85]	[ 1 78]
[ 1 84]	[ 1 85]
[ 1 85]	[ 1 87]
[ 1 89]	[ 1 85]
[ 1 87]	[ 1 84]
[ 8 85]	[ 1 85]
[ 8 84]	[ 1 85]
[ 8 80]	[ 6 84]
[ 8 80]	[ 6 82]
[ 8 80]	[ 6 82]
[ 8 82]	[ 6 78]
[ 1 84]	[ 6 82]
[ 1 85]	[ 6 84]
[ 1 84]	[ 6 85]
[ 1 85]	[ 6 87]
[ 1 84]	[ 6 85]
[ 1 85]	[ 6 84]
[ 1 87]	[ 1 82]
[ 1 89]	[ 1 80]
[ 1 87]	[ 1 85]
[ 1 89]	[ 1 87]
[ 1 90]	[ 1 89]
[ 1 89]	[ 1 89]
[ 8 85]	[ 8 92]
[ 8 84]	[ 8 90]
[ 8 82]	[ 8 87]
[ 8 80]	[ 8 84]
[ 8 82]	[ 8 80]
[ 8 80]	[ 8 82]
[ 8 78]	[ 8 80]
[ 8 77]	[ 8 78]
[ 1 75]	[ 8 77]
[ 1 73]	[ 1 75]
[ 1 77]	[ 1 73]
[ 1 80]	[ 1 77]
[ 1 82]	[ 1 78]
[ 1 84]	[ 1 80]
[ 8 85]	[ 1 80]
[ 8 84]	[ 1 85]
[ 8 80]	[ 6 84]
[ 8 80]	[ 6 82]
[ 8 80]	[ 6 82]
[ 8 82]	[ 6 78]
[ 1 84]	[ 6 82]
[ 1 85]	[ 6 84]
[ 1 84]	[ 6 85]
[ 1 85]	[ 6 87]
[ 1 84]	[ 6 85]
[ 1 85]	[ 6 84]
[ 1 87]	[ 1 82]
[ 1 89]	[ 1 80]
[ 1 87]	[ 1 85]
[ 1 89]	[ 1 87]
[ 1 90]	[ 1 89]
[ 1 89]	[ 1 89]
[ 1 90]	[ 8 92]
[ 1 89]	[ 8 90]
[ 1 87]	[ 8 92]
[ 1 89]	[ 8 90]
[ 1 87]	[ 8 89]
[ 1 85]	[ 8 87]
[ 1 84]	[ 8 85]
[ 1 85]	[ 8 84]
[ 1 82]	[ 8 85]
[ 1 80]	[ 8 84]
[ 1 85]	[ 8 80]
[ 1 84]	[ 8 82]
[ 1 85]	[ 1 84]
[ 1 89]	[ 1 85]
[-1 -1]	[ 1 89]
[ 1 84]	[ 1 87]
[ 1 85]	[ 1 85]
[ 1 89]	[ 8 82]
[ 1 87]	[ 8 87]
[ 1 89]	[ 8 87]
[ 1 87]	[ 8 89]
[ 1 85]	[ 8 87]
[ 1 84]	[ 8 85]
[ 1 85]	[ 8 82]
[ 1 80]	[ 1 85]
[ 1 82]	[ 1 85]
[ 1 80]	[ 1 82]
[ 1 78]	[ 1 80]
[ 1 77]	[ 1 77]
[ 1 75]	[ 1 77]
[ 1 73]	[ 1 73]
[ 1 73]	[ 1 77]
[ 1 77]	[ 1 77]
[ 1 80]	[ 1 75]
[ 1 80]	[ 1 73]
[ 1 85]	[ 1 85]
[ 1 89]	[ 8 82]
[ 1 87]	[ 8 87]
[ 1 89]	[ 8 87]
[ 1 87]	[ 8 89]
[ 1 85]	[ 8 87]
[ 1 84]	[ 8 85]
[ 1 85]	[ 8 82]
[ 1 87]	[ 8 85]
[ 1 89]	[ 1 85]
[ 1 89]	[ 1 89]
[ 1 85]	[ 1 87]
[ 1 84]	[ 1 87]
[ 1 85]	[ 1 85]
[ 1 85]	[ 1 82]
[ 1 80]	[ 1 84]
[ 1 82]	[ 1 85]
[ 1 80]	[ 1 82]
[ 1 77]	[ 1 80]
[ 1 77]	[ 1 77]
[ 1 80]	[ 1 75]
[ 1 80]	[ 1 73]
[ 1 82]	[ 1 85]
[ 1 80]	[ 1 82]
[ 8 77]	[ 1 80]
[ 8 75]	[ 1 77]
[ 8 77]	[ 1 75]
[ 8 75]	[ 1 73]
[ 8 77]	[ 1 75]
[ 8 75]	[ 1 75]
[ 8 77]	[ 1 75]
[ 8 75]	[ 1 75]
[ 8 77]	[ 1 75]
[ 1 75]	[ 1 75]
[ 1 73]	[ 1 75]
[ 1 73]	[ 1 73]
[ 1 68]	[ 1 75]
[ 1 73]	[ 1 73]
[ 1 73]	[ 1 70]
[ 1 77]	[ 1 73]
[ 1 78]	[ 1 73]
[ 8 77]	[ 1 75]
[ 8 75]	[ 1 77]
[ 8 77]	[ 1 75]
[ 1 75]	[ 1 75]
[ 1 73]	[ 1 75]
[ 1 73]	[ 1 73]
[ 1 68]	[ 1 75]
[ 1 73]	[ 1 73]
[ 1 73]	[ 1 70]
[ 1 73]	[ 8 73]
[ 1 73]	[ 8 75]
[ 1 73]	[ 8 68]
[ 1 73]	[ 8 68]
[ 1 75]	[ 8 75]
[ 1 77]	[ 8 77]
[ 1 75]	[ 8 77]
[ 1 73]	[ 8 78]
[ 1 73]	[ 8 77]
[ 1 73]	[ 8 77]
[ 1 68]	[ 8 75]
[ 1 70]	[ 8 73]
[ 1 68]	[ 8 70]
[ 1 68]	[ 1 68]
[ 1 70]	[ 1 73]
[ 1 68]	[ 1 70]
[-1 -1]	[ 1 68]
[ 8 82]	[13 65]
[ 8 80]	[13 73]
[ 8 78]	[13 80]
[ 8 80]	[12 78]
[ 8 80]	[12 75]
[ 8 82]	[12 78]
[ 8 80]	[13 78]
[ 8 82]	[13 80]
[ 8 84]	[13 78]
[ 8 82]	[20 80]
[ 8 80]	[20 83]
[ 8 77]	[20 80]
[ 8 75]	[20 78]
[ 8 80]	[13 75]
[ 8 80]	[13 73]
[ 8 78]	[13 80]
[ 8 80]	[12 78]
[ 8 80]	[12 75]
[ 8 82]	[12 78]
[ 8 80]	[20 78]
[ 8 80]	[20 80]
[ 8 78]	[20 83]
[ 8 77]	[20 78]
[ 1 75]	[ 6 75]
[ 1 73]	[ 6 75]
[ 1 73]	[ 6 73]
[ 1 77]	[ 6 71]
[ 1 78]	[13 75]
[ 8 77]	[13 73]
[ 8 75]	[13 80]
[ 8 80]	[12 78]
[ 8 80]	[12 75]
[ 8 82]	[12 78]
[ 8 80]	[13 78]
[ 8 78]	[13 80]
[ 8 80]	[13 78]
[ 8 78]	[20 75]
[ 8 77]	[20 80]
[ 1 75]	[20 78]
[ 1 77]	[13 75]
[ 1 78]	[13 73]
[ 1 77]	[13 80]
[ 8 73]	[13 80]
[ 8 75]	[12 78]
[ 8 77]	[12 75]
[ 8 80]	[12 73]
[ 8 82]	[12 75]
[ 8 80]	[20 78]
[ 8 78]	[20 80]
[ 8 77]	[20 78]
[ 1 75]	[ 6 75]
[ 1 73]	[ 6 75]
[ 1 73]	[ 6 73]
[ 1 73]	[ 6 73]
[ 1 73]	[ 5 73]
[ 1 73]	[ 5 75]
[ 1 77]	[ 5 76]
[ 1 80]	[ 5 71]
[ 1 82]	[ 5 80]
[ 1 80]	[ 5 82]
[ 1 80]	[ 5 83]
[ 1 82]	[ 5 82]
[ 1 84]	[ 6 78]
[ 1 85]	[ 6 80]
[ 8 89]	[ 6 85]
[ 8 87]	[ 6 85]
[ 8 89]	[ 9 87]
[ 8 87]	[ 9 88]
[ 8 84]	[ 9 87]
[ 8 82]	[20 85]
[ 8 80]	[20 83]
[ 8 77]	[20 80]
[ 8 78]	[20 78]
[ 8 80]	[ 9 75]
[ 8 82]	[ 9 76]
[ 8 80]	[20 78]
[ 8 80]	[20 80]
[ 8 78]	[20 83]
[ 8 77]	[20 78]
[ 8 75]	[ 6 75]
[ 8 75]	[ 6 75]
[ 8 75]	[ 6 73]
[ 8 77]	[ 6 73]
[ 8 78]	[ 5 76]
[ 8 80]	[ 5 75]
[ 8 82]	[ 5 76]
[ 8 80]	[ 5 78]
[ 8 80]	[ 5 80]
[ 8 78]	[ 5 82]
[ 8 80]	[ 5 83]
[ 8 82]	[ 5 75]
[ 1 84]	[ 6 78]
[ 1 85]	[ 6 80]
[ 8 89]	[ 6 85]
[ 8 87]	[ 6 85]
[ 8 89]	[ 9 87]
[ 8 87]	[ 9 88]
[ 8 84]	[ 9 87]
[ 8 82]	[20 85]
[ 8 80]	[20 83]
[ 8 77]	[20 80]
[ 8 78]	[20 78]
[ 8 80]	[ 9 75]
[ 8 82]	[ 9 76]
[ 1 84]	[12 78]
[ 1 85]	[12 80]
[ 1 84]	[12 82]
[ 1 85]	[12 83]
[ 1 85]	[12 82]
[ 1 82]	[18 85]
[ 1 80]	[18 83]
[ 1 77]	[18 80]
[-1 -1]	[18 78]
[ 1 82]	[-1 75]
[ 1 80]	[-1 84]
[ 1 80]	[-1 80]
[ 1 82]	[-1 77]
[ 1 80]	[-1 82]
[ 1 80]	[-1 80]
[ 1 78]	[-1 79]
[ 1 77]	[-1 77]
[ 8 73]	[-1 76]
[ 8 72]	[-1 73]
[ 8 73]	[-1 72]
[ 8 72]	[-1 68]
[ 8 70]	[-1 72]
[ 8 68]	[-1 70]
[ 8 72]	[17 68]
[ 8 73]	[17 68]
[ 8 75]	[17 68]
[ 8 75]	[17 72]
[ 8 80]	[17 77]
[ 8 82]	[17 77]
[ 8 80]	[17 78]
[ 8 80]	[17 80]
[ 8 80]	[17 80]
[ 8 82]	[17 82]
[ 8 80]	[17 79]
[ 8 78]	[17 84]
[ 8 77]	[17 82]
[ 8 75]	[17 80]
[ 8 77]	[17 75]
[ 8 78]	[17 75]
[ 8 77]	[17 78]
[ 8 75]	[17 80]
[ 8 73]	[17 75]
[ 8 72]	[17 78]
[ 8 82]	[17 70]
[ 8 80]	[17 70]
[ 8 78]	[17 84]
[ 8 80]	[17 80]
[ 8 82]	[17 77]
[ 8 80]	[17 82]
[ 8 78]	[17 80]
[ 8 78]	[17 79]
[ 8 75]	[17 77]
[ 8 73]	[17 76]
[ 8 72]	[17 73]
[ 8 73]	[17 72]
[ 8 72]	[17 68]
[ 8 70]	[17 72]
[ 8 68]	[17 70]
[ 8 72]	[17 68]
[ 8 73]	[17 68]
[ 1 75]	[17 68]
[ 1 73]	[17 72]
[ 1 77]	[17 77]
[ 1 80]	[17 77]
[ 1 82]	[17 78]
[ 1 80]	[17 80]
[ 1 80]	[17 80]
[ 1 80]	[ 3 82]
[ 1 82]	[ 3 79]
[ 1 80]	[ 3 78]
[ 1 78]	[ 3 80]
[ 8 77]	[ 3 77]
[ 8 78]	[ 3 77]
[ 8 77]	[ 3 78]
[ 8 78]	[ 3 76]
[ 8 80]	[ 3 75]
[ 8 80]	[ 3 78]
[ 8 80]	[ 3 78]
[ 8 80]	[ 3 78]
[ 1 78]	[ 3 78]
[ 1 77]	[3 0]
[ 1 78]	[ 3 77]
[ 8 77]	[ 3 77]
[ 8 78]	[ 3 77]
[ 8 77]	[ 3 78]
[ 8 78]	[ 3 76]
[ 8 80]	[ 3 75]
[ 8 80]	[ 3 78]
[ 8 80]	[ 3 78]
[ 8 78]	[ 3 78]
[ 8 77]	[ 3 78]
[ 8 78]	[ 3 77]
[ 8 77]	[ 3 78]
[ 8 75]	[ 3 76]
[ 8 73]	[ 3 75]
[ 8 75]	[ 3 77]
[ 8 77]	[ 3 72]
[ 8 75]	[ 3 77]
[ 8 77]	[ 3 78]
[ 8 75]	[ 3 75]
[ 8 73]	[ 3 75]
[ 8 75]	[ 3 77]
[ 8 77]	[ 3 72]
[ 1 75]	[ 3 72]
[ 1 73]	[ 3 75]
[ 1 75]	[ 3 77]
[ 1 77]	[ 3 77]
[ 1 78]	[ 3 77]
[ 1 77]	[ 3 78]
[ 6 80]	[ 3 80]
[ 6 82]	[ 3 80]
[ 6 84]	[ 3 82]
[ 8 85]	[ 3 78]
[ 8 84]	[ 3 82]
[ 8 82]	[ 3 84]
[ 8 80]	[ 3 80]
[ 8 80]	[ 3 80]
[ 8 80]	[ 3 82]
[ 8 82]	[ 3 78]
[ 8 80]	[ 3 82]
[ 8 82]	[ 3 84]
[ 8 80]	[ 3 80]
[ 8 80]	[ 3 80]
[ 8 80]	[ 3 82]
[ 8 82]	[ 3 78]
[ 8 80]	[ 3 78]
[ 8 80]	[ 3 80]
[ 8 82]	[ 3 82]
[ 1 84]	[ 3 82]
[ 1 85]	[ 3 84]
[ 1 89]	[ 3 85]
[ 1 89]	[ 3 85]
[ 1 87]	[ 8 87]
[ 1 89]	[ 8 87]
[ 1 87]	[ 8 89]
[ 1 85]	[ 8 87]
[ 1 87]	[ 8 85]
[ 1 89]	[ 8 84]
[ 1 90]	[ 8 89]
[ 1 89]	[ 8 90]
[ 8 85]	[ 8 92]
[ 8 87]	[ 8 92]
[ 8 85]	[ 8 84]
[ 8 84]	[ 8 85]
[ 8 85]	[ 8 84]
[ 8 87]	[ 8 82]
[ 8 89]	[ 8 84]
[ 8 87]	[ 8 89]
[ 8 87]	[ 8 87]
[ 8 89]	[ 8 86]
[ 8 90]	[ 8 87]
[ 8 89]	[ 8 87]
[ 8 87]	[ 3 89]
[ 8 84]	[ 3 90]
[ 8 85]	[ 3 90]
[ 8 84]	[ 3 82]
[ 8 82]	[ 3 84]
[ 8 80]	[ 3 82]
[ 8 84]	[ 3 80]
[ 8 87]	[ 8 82]
[ 8 85]	[ 8 82]
[ 8 84]	[ 8 85]
[ 8 82]	[ 8 84]
[ 1 84]	[ 8 82]
[ 1 85]	[ 8 84]
[ 1 87]	[ 8 85]
[ 1 85]	[ 8 87]
[ 1 82]	[ 8 89]
[ 1 80]	[ 8 89]
[ 1 82]	[ 8 80]
[ 1 80]	[ 8 82]
[ 1 82]	[ 8 80]
[ 1 80]	[ 8 78]
[ 1 82]	[ 8 80]
[ 1 80]	[ 8 85]
[ 1 82]	[ 8 84]
[ 1 80]	[ 8 82]
[ 1 78]	[ 8 80]
[ 1 77]	[ 8 79]
[ 1 75]	[ 8 77]
[ 1 73]	[ 8 76]
[ 1 75]	[ 8 77]
[ 8 73]	[ 8 77]
[ 8 75]	[ 8 77]
[ 8 68]	[ 8 72]
[ 8 68]	[ 8 76]
[ 8 70]	[17 70]
[ 8 68]	[17 70]
[ 8 72]	[17 68]
[ 8 75]	[17 68]
[ 8 77]	[17 68]
[ 8 75]	[17 77]
[ 8 75]	[17 78]
[ 8 73]	[17 77]
[ 8 75]	[17 77]
[ 8 68]	[17 72]
[ 8 68]	[17 76]
[ 8 68]	[17 70]
[ 8 70]	[17 70]
[ 1 68]	[17 68]
[ 1 73]	[17 68]
[ 1 77]	[17 68]
[ 1 80]	[17  0]
[ 1 82]	[17 80]
[ 1 80]	[17 80]
[ 1 77]	[17 84]
[ 1 77]	[17 82]
[ 1 75]	[17 78]
[ 1 73]	[17 80]
[ 1 73]	[17 77]
[ 1 77]	[17 72]
[ 1 78]	[17 68]
[ 8 77]	[17 73]
[ 8 75]	[17 77]
[ 8 78]	[17 75]
[ 8 80]	[17 73]
[ 8 80]	[17 76]
[ 8 80]	[17 78]
[ 8 82]	[17 78]
[ 8 80]	[17 82]
[ 8 78]	[17 80]
[ 8 78]	[17 78]
[ 8 75]	[17 77]
[ 8 73]	[17 76]
[ 8 75]	[17 77]
[ 8 77]	[17 72]
[ 8 75]	[17 75]
[ 8 73]	[17 78]
[ 8 72]	[17 75]
[ 8 73]	[17 72]
[ 8 75]	[17 68]
[ 8 80]	[17 72]
[ 8 82]	[17 77]
[ 8 80]	[17 80]
[ 8 82]	[17 80]
[ 8 80]	[17 80]
[ 8 80]	[17 84]
[ 8 78]	[17 82]
[ 8 75]	[17 78]
[ 8 73]	[17 80]
[ 8 72]	[17 77]
[ 1 75]	[17 72]
[ 1 73]	[17 68]
[ 1 73]	[17 73]
[ 1 77]	[17 77]
[ 1 78]	[17 75]
[ 1 77]	[17 73]
[ 1 78]	[17 76]
[ 1 80]	[17 77]
[ 1 80]	[17 77]
[ 1 78]	[17 85]
[ 1 80]	[17 82]
[ 1 85]	[17 77]
[ 1 82]	[17 77]
[ 1 80]	[17 84]
[ 1 77]	[17 80]
[ 6 80]	[17 77]
[ 6 82]	[17 76]
[ 6 80]	[17 78]
[-1 -1]	[17 84]
[13 80]	[-1 82]
[13 78]	[-1 73]
[13 80]	[-1 85]
[13 76]	[-1 80]
[13 75]	[-1 78]
[13 73]	[-1 78]
[13 73]	[-1 76]
[13 80]	[-1 75]
[13 78]	[-1 73]
[13 80]	[-1 85]
[13 80]	[-1 80]
[13 78]	[-1 78]
[13 80]	[-1 78]
[13 85]	[-1 76]
[13 85]	[ 5 73]
[13 85]	[ 5 83]
[13 85]	[ 5 85]
[13 85]	[ 5 86]
[13 85]	[ 5 85]
[13 85]	[ 5 83]
[13 85]	[ 5 85]
[13 85]	[ 5 86]
[13 80]	[ 5 85]
[13 78]	[ 5 83]
[13 80]	[ 5 81]
[13 78]	[ 5 80]
[13 80]	[ 8 78]
[13 80]	[ 8 76]
[13 78]	[ 8 78]
[13 76]	[ 8 80]
[13 75]	[ 8 76]
[ 8 73]	[ 8 78]
[ 1 75]	[ 8 76]
[ 1 77]	[13 75]
[ 1 80]	[13 73]
[ 1 82]	[13 85]
[ 1 80]	[13 85]
[ 1 80]	[13 80]
[ 1 82]	[13 85]
[ 1 80]	[13 85]
[ 1 82]	[13 80]
[ 1 80]	[13 85]
[ 1 82]	[13 80]
[ 1 80]	[13 85]
[ 1 82]	[13 80]
[ 1 84]	[13 85]
[13 85]	[13 80]
[13 87]	[13 85]
[13 88]	[13 88]
[13 87]	[13 88]
[13 88]	[13 87]
[13 87]	[13 85]
[13 88]	[13 88]
[13 87]	[13 88]
[13 88]	[13 87]
[13 88]	[13 85]
[13 87]	[13 92]
[13 88]	[13 90]
[13 87]	[13 88]
[13 88]	[13 87]
[13 87]	[13 88]
[13 88]	[13 90]
[13 87]	[13 88]
[13 88]	[13 87]
[13 87]	[13 85]
[13 88]	[13 88]
[13 87]	[13 88]
[13 85]	[13 87]
[13 85]	[18 85]
[13 85]	[18 84]
[13 85]	[18 85]
[13 85]	[18 87]
[13 80]	[18 85]
[13 78]	[18 83]
[13 80]	[ 8 81]
[13 78]	[ 8 80]
[13 80]	[ 8 79]
[13 78]	[ 8 80]
[13 76]	[ 8 81]
[13 75]	[ 8 80]
[13 76]	[ 8 78]
[13 75]	[ 8 76]
[13 76]	[13 75]
[13 75]	[13 73]
[13 76]	[13 75]
[13 78]	[13 76]
[13 80]	[13 78]
[13 85]	[13 80]
[13 80]	[13 81]
[13 78]	[13 84]
[13 80]	[13 73]
[13 78]	[13 76]
[13 80]	[13 78]
[13 78]	[13 80]
[13 80]	[13 76]
[13 78]	[10 76]
[13 80]	[10 81]
[13 85]	[10 80]
[13 85]	[10 81]
[13 85]	[ 5 85]
[13 85]	[ 5 85]
[13 85]	[ 5 83]
[13 85]	[ 5 83]
[13 85]	[ 5 85]
[13 85]	[ 5 86]
[13 85]	[ 5 85]
[13 85]	[ 5 83]
[13 85]	[ 5 85]
[13 85]	[ 5 86]
[13 80]	[ 5 85]
[13 78]	[ 5 83]
[13 80]	[ 5 81]
[13 78]	[ 5 80]
[13 80]	[ 5 78]
[13 80]	[ 8 76]
[13 80]	[ 8 76]
[13 78]	[ 8 78]
[13 76]	[ 8 80]
[13 75]	[ 8 76]
[13 76]	[ 8 78]
[13 75]	[ 8 76]
[13 76]	[13 75]
[13 75]	[13 73]
[13 76]	[13 75]
[13 78]	[13 76]
[13 80]	[13 78]
[13 80]	[13 80]
[13 80]	[13 81]
[13 85]	[13 85]
[13 85]	[13 73]
[13 85]	[13 85]
[13 83]	[13 85]
[13 85]	[13 83]
[13 85]	[13 82]
[13 85]	[13 83]
[13 85]	[13 85]
[13 85]	[13 80]
[13 85]	[13 85]
[13 85]	[13 80]
[13 87]	[13 85]
[13 88]	[13 80]
[13 87]	[13 88]
[13 85]	[13 87]
[13 85]	[13 85]
[13 85]	[13 85]
[13 85]	[5 0]
[13 85]	[ 5 83]
[13 85]	[ 5 85]
[13 85]	[ 5 85]
[13 85]	[ 5 83]
[13 85]	[ 5 83]
[13 85]	[ 5 85]
[13 87]	[ 5 85]
[13 88]	[ 5 83]
[13 87]	[ 5 88]
[13 85]	[ 5 87]
[13 80]	[ 5 85]
[13 78]	[ 5 83]
[13 76]	[ 5 81]
[13 73]	[ 5 80]
[13 75]	[ 5 78]
[13 76]	[ 8 76]
[13 76]	[ 8 76]
[13 75]	[ 8 78]
[13 73]	[ 8 78]
[13 73]	[ 8 76]
[13 73]	[ 8 76]
[13 73]	[ 8 75]
[13 73]	[ 8 75]
[ 6 89]	[13 73]
[ 6 87]	[13 73]
[ 6 85]	[13 90]
[ 6 90]	[13 85]
[ 6 89]	[13 85]
[13 88]	[13 90]
[13 87]	[13 90]
[13 88]	[13 88]
[13 87]	[13 88]
[13 85]	[ 5 87]
[13 85]	[ 5 88]
[13 85]	[ 5 83]
[13 87]	[ 5 83]
[13 85]	[ 5 88]
[13 85]	[ 5 88]
[13 85]	[ 5 87]
[13 87]	[ 5 87]
[13 88]	[12 85]
[13 87]	[12 85]
[13 88]	[12 87]
[13 87]	[12 88]
[13 88]	[12 90]
[13 87]	[12 88]
[13 88]	[12 87]
[13 87]	[12 85]
[13 88]	[ 5 87]
[13 85]	[18 88]
[13 87]	[18 90]
[13 88]	[18 85]
[13 88]	[18 85]
[13 87]	[18 90]
[13 85]	[18 90]
[13 85]	[18 88]
[13 87]	[18 88]
[13 85]	[ 5 87]
[13 85]	[ 5 88]
[13 85]	[ 5 83]
[13 87]	[ 5 83]
[13 85]	[ 5 88]
[13 85]	[ 5 88]
[13 85]	[ 5 87]
[13 87]	[ 5 87]
[13 88]	[ 8 85]
[13 87]	[ 8 85]
[13 88]	[ 8 87]
[13 87]	[ 8 88]
[ 8 85]	[ 8 90]
[ 8 87]	[ 8 88]
[ 1 84]	[ 8 87]
[ 1 85]	[ 8 87]
[ 1 85]	[13 85]
[ 1 84]	[13 85]
[ 1 82]	[13 85]
[ 1 80]	[13 85]
[ 1 82]	[13 80]
[ 1 80]	[13 79]
[ 1 80]	[13 80]
[ 1 82]	[13 85]
[ 1 80]	[13 85]
[ 1 82]	[13 80]
[ 1 80]	[13 79]
[ 1 82]	[13 80]
[ 1 80]	[13 85]
[ 1 82]	[13 80]
[ 1 80]	[13 79]
[ 1 82]	[13 80]
[ 1 80]	[13 85]
[ 1 82]	[13 80]
[ 1 80]	[13 79]
[ 1 82]	[13 80]
[ 1 80]	[13 85]
[ 1 82]	[13 80]
[ 1 84]	[13 79]
[ 1 85]	[13 80]
[ 1 84]	[ 5 85]
[ 1 85]	[ 5 83]
[ 1 84]	[ 5 85]
[13 85]	[ 5 86]
[13 80]	[ 5 85]
[13 78]	[ 5 83]
[13 80]	[ 5 81]
[13 80]	[ 5 80]
[13 85]	[18 78]
[13 80]	[18 78]
[13 85]	[18 83]
[13 80]	[18 78]
[13 78]	[18 83]
[13 80]	[ 6 78]
[13 80]	[ 6 76]
[13 78]	[ 6 78]
[13 76]	[ 6 80]
[13 75]	[12 76]
[13 76]	[12 78]
[13 78]	[12 76]
[13 80]	[ 5 75]
[13 85]	[ 5 76]
[13 85]	[ 5 88]
[13 85]	[5 0]
[13 85]	[ 5 83]
[13 85]	[ 5 85]
[13 85]	[ 5 86]
[13 80]	[ 5 85]
