Accuracy: 0.459807604970893

n_chords: 1
n_melody: 1
t_prior: 30.0
e_prior: 7.5
dataset: All
keys: dorian
filter_train_set: True
filter_val_set: True

~ First 3000 predicted states ~
Predicted	True
[-1 -1]	[-1 -1]
[13 78]	[13 -1]
[13 80]	[13 73]
[13 78]	[13 80]
[13 80]	[12 78]
[13 80]	[12 75]
[13 78]	[12 78]
[13 80]	[13 78]
[13 78]	[13 80]
[13 80]	[13 78]
[13 78]	[20 80]
[13 80]	[20 83]
[13 73]	[20 80]
[13 73]	[20 78]
[13 73]	[13 75]
[13 80]	[13 73]
[13 78]	[13 80]
[13 80]	[12 78]
[13 80]	[12 75]
[13 78]	[12 78]
[13 80]	[20 78]
[13 80]	[20 80]
[13 73]	[20 83]
[13 73]	[20 78]
[13 73]	[ 6 75]
[13 73]	[ 6 75]
[13 73]	[ 6 73]
[13 73]	[ 6 71]
[13 73]	[13 75]
[13 80]	[13 73]
[13 78]	[13 80]
[13 80]	[12 78]
[13 80]	[12 75]
[13 78]	[12 78]
[13 80]	[13 78]
[13 73]	[13 80]
[13 73]	[13 78]
[13 80]	[20 75]
[13 73]	[20 80]
[13 73]	[20 78]
[13 80]	[13 75]
[13 78]	[13 73]
[13 80]	[13 80]
[13 73]	[13 80]
[13 73]	[12 78]
[13 73]	[12 75]
[13 80]	[12 73]
[13 78]	[12 75]
[13 80]	[20 78]
[13 73]	[20 80]
[13 73]	[20 78]
[13 73]	[ 6 75]
[13 73]	[ 6 75]
[13 73]	[ 6 73]
[13 73]	[ 6 73]
[13 75]	[ 5 73]
[13 73]	[ 5 75]
[13 73]	[ 5 76]
[13 80]	[ 5 71]
[13 85]	[ 5 80]
[13 83]	[ 5 82]
[13 80]	[ 5 83]
[13 78]	[ 5 82]
[13 80]	[ 6 78]
[13 85]	[ 6 80]
[13 85]	[ 6 85]
[13 87]	[ 6 85]
[13 85]	[ 9 87]
[13 85]	[ 9 88]
[13 85]	[ 9 87]
[13 83]	[20 85]
[13 80]	[20 83]
[13 73]	[20 80]
[13 75]	[20 78]
[13 76]	[ 9 75]
[13 78]	[ 9 76]
[13 80]	[20 78]
[13 80]	[20 80]
[13 73]	[20 83]
[13 73]	[20 78]
[13 73]	[ 6 75]
[13 73]	[ 6 75]
[13 75]	[ 6 73]
[13 73]	[ 6 73]
[13 75]	[ 5 76]
[13 76]	[ 5 75]
[13 78]	[ 5 76]
[13 80]	[ 5 78]
[13 80]	[ 5 80]
[13 78]	[ 5 82]
[13 80]	[ 5 83]
[13 78]	[ 5 75]
[13 80]	[ 6 78]
[13 85]	[ 6 80]
[13 85]	[ 6 85]
[13 87]	[ 6 85]
[13 85]	[ 9 87]
[13 85]	[ 9 88]
[13 85]	[ 9 87]
[13 83]	[20 85]
[13 80]	[20 83]
[13 73]	[20 80]
[13 75]	[20 78]
[13 76]	[ 9 75]
[13 78]	[ 9 76]
[13 80]	[12 78]
[13 85]	[12 80]
[13 83]	[12 82]
[13 85]	[12 83]
[13 85]	[12 82]
[13 83]	[18 85]
[12 80]	[18 83]
[12 78]	[18 80]
[-1 -1]	[18 78]
[13 75]	[13 75]
[13 73]	[13 76]
[13 73]	[13 73]
[13 73]	[13 73]
[13 73]	[13 72]
[13 73]	[13 73]
[13 73]	[13 68]
[13 73]	[13 73]
[13 75]	[13 73]
[13 73]	[13 75]
[13 73]	[12 76]
[13 73]	[12 75]
[13 73]	[12 71]
[13 75]	[12 71]
[13 76]	[12 75]
[13 73]	[12 76]
[13 73]	[12 78]
[13 73]	[12 75]
[13 73]	[12 71]
[13 73]	[12 71]
[13 75]	[12 73]
[13 73]	[13 75]
[13 73]	[13 76]
[13 73]	[13 73]
[13 73]	[13 73]
[13 73]	[13 72]
[13 73]	[13 73]
[13 73]	[13 68]
[13 80]	[13 73]
[13 78]	[13 73]
[13 76]	[13 80]
[13 75]	[13 80]
[13 73]	[13 78]
[13 73]	[ 8 76]
[13 73]	[ 8 75]
[13 73]	[ 8 73]
[13 73]	[13 75]
[13 73]	[13 68]
[13 73]	[13 73]
[13 73]	[ 3 73]
[13 75]	[ 3 73]
[13 76]	[ 3 75]
[13 78]	[ 3 76]
[13 80]	[ 5 78]
[13 85]	[ 5 80]
[13 83]	[ 5 82]
[13 80]	[ 5 83]
[12 82]	[ 5 80]
[12 83]	[ 5 82]
[12 80]	[ 5 83]
[12 78]	[12 80]
[12 75]	[12 78]
[12 73]	[12 75]
[13 71]	[12 71]
[13 73]	[12 71]
[13 73]	[13 68]
[13 75]	[13 73]
[13 76]	[13 75]
[13 78]	[13 76]
[13 80]	[ 5 78]
[13 85]	[ 5 80]
[13 80]	[ 5 82]
[13 78]	[ 9 83]
[13 76]	[ 5 85]
[13 75]	[ 5 80]
[13 73]	[ 5 78]
[13 73]	[ 8 76]
[13 73]	[ 8 75]
[13 75]	[ 8 73]
[13 73]	[13 75]
[-1 -1]	[13 76]
[13 87]	[-1 73]
[13 85]	[13 73]
[13 83]	[13 85]
[13 80]	[13 83]
[13 78]	[13 80]
[13 80]	[13 78]
[13 78]	[13 80]
[13 80]	[13 73]
[13 78]	[12 80]
[13 76]	[12 83]
[13 75]	[12 80]
[13 73]	[12 78]
[13 73]	[12 76]
[13 73]	[12 75]
[13 73]	[12 75]
[13 73]	[13 75]
[13 75]	[13 73]
[13 76]	[13 75]
[13 78]	[13 76]
[13 80]	[13 78]
[13 85]	[13 80]
[13 85]	[13 85]
[13 83]	[13 85]
[13 85]	[12 83]
[13 80]	[12 80]
[13 85]	[12 83]
[13 85]	[12 78]
[13 87]	[12 83]
[13 85]	[12 80]
[13 85]	[12 88]
[13 85]	[13 87]
[13 83]	[13 85]
[13 80]	[13 83]
[13 78]	[13 80]
[13 80]	[13 78]
[13 78]	[13 80]
[13 80]	[13 73]
[13 78]	[12 80]
[13 76]	[12 83]
[13 75]	[12 80]
[13 73]	[12 78]
[13 73]	[12 76]
[13 73]	[12 75]
[13 73]	[12 71]
[13 73]	[13 75]
[13 75]	[13 73]
[13 76]	[13 75]
[13 78]	[13 76]
[13 80]	[13 78]
[13 85]	[13 80]
[13 85]	[13 85]
[13 83]	[13 85]
[13 85]	[12 83]
[13 80]	[12 80]
[13 80]	[12 83]
[13 73]	[12 78]
[13 73]	[13 83]
[13 73]	[13 75]
[13 73]	[13 73]
[13 80]	[13 73]
[13 85]	[13 80]
[13 83]	[13 85]
[13 80]	[13 83]
[13 85]	[13 80]
[13 85]	[13 78]
[13 85]	[13 80]
[13 85]	[13 83]
[13 87]	[13 85]
[13 88]	[13 87]
[13 87]	[13 88]
[13 85]	[13 90]
[13 85]	[13 88]
[13 87]	[13 85]
[13 85]	[13 87]
[13 85]	[13 88]
[13 85]	[13 87]
[13 80]	[12 85]
[13 73]	[12 83]
[13 73]	[12 78]
[13 80]	[12 75]
[13 85]	[12 76]
[13 85]	[12 78]
[13 85]	[12 83]
[13 85]	[12 83]
[13 85]	[12 85]
[13 85]	[12 87]
[13 85]	[12 83]
[13 85]	[12 83]
[13 85]	[12 87]
[13 85]	[12 92]
[13 85]	[12 90]
[13 85]	[13 87]
[13 83]	[13 85]
[13 80]	[13 83]
[13 85]	[13 80]
[13 85]	[13 78]
[13 85]	[13 80]
[13 85]	[13 83]
[13 87]	[13 85]
[13 85]	[13 87]
[13 85]	[13 88]
[13 85]	[13 85]
[13 85]	[13 85]
[13 83]	[13 87]
[13 80]	[13 88]
[13 78]	[ 5 80]
[13 80]	[ 5 78]
[13 78]	[ 5 76]
[13 80]	[ 5 78]
[12 82]	[ 5 80]
[12 83]	[ 5 82]
[12 80]	[ 5 83]
[12 78]	[12 80]
[12 75]	[12 78]
[12 73]	[12 75]
[-1 -1]	[12 71]
[13 75]	[-1 75]
[13 73]	[ 8 68]
[13 75]	[ 8 73]
[13 76]	[ 8 75]
[13 78]	[ 8 76]
[13 80]	[ 8 78]
[13 78]	[ 8 76]
[13 80]	[ 8 78]
[13 85]	[ 8 80]
[13 85]	[ 8 80]
[13 83]	[ 8 80]
[13 80]	[ 8 83]
[13 78]	[ 8 82]
[13 80]	[ 8 80]
[13 78]	[ 8 80]
[13 80]	[ 8 78]
[13 80]	[ 8 76]
[13 78]	[ 8 80]
[13 75]	[ 8 78]
[13 73]	[ 8 76]
[13 73]	[ 8 76]
[13 73]	[ 8 75]
[13 73]	[ 8 75]
[13 73]	[ 8 73]
[13 75]	[ 8 73]
[13 76]	[ 8 75]
[13 78]	[ 8 76]
[13 80]	[ 8 78]
[13 78]	[ 8 76]
[13 80]	[ 8 78]
[13 78]	[ 8 80]
[13 80]	[ 8 80]
[13 78]	[ 8 80]
[13 80]	[ 8 85]
[13 85]	[ 8 80]
[13 80]	[ 8 85]
[13 73]	[ 8 83]
[13 73]	[ 8 82]
[13 73]	[13 80]
[13 75]	[13 73]
[13 76]	[13 75]
[13 78]	[13 76]
[13 80]	[13 78]
[13 78]	[13 76]
[13 80]	[13 78]
[13 85]	[13 80]
[13 85]	[13 80]
[13 83]	[13 80]
[13 80]	[13 83]
[13 78]	[13 82]
[13 80]	[13 80]
[13 78]	[13 80]
[13 80]	[13 78]
[13 80]	[13 76]
[13 78]	[13 80]
[13 75]	[13 78]
[13 73]	[13 76]
[13 73]	[13 76]
[13 73]	[13 75]
[13 85]	[13 75]
[13 83]	[13 73]
[13 85]	[13 83]
[13 83]	[13 82]
[13 85]	[13 83]
[13 80]	[13 82]
[13 78]	[13 83]
[13 80]	[13 82]
[13 85]	[13 80]
[13 80]	[13 85]
[13 78]	[13 83]
[13 80]	[13 82]
[13 78]	[13 80]
[13 80]	[13 78]
[13 78]	[ 8 76]
[13 76]	[ 8 82]
[13 75]	[ 8 80]
[13 73]	[ 8 78]
[13 73]	[ 8 76]
[13 73]	[ 8 75]
[13 73]	[ 8 73]
[13 73]	[13 71]
[13 80]	[13 73]
[13 78]	[10 80]
[13 80]	[10 85]
[13 78]	[10 80]
[13 80]	[10 85]
[13 78]	[10 80]
[13 80]	[10 85]
[13 78]	[10 80]
[13 80]	[10 85]
[13 78]	[10 80]
[13 80]	[10 85]
[13 78]	[10 80]
[13 80]	[10 85]
[13 85]	[10 80]
[13 80]	[10 85]
[13 78]	[10 83]
[13 80]	[10 82]
[13 78]	[10 80]
[13 76]	[10 78]
[13 75]	[10 76]
[13 73]	[10 78]
[13 73]	[10 76]
[13 80]	[10 75]
[13 85]	[10 73]
[13 80]	[10 85]
[13 78]	[10 83]
[13 80]	[10 82]
[13 80]	[10 80]
[13 78]	[10 78]
[13 80]	[10 82]
[13 85]	[10 80]
[13 85]	[10 80]
[13 80]	[10 85]
[13 78]	[10 83]
[13 80]	[10 82]
[13 78]	[10 80]
[13 76]	[10 78]
[13 75]	[10 76]
[13 73]	[10 78]
[13 73]	[10 76]
[13 73]	[10 75]
[13 73]	[ 8 73]
[13 75]	[ 8 75]
[13 73]	[ 8 75]
[13 73]	[ 8 76]
[13 73]	[ 8 75]
[13 73]	[ 8 73]
[13 73]	[13 71]
[13 75]	[13 73]
[13 73]	[12  0]
[13 73]	[12 76]
[13 75]	[12 80]
[13 76]	[12 80]
[13 75]	[12 78]
[13 73]	[12 78]
[13 80]	[12 76]
[13 78]	[12 76]
[13 80]	[12 80]
[13 80]	[12 80]
[13 78]	[12 78]
[13 80]	[12 78]
[13 80]	[12 76]
[13 78]	[12 80]
[13 80]	[12 79]
[13 85]	[12 80]
[13 80]	[12 82]
[13 78]	[12 83]
[13 80]	[12 82]
[13 78]	[12 80]
[13 80]	[12 78]
[13 78]	[12 80]
[13 80]	[12 85]
[13 78]	[12 76]
[13 80]	[12 80]
[13 80]	[12 80]
[13 78]	[12 78]
[13 80]	[12 78]
[13 80]	[18 76]
[13 80]	[18 78]
[13 78]	[ 8 79]
[13 80]	[ 8 82]
[13 78]	[ 8 80]
[13 76]	[ 8 79]
[13 75]	[ 8 76]
[13 73]	[ 8 78]
[13 75]	[ 8 76]
[-1 -1]	[ 8 75]
[13 87]	[13 76]
[13 85]	[13 80]
[13 83]	[13 85]
[13 85]	[13 85]
[13 83]	[12 80]
[13 80]	[12 83]
[13 78]	[12 80]
[13 80]	[13 78]
[13 85]	[13 80]
[13 83]	[13 85]
[13 85]	[13 85]
[13 83]	[12 80]
[13 85]	[12 83]
[13 85]	[13 80]
[13 85]	[13 80]
[13 83]	[13 85]
[13 85]	[13 85]
[13 80]	[12 80]
[13 78]	[12 83]
[13 76]	[12 80]
[13 75]	[12 80]
[13 73]	[13 78]
[13 73]	[13 76]
[13 73]	[12 73]
[13 75]	[12 73]
[13 73]	[13 71]
[13 73]	[13 76]
[13 73]	[13 73]
[13 75]	[ 3 73]
[13 73]	[13 75]
[13 73]	[13 76]
[13 76]	[12 73]
[13 75]	[12 75]
[13 73]	[13 78]
[13 73]	[13 76]
[13 73]	[13 73]
[13 75]	[13 73]
[13 73]	[13 75]
[13 73]	[13 76]
[13 73]	[13 73]
[13 75]	[13 73]
[13 73]	[13 75]
[13 73]	[13 76]
[13 73]	[13 73]
[13 75]	[13 73]
[13 73]	[13 75]
[13 73]	[13 76]
[13 76]	[12 73]
[13 75]	[12 75]
[13 73]	[13 78]
[13 73]	[13 76]
[13 73]	[13 73]
[13 75]	[13 73]
[13 73]	[13 75]
[13 73]	[13 76]
[13 73]	[12 73]
[13 73]	[12 73]
[-1 -1]	[13 71]
[13 76]	[13 73]
[13 75]	[13 80]
[13 73]	[13 78]
[13 75]	[13 76]
[13 73]	[13 75]
[13 73]	[13 76]
[13 75]	[13 73]
[13 73]	[13 73]
[13 73]	[13 76]
[13 73]	[13 73]
[13 75]	[13 80]
[13 73]	[13 73]
[13 73]	[13 76]
[13 73]	[13 73]
[13 76]	[13 73]
[13 75]	[13 80]
[13 73]	[13 78]
[13 75]	[13 76]
[13 73]	[13 75]
[13 73]	[13 76]
[13 73]	[13 73]
[13 73]	[12 73]
[13 76]	[12 75]
[13 75]	[12 71]
[13 73]	[12 78]
[13 73]	[12 76]
[13 73]	[12 75]
[13 73]	[12 71]
[13 76]	[13 71]
[13 75]	[13 80]
[13 73]	[13 78]
[13 75]	[13 76]
[13 73]	[13 75]
[13 73]	[13 76]
[13 75]	[13 73]
[13 73]	[13 73]
[13 73]	[13 76]
[13 73]	[13 73]
[13 75]	[13 80]
[13 73]	[13 73]
[13 73]	[13 76]
[13 73]	[13 73]
[13 76]	[ 5 73]
[13 75]	[ 5 80]
[13 73]	[ 5 78]
[13 75]	[ 5 76]
[13 76]	[ 5 75]
[13 78]	[ 5 76]
[13 80]	[ 5 78]
[13 85]	[ 5 80]
[13 83]	[12 82]
[13 80]	[12 83]
[13 73]	[12 80]
[13 73]	[12 78]
[13 73]	[12 76]
[13 73]	[12 75]
[13 85]	[12 71]
[13 85]	[12 71]
[13 85]	[12 83]
[13 85]	[12 83]
[13 87]	[12 85]
[13 85]	[12 87]
[13 85]	[ 6 88]
[13 83]	[ 6 87]
[13 80]	[ 6 83]
[13 85]	[ 6 85]
[13 85]	[12 82]
[13 85]	[12 83]
[13 85]	[12 83]
[13 87]	[12 85]
[13 85]	[12 87]
[13 83]	[20 88]
[13 85]	[20 87]
[13 85]	[20 80]
[13 85]	[12 80]
[13 85]	[12 83]
[13 85]	[12 83]
[13 87]	[12 85]
[13 85]	[12 87]
[13 85]	[ 6 88]
[13 83]	[ 6 87]
[13 80]	[ 6 83]
[13 85]	[ 6 85]
[13 83]	[ 6 82]
[13 80]	[ 6 83]
[13 73]	[ 6 80]
[13 73]	[ 6 78]
[13 73]	[12 76]
[13 73]	[12 75]
[13 85]	[12 71]
[13 85]	[12 71]
[13 85]	[12 83]
[13 85]	[12 83]
[13 87]	[12 85]
[13 85]	[12 87]
[13 85]	[ 5 88]
[13 83]	[ 5 87]
[13 80]	[ 5 83]
[13 85]	[ 5 85]
[13 85]	[12 82]
[13 85]	[12 83]
[13 85]	[12 87]
[13 87]	[12 90]
[13 85]	[ 6 87]
[13 87]	[ 6 88]
[13 88]	[ 6 87]
[13 85]	[12 88]
[13 87]	[12 90]
[13 85]	[12 87]
[13 85]	[12 88]
[13 85]	[12 87]
[13 85]	[ 5 85]
[13 83]	[ 5 87]
[13 80]	[ 5 83]
[12 82]	[ 5 85]
[12 83]	[ 6 82]
[12 80]	[ 6 83]
[12 78]	[ 6 80]
[12 75]	[ 6 78]
[12 73]	[12 76]
[12 75]	[12 75]
[12 78]	[12 71]
[12 80]	[12 71]
[12 78]	[12 75]
[12 80]	[12 78]
[12 78]	[12 83]
[12 80]	[12 78]
[12 78]	[12 75]
[12 80]	[12 78]
[12 78]	[12 83]
[12 80]	[12 78]
[12 78]	[12 75]
[12 80]	[12 78]
[12 78]	[12 83]
[13 75]	[ 6 78]
[13 73]	[ 6 75]
[13 73]	[ 6 73]
[13 80]	[12 73]
[13 85]	[12 75]
[13 80]	[12 78]
[13 78]	[12 83]
[13 80]	[ 5 78]
[13 78]	[ 5 80]
[13 80]	[ 5 78]
[12 82]	[ 5 80]
[12 83]	[ 6 82]
[12 80]	[ 6 83]
[12 78]	[ 6 80]
[12 75]	[ 6 78]
[12 73]	[12 76]
[12 75]	[12 75]
[12 78]	[12 71]
[12 80]	[12 71]
[12 78]	[12 75]
[12 80]	[12 78]
[12 78]	[12 83]
[12 80]	[12 78]
[12 78]	[12 75]
[12 80]	[12 78]
[12 78]	[12 83]
[13 80]	[12 78]
[13 85]	[12 75]
[13 85]	[12 78]
[13 85]	[12 83]
[13 85]	[ 6 85]
[13 85]	[ 6 87]
[13 85]	[ 6 85]
[13 85]	[ 5 85]
[13 83]	[ 5 87]
[13 80]	[ 5 83]
[13 85]	[ 5 85]
[13 83]	[ 5 82]
[13 80]	[ 5 83]
[13 73]	[ 5 80]
[13 75]	[ 5 78]
[13 73]	[ 6 75]
[13 76]	[ 6 76]
[13 75]	[ 6 80]
[13 73]	[ 6 78]
[13 73]	[12 76]
[-1 -1]	[12 75]
[13 78]	[-1 71]
[13 80]	[13 78]
[13 85]	[13 80]
[13 85]	[13 85]
[13 85]	[12 85]
[13 85]	[12 83]
[13 80]	[12 85]
[13 78]	[12 83]
[13 80]	[12 82]
[13 78]	[12 80]
[13 80]	[13 78]
[13 85]	[13 80]
[13 85]	[13 85]
[13 85]	[13 85]
[13 85]	[13 87]
[13 85]	[20 85]
[13 80]	[20 83]
[13 78]	[20 83]
[13 80]	[20 80]
[13 78]	[20 80]
[13 80]	[13 78]
[13 85]	[13 80]
[13 85]	[13 85]
[13 85]	[12 85]
[13 85]	[12 83]
[13 85]	[12 83]
[13 83]	[12 85]
[13 80]	[12 83]
[13 78]	[12 82]
[13 80]	[12 80]
[13 85]	[12 80]
[13 85]	[12 82]
[13 80]	[12 83]
[13 78]	[12 83]
[13 76]	[12 82]
[13 75]	[12 80]
[13 73]	[20 78]
[13 73]	[20 76]
[13 75]	[20 73]
[13 73]	[20 75]
[13 73]	[13 76]
[13 73]	[13 73]
[13 73]	[13 73]
[13 75]	[13 75]
[13 73]	[13 76]
[13 73]	[12 76]
[13 73]	[12 75]
[13 73]	[13 75]
[13 73]	[13 73]
[13 73]	[13 75]
[13 73]	[13 73]
[13 73]	[13 71]
[13 73]	[13 68]
[13 73]	[13 73]
[13 75]	[13 75]
[13 73]	[13 76]
[13 73]	[12 76]
[13 73]	[12 75]
[13 73]	[12 73]
[13 73]	[13 71]
[13 73]	[13 73]
[13 73]	[13 73]
[13 75]	[13 75]
[13 73]	[13 76]
[13 73]	[12 76]
[13 73]	[12 75]
[13 73]	[13 75]
[13 73]	[13 73]
[13 73]	[13 73]
[13 73]	[13 75]
[13 73]	[13 73]
[13 73]	[13 71]
[13 80]	[13 68]
[13 85]	[13 80]
[13 85]	[12 82]
[13 80]	[12 83]
[13 78]	[12 83]
[13 76]	[12 82]
[13 75]	[12 80]
[13 73]	[20 78]
[13 73]	[20 76]
[13 75]	[20 73]
[13 73]	[20 75]
[13 73]	[13 76]
[13 73]	[13 73]
[13 73]	[13 73]
[13 75]	[13 75]
[13 73]	[13 76]
[13 73]	[12 76]
[13 73]	[12 75]
[13 73]	[13 75]
[13 73]	[13 73]
[13 73]	[13 73]
[13 73]	[13 75]
[13 73]	[13 73]
[13 73]	[13 71]
[13 73]	[13 68]
[13 73]	[13 73]
[13 75]	[13 75]
[13 73]	[13 76]
[13 73]	[13 76]
[13 75]	[13 75]
[13 73]	[13 73]
[13 73]	[12 76]
[13 73]	[12 75]
[13 73]	[12 73]
[13 73]	[ 1 71]
[13 73]	[ 1 77]
[13 73]	[ 1 73]
[13 75]	[13 75]
[13 73]	[13 76]
[13 73]	[12 76]
[13 73]	[12 75]
[13 73]	[13 75]
[13 73]	[13 73]
[13 73]	[13 73]
[13 73]	[13 75]
[13 73]	[13 73]
[13 73]	[13 71]
[13 80]	[13 68]
[13 85]	[13 80]
[13 85]	[12 82]
[13 80]	[12 83]
[13 78]	[12 83]
[13 76]	[12 82]
[13 75]	[12 80]
[13 73]	[20 78]
[13 73]	[20 76]
[13 75]	[20 73]
[13 73]	[20 75]
[13 80]	[13 76]
[13 85]	[13 73]
[13 85]	[13 78]
[13 85]	[13 80]
[13 85]	[13 83]
[13 85]	[13 85]
[13 85]	[13 85]
[13 85]	[13 83]
[13 85]	[13 85]
[13 85]	[13 87]
[13 80]	[13 85]
[13 78]	[13 83]
[13 80]	[13 82]
[13 85]	[13 80]
[13 85]	[13 85]
[13 85]	[13 85]
[13 85]	[13 87]
[13 85]	[13 85]
[13 85]	[13 87]
[13 85]	[13 87]
[13 85]	[13 92]
[13 87]	[13 92]
[13 85]	[13 90]
[13 85]	[13 88]
[13 85]	[13 85]
[13 85]	[13 85]
[13 85]	[13 83]
[13 85]	[13 85]
[13 85]	[13 87]
[13 85]	[13 85]
[13 85]	[13 83]
[13 85]	[13 83]
[13 85]	[13 85]
[13 85]	[13 87]
[13 80]	[13 85]
[13 78]	[13 83]
[13 76]	[13 82]
[13 75]	[13 80]
[13 73]	[13 78]
[13 73]	[13 76]
[13 73]	[13 75]
[13 73]	[13 73]
[13 73]	[13 73]
[13 75]	[13 75]
[13 73]	[13 76]
[13 73]	[12 76]
[13 73]	[12 75]
[13 73]	[13 75]
[13 73]	[13 73]
[13 73]	[13 75]
[13 73]	[13 73]
[13 73]	[13 71]
[13 73]	[13 68]
[13 73]	[13 73]
[13 75]	[13 75]
[13 73]	[13 76]
[13 73]	[12 76]
[13 73]	[12 75]
[13 73]	[12 73]
[13 73]	[13 71]
[13 73]	[13 73]
[13 73]	[13 73]
[13 75]	[13 75]
[13 73]	[13 76]
[13 73]	[12 76]
[13 73]	[12 75]
[13 73]	[13 75]
[13 73]	[13 73]
[13 73]	[13 73]
[13 73]	[13 75]
[13 73]	[13 73]
[13 73]	[13 71]
[13 80]	[13 68]
[13 85]	[13 80]
[13 85]	[12 82]
[13 80]	[12 83]
[13 78]	[12 83]
[13 76]	[12 82]
[13 75]	[12 80]
[13 73]	[20 78]
[13 73]	[20 76]
[13 73]	[20 73]
[13 75]	[20 75]
[13 73]	[13 76]
[13 73]	[13 76]
[13 73]	[13 73]
[13 73]	[13 75]
[13 73]	[13 75]
[13 73]	[12 75]
[13 73]	[12 75]
[13 73]	[13 75]
[13 73]	[13 73]
[13 73]	[13 73]
[13 73]	[13 75]
[13 73]	[13 73]
[13 73]	[13 71]
[13 73]	[13 68]
[13 73]	[13 73]
[13 75]	[13 75]
[13 73]	[13 76]
[13 73]	[13 76]
[13 75]	[13 75]
[13 73]	[13 73]
[13 73]	[12 76]
[13 73]	[12 75]
[13 73]	[12 73]
[13 73]	[ 1 71]
[13 73]	[ 1 71]
[13 73]	[ 1 73]
[13 73]	[13 75]
[13 73]	[13 75]
[13 73]	[12 75]
[13 73]	[12 75]
[13 73]	[13 75]
[13 73]	[13 73]
[13 73]	[13 73]
[13 73]	[13 75]
[13 73]	[13 73]
[13 73]	[13 71]
[13 80]	[13 68]
[13 85]	[13 80]
[13 85]	[12 82]
[13 80]	[12 83]
[13 78]	[12 83]
[13 76]	[12 82]
[13 75]	[12 80]
[13 73]	[20 78]
[13 73]	[20 76]
[13 75]	[20 73]
[13 73]	[20 75]
[-1 -1]	[13 76]
[13 75]	[-1 73]
[13 73]	[13 80]
[13 73]	[13 73]
[13 73]	[13 73]
[13 80]	[13 73]
[13 78]	[13 80]
[13 80]	[13 78]
[12 82]	[13 80]
[12 83]	[13 82]
[12 80]	[13 83]
[12 78]	[13 80]
[12 75]	[12 78]
[12 71]	[12 75]
[12 73]	[12 71]
[12 75]	[12 71]
[12 78]	[12 71]
[13 75]	[12 71]
[13 73]	[12 75]
[13 73]	[12 78]
[13 73]	[ 8 71]
[13 73]	[ 8 75]
[13 73]	[ 8 80]
[13 73]	[13 80]
[13 73]	[13 73]
[13 73]	[13 73]
[13 80]	[13 73]
[13 78]	[13 80]
[13 80]	[13 78]
[13 85]	[13 80]
[13 83]	[13 82]
[13 80]	[13 83]
[13 78]	[13 80]
[13 80]	[20 78]
[13 80]	[20 80]
[13 73]	[12 78]
[13 73]	[12 83]
[13 73]	[13 71]
[13 73]	[13 75]
[13 73]	[13 73]
[13 73]	[13 73]
[13 73]	[13 73]
[13 73]	[13 80]
[13 80]	[13 85]
[13 85]	[13 73]
[13 80]	[13 85]
[13 78]	[13 83]
[13 80]	[13 80]
[12 82]	[13 80]
[12 83]	[13 78]
[12 80]	[13 83]
[12 78]	[13 80]
[12 75]	[12 78]
[12 71]	[12 75]
[12 73]	[12 71]
[12 75]	[12 71]
[12 78]	[12 71]
[12 75]	[12 71]
[12 73]	[12 75]
[12 75]	[12 78]
[13 78]	[12 71]
[13 80]	[12 75]
[13 85]	[12 80]
[13 80]	[13 80]
[13 85]	[13 85]
[13 85]	[13 73]
[13 80]	[13 85]
[13 78]	[13 83]
[13 80]	[13 80]
[13 85]	[13 80]
[13 83]	[13 78]
[13 80]	[13 83]
[13 78]	[13 80]
[13 80]	[20 78]
[13 80]	[20 80]
[13 73]	[12 78]
[13 73]	[12 83]
[13 73]	[13 71]
[13 73]	[13 75]
[13 73]	[13 73]
[13 73]	[13 73]
[13 73]	[13 73]
[13 73]	[13 80]
[13 80]	[13 85]
[13 85]	[13 73]
[13 80]	[13 85]
[13 78]	[13 83]
[13 80]	[13 80]
[12 82]	[13 80]
[12 83]	[13 78]
[12 80]	[13 83]
[12 78]	[13 80]
[12 75]	[12 78]
[12 71]	[12 75]
[12 73]	[12 71]
[12 75]	[12 71]
[12 78]	[12 71]
[13 75]	[12 71]
[13 73]	[12 75]
[13 73]	[12 78]
[13 73]	[12 71]
[13 73]	[12 75]
[13 73]	[12 80]
[13 73]	[13 80]
[13 73]	[13 73]
[13 73]	[13 73]
[13 80]	[13 73]
[13 78]	[13 80]
[13 80]	[13 78]
[13 85]	[13 80]
[13 83]	[13 82]
[13 80]	[13 83]
[13 78]	[13 80]
[13 80]	[20 78]
[13 80]	[20 80]
[13 73]	[12 78]
[13 73]	[12 83]
[13 73]	[13 71]
[13 73]	[13 75]
[13 73]	[13 73]
[13 73]	[13 73]
[13 73]	[13 73]
[13 73]	[13 80]
[13 73]	[13 73]
[13 73]	[13 73]
[13 73]	[13 73]
[13 73]	[13 80]
[13 73]	[13 73]
[13 73]	[13 80]
[13 73]	[13 73]
[13 73]	[13 85]
[13 75]	[13 73]
[13 76]	[13 80]
[13 73]	[13 73]
[13 73]	[12 78]
[13 73]	[12 75]
[13 73]	[12 71]
[13 73]	[12 71]
[13 73]	[12 71]
[13 80]	[12 71]
[13 73]	[12 75]
[13 73]	[12 78]
[13 73]	[12 71]
[13 73]	[12 75]
[13 73]	[12 80]
[13 73]	[13 80]
[13 73]	[13 73]
[13 73]	[13 73]
[13 73]	[13 73]
[13 73]	[13 80]
[13 73]	[13 73]
[13 73]	[13 80]
[13 73]	[13 73]
[13 73]	[13 83]
[13 73]	[13 73]
[13 80]	[13 80]
[13 78]	[13 73]
[13 80]	[20 78]
[13 80]	[20 80]
[13 73]	[12 78]
[13 73]	[12 83]
[13 73]	[13 71]
[13 73]	[13 75]
[13 73]	[13 73]
[13 73]	[13 73]
[13 73]	[13 73]
[13 73]	[13 80]
[13 73]	[13 85]
[13 80]	[13 73]
[13 85]	[ 5 73]
[13 85]	[ 5 80]
[13 83]	[ 5 83]
[13 80]	[ 6 83]
[13 80]	[ 6 82]
[13 78]	[ 6 78]
[13 80]	[20 78]
[13 80]	[20 80]
[13 73]	[13 82]
[13 73]	[13 83]
[13 80]	[13 73]
[13 85]	[13 73]
[13 85]	[13 80]
[13 83]	[13 83]
[13 80]	[13 83]
[13 73]	[13 80]
[13 73]	[12 73]
[13 73]	[12 75]
[13 73]	[12 71]
[13 73]	[13 71]
[13 73]	[13 85]
[13 80]	[13 73]
[13 85]	[ 5 73]
[13 85]	[ 5 80]
[13 83]	[ 5 83]
[13 80]	[ 6 83]
[13 80]	[ 6 82]
[13 78]	[ 6 78]
[13 80]	[20 78]
[13 78]	[20 80]
[13 80]	[20 78]
[13 80]	[20 80]
[13 73]	[12 78]
[13 73]	[12 83]
[13 73]	[13 71]
[13 73]	[13 75]
[13 73]	[13 73]
[13 73]	[13 73]
[13 73]	[13 73]
[13 73]	[13 80]
[13 73]	[13 85]
[13 80]	[13 73]
[13 85]	[ 5 73]
[13 85]	[ 5 80]
[13 83]	[ 5 83]
[13 80]	[ 6 83]
[13 80]	[ 6 82]
[13 78]	[ 6 78]
[13 80]	[20 78]
[13 80]	[20 80]
[13 73]	[13 82]
[13 73]	[13 83]
[13 80]	[13 73]
[13 85]	[13 73]
[13 85]	[13 80]
[13 83]	[13 83]
[13 80]	[13 83]
[13 73]	[13 80]
[13 73]	[12 73]
[13 73]	[12 75]
[13 73]	[12 71]
[13 73]	[13 71]
[13 73]	[13 73]
[13 73]	[13 73]
[13 73]	[13 73]
[13 73]	[13 80]
[13 73]	[13 73]
[13 73]	[13 80]
[13 73]	[13 73]
[13 73]	[13 83]
[13 73]	[13 73]
[13 80]	[13 80]
[13 78]	[13 73]
[13 80]	[20 78]
[13 80]	[20 80]
[13 73]	[12 78]
[13 73]	[12 83]
[13 73]	[13 71]
[13 73]	[13 75]
[-1 -1]	[13 73]
[13 78]	[-1 73]
[13 80]	[13 78]
[13 80]	[13 80]
[13 78]	[13 73]
[13 80]	[13 80]
[13 80]	[12 80]
[13 73]	[12 78]
[13 73]	[12 78]
[13 73]	[12 75]
[13 73]	[12 71]
[13 73]	[12 73]
[13 80]	[12 75]
[13 73]	[12 75]
[13 73]	[12 78]
[13 73]	[12 80]
[13 73]	[12 75]
[13 73]	[12 75]
[13 73]	[12 73]
[13 73]	[13 71]
[13 80]	[13 73]
[13 78]	[13 73]
[13 80]	[13 80]
[13 85]	[13 80]
[13 85]	[13 85]
[13 85]	[13 85]
[13 85]	[13 87]
[13 85]	[13 85]
[13 83]	[13 85]
[13 80]	[13 83]
[13 85]	[13 80]
[13 85]	[ 5 82]
[13 85]	[ 5 83]
[13 85]	[ 5 85]
[13 80]	[ 5 83]
[13 78]	[ 5 83]
[13 80]	[ 5 82]
[13 80]	[12 80]
[13 80]	[12 78]
[13 78]	[12 78]
[13 80]	[13 78]
[13 85]	[13 80]
[13 85]	[13 85]
[13 85]	[13 85]
[13 85]	[13 87]
[13 85]	[13 85]
[13 83]	[13 85]
[13 80]	[13 83]
[13 85]	[13 80]
[13 85]	[ 5 82]
[13 85]	[ 5 83]
[13 85]	[ 5 85]
[13 80]	[ 5 83]
[13 78]	[ 5 83]
[13 80]	[ 5 82]
[13 85]	[12 80]
[13 85]	[12 78]
[13 80]	[12 83]
[13 78]	[12 83]
[13 80]	[13 82]
[13 78]	[13 80]
[13 80]	[13 73]
[13 80]	[13 80]
[13 73]	[12 80]
[13 73]	[12 78]
[13 73]	[12 75]
[13 73]	[12 71]
[13 73]	[12 73]
[13 80]	[12 75]
[13 73]	[12 75]
[13 73]	[12 78]
[13 73]	[12 80]
[13 73]	[12 75]
[13 73]	[12 75]
[13 73]	[12 73]
[-1 -1]	[13 71]
[13 75]	[13 73]
[13 73]	[13 73]
[13 73]	[13 73]
[13 73]	[13 80]
[13 75]	[12 80]
[13 73]	[12 75]
[13 73]	[12 76]
[13 73]	[13 75]
[13 80]	[ 5 73]
[13 85]	[5 0]
[13 85]	[ 5 80]
[13 85]	[13 83]
[13 83]	[13 85]
[13 80]	[ 6 83]
[13 80]	[ 6 80]
[13 78]	[ 6 82]
[13 80]	[ 8 78]
[13 85]	[ 8 80]
[13 85]	[ 8 80]
[13 85]	[8 0]
[13 85]	[13 85]
[13 85]	[13 85]
[13 80]	[ 5 85]
[13 78]	[ 5 83]
[13 76]	[ 5 80]
[13 75]	[ 5 80]
[13 73]	[ 5 78]
[13 73]	[12 76]
[13 73]	[12 75]
[13 73]	[12 71]
[13 73]	[12 71]
[13 73]	[13  0]
[13 76]	[13 73]
[13 75]	[13 80]
[13 73]	[13 78]
[13 73]	[12 76]
[13 73]	[12 75]
[13 73]	[12 73]
[13 73]	[13 71]
[13 73]	[13 73]
[-1 -1]	[13 73]
[13 73]	[13  0]
[13 73]	[13 73]
[13 73]	[13 80]
[13 73]	[13 73]
[13 73]	[13 83]
[13 73]	[13 73]
[13 73]	[13 80]
[13 73]	[13 73]
[13 75]	[13 73]
[13 76]	[13 80]
[13 73]	[12 73]
[13 73]	[12 78]
[13 73]	[12 75]
[13 73]	[12 71]
[13 73]	[13 75]
[13 73]	[13 73]
[13 73]	[13 80]
[13 73]	[13 73]
[13 73]	[13 83]
[13 73]	[13 73]
[13 73]	[13 80]
[13 80]	[13 73]
[13 78]	[13 80]
[13 80]	[13 78]
[13 85]	[13 80]
[13 80]	[12 82]
[13 73]	[12 83]
[13 73]	[12 78]
[13 73]	[12 75]
[13 73]	[13 71]
[13 73]	[13 73]
[13 73]	[13 80]
[13 73]	[13 73]
[13 73]	[13 83]
[13 73]	[13 73]
[13 73]	[13 80]
[13 73]	[13 73]
[13 75]	[13 73]
[13 76]	[13 80]
[13 73]	[12 73]
[13 73]	[12 78]
[13 73]	[12 75]
[13 73]	[12 71]
[13 73]	[13 75]
[13 73]	[13 73]
[13 73]	[13 80]
[13 73]	[13 73]
[13 73]	[13 83]
[13 73]	[13 73]
[13 73]	[13 80]
[13 80]	[13 73]
[13 78]	[13 80]
[13 80]	[13 78]
[12 82]	[13 80]
[12 80]	[12 82]
[12 78]	[12 83]
[12 75]	[12 78]
[13 78]	[12 75]
[13 80]	[12 71]
[13 78]	[12 80]
[13 80]	[12 78]
[13 85]	[12 80]
[13 80]	[12 82]
[13 78]	[12 83]
[13 80]	[12 78]
[13 80]	[12 75]
[13 85]	[12 78]
[13 85]	[12 78]
[13 85]	[12 83]
[13 83]	[12 87]
[13 85]	[ 6 83]
[13 83]	[ 6 82]
[13 85]	[ 6 85]
[13 85]	[12 82]
[13 85]	[12 83]
[13 87]	[12 85]
[13 88]	[12 87]
[13 85]	[12 88]
[13 87]	[12 90]
[13 85]	[12 87]
[13 85]	[12 88]
[13 85]	[12 85]
[13 85]	[12 83]
[13 83]	[12 87]
[13 80]	[ 6 83]
[13 80]	[ 6 82]
[13 78]	[ 6 85]
[13 80]	[ 5 82]
[13 78]	[ 5 80]
[13 80]	[ 5 78]
[13 85]	[ 5 80]
[13 80]	[ 6 82]
[13 78]	[ 6 83]
[13 80]	[ 6 78]
[13 85]	[ 6 75]
[13 85]	[12 78]
[13 85]	[12 83]
[13 83]	[12 87]
[13 85]	[ 6 83]
[13 83]	[ 6 82]
[13 85]	[ 6 85]
[13 85]	[12 82]
[13 85]	[12 83]
[13 87]	[12 85]
[13 88]	[12 87]
[13 85]	[12 88]
[13 87]	[12 90]
[13 85]	[12 87]
[13 85]	[12 88]
[13 85]	[12 85]
[13 87]	[12 90]
[13 85]	[12 87]
[13 85]	[12 88]
[13 85]	[ 6 85]
[13 85]	[ 6 87]
[13 85]	[ 6 83]
[13 83]	[ 6 85]
[13 80]	[ 5 83]
[13 78]	[ 5 80]
[13 80]	[ 5 78]
[12 82]	[ 5 80]
[12 80]	[12 82]
[12 78]	[12 83]
[12 75]	[12 78]
[12 73]	[12 75]
[13 85]	[12 71]
[13 83]	[20 71]
[13 85]	[20 83]
[13 85]	[20 82]
[13 83]	[20 80]
[13 85]	[20 87]
[13 83]	[20 80]
[13 85]	[20 83]
[13 85]	[20 82]
[13 83]	[20 80]
[13 80]	[20 87]
[13 78]	[ 6 80]
[13 80]	[ 6 82]
[13 85]	[ 6 80]
[13 80]	[ 6 78]
[13 85]	[ 6 85]
[13 80]	[ 6 78]
[13 85]	[ 6 87]
[13 80]	[ 6 78]
[13 85]	[ 6 85]
[13 83]	[20 78]
[13 85]	[20 83]
[13 85]	[20 82]
[13 83]	[20 80]
[13 85]	[20 87]
[13 83]	[20 80]
[13 85]	[20 83]
[13 85]	[20 82]
[13 83]	[20 80]
[13 85]	[20 87]
[13 85]	[12 80]
[13 85]	[12 87]
[13 87]	[12 85]
[13 88]	[12 87]
[13 85]	[ 6 89]
[13 83]	[ 6 90]
[13 80]	[ 6 85]
[13 85]	[ 6 82]
[13 83]	[20 78]
[13 85]	[20 83]
[13 85]	[20 82]
[13 83]	[20 80]
[13 85]	[20 87]
[13 83]	[20 80]
[13 85]	[20 83]
[13 85]	[20 82]
[13 83]	[20 80]
[13 80]	[20 87]
[13 78]	[ 6 80]
[13 80]	[ 6 82]
[13 85]	[ 6 80]
[13 80]	[ 6 78]
[13 85]	[ 6 85]
[13 80]	[ 6 78]
[13 85]	[ 6 87]
[13 80]	[ 6 78]
[13 85]	[ 6 85]
[13 85]	[12 78]
[13 85]	[12 83]
[13 85]	[12 85]
[13 83]	[12 87]
[13 85]	[ 6 83]
[13 83]	[ 6 82]
[13 80]	[ 6 83]
[13 78]	[ 6 85]
[13 80]	[ 5 82]
[13 78]	[ 5 80]
[13 80]	[ 5 78]
[12 82]	[ 5 80]
[12 80]	[12 82]
[12 78]	[12 83]
[12 75]	[12 78]
[-1 -1]	[12 75]
[13 75]	[13 71]
[13 73]	[13 73]
[13 73]	[13 73]
[13 73]	[13 80]
[13 75]	[12 80]
[13 73]	[12 75]
[13 73]	[12 76]
[13 73]	[13 75]
[13 80]	[13 73]
[13 85]	[13 73]
[13 85]	[13 80]
[13 85]	[13 83]
[13 83]	[13 85]
[13 80]	[ 6 83]
[13 80]	[ 6 80]
[13 78]	[ 6 82]
[13 80]	[13 78]
[13 85]	[13 80]
[13 85]	[13 80]
[13 85]	[13 85]
[13 85]	[13 85]
[13 80]	[ 5 85]
[13 78]	[ 5 83]
[13 76]	[ 5 80]
[13 75]	[ 5 80]
[13 73]	[ 5 78]
[13 73]	[12 76]
[13 73]	[12 75]
[13 73]	[12 71]
[13 73]	[13 71]
[13 76]	[13 73]
[13 75]	[12 80]
[13 73]	[ 5 78]
[13 73]	[12 76]
[13 73]	[12 75]
[13 73]	[12 73]
[-1 -1]	[13 71]
[13 71]	[ 8 73]
[13 73]	[13 68]
[13 73]	[13 68]
[13 75]	[13 73]
[13 73]	[13 75]
[13 73]	[ 8 76]
[13 73]	[ 8 75]
[13 73]	[ 8 73]
[13 73]	[ 8 72]
[13 73]	[13 68]
[13 73]	[13 73]
[13 75]	[13 73]
[13 76]	[13 73]
[13 78]	[13 76]
[13 76]	[13 79]
[13 75]	[13 80]
[13 73]	[13 78]
[13 73]	[13 76]
[13 80]	[13 75]
[13 78]	[13 73]
[13 80]	[13 79]
[13 85]	[13 80]
[13 80]	[13  0]
[13 78]	[13 83]
[13 80]	[13 82]
[13 78]	[13 80]
[13 80]	[13 79]
[13 85]	[13 80]
[13 85]	[13 82]
[13 85]	[13 83]
[13 80]	[13 85]
[13 78]	[13 83]
[13 80]	[13 82]
[13 78]	[13 80]
[13 80]	[13 79]
[13 85]	[13 80]
[13 80]	[13 82]
[13 78]	[13 83]
[13 80]	[13 82]
[13 78]	[13 80]
[13 76]	[13 78]
[13 78]	[ 3 76]
[13 80]	[ 3 75]
[13 78]	[ 3 76]
[13 80]	[ 3 79]
[13 80]	[ 8 80]
[13 78]	[ 8 80]
[13 75]	[ 8 78]
[13 73]	[ 8 76]
[13 73]	[ 8 76]
[13 73]	[ 8 75]
[13 73]	[13 73]
[13 73]	[12 73]
[13 80]	[ 5 71]
[13 78]	[ 5 80]
[13 80]	[ 5 79]
[13 85]	[ 5 80]
[13 83]	[ 5 82]
[13 85]	[ 5 83]
[13 85]	[ 5 82]
[13 85]	[ 5 83]
[13 85]	[ 5 85]
[13 85]	[ 5 86]
[13 83]	[ 5 85]
[13 85]	[ 5 83]
[13 85]	[ 5 82]
[13 85]	[ 5 83]
[13 83]	[ 5 85]
[13 80]	[ 5 83]
[13 78]	[ 5 82]
[13 80]	[ 5 81]
[13 78]	[ 5 80]
[13 80]	[ 5 78]
[13 80]	[ 5 76]
[13 78]	[ 5 80]
[13 80]	[ 5 79]
[13 85]	[ 5 80]
[13 83]	[ 5 82]
[13 85]	[ 5 83]
[13 85]	[ 5 82]
[13 85]	[ 5 83]
[13 85]	[ 5 85]
[13 85]	[ 5 86]
[13 80]	[ 5 85]
[13 78]	[ 5 83]
[13 80]	[ 5 82]
[13 85]	[ 5 80]
[13 85]	[ 5 82]
[13 83]	[ 5 83]
[13 80]	[ 5 83]
[13 78]	[ 5 80]
[13 80]	[ 5 79]
[13 85]	[ 5 80]
[13 83]	[ 5 82]
[13 85]	[ 5 83]
[13 85]	[ 5 82]
[13 85]	[ 5 83]
[13 85]	[ 5 85]
[13 85]	[ 5 86]
[13 83]	[ 5 85]
[13 85]	[ 5 83]
[13 85]	[ 5 82]
[13 85]	[ 5 83]
[13 83]	[ 5 85]
[13 80]	[ 5 83]
[13 78]	[ 5 82]
[13 80]	[ 5 81]
[13 78]	[ 5 80]
[13 80]	[ 5 78]
[13 78]	[12 76]
[13 80]	[12 78]
[13 85]	[12 80]
[13 80]	[12 81]
[13 78]	[12 83]
[13 80]	[12 80]
[13 78]	[12 76]
[13 80]	[12 82]
[13 78]	[12 80]
[13 80]	[ 5 78]
[13 80]	[ 8 76]
[13 78]	[13 80]
[13 75]	[13 79]
[13 73]	[13 80]
[13 73]	[13 76]
[13 73]	[ 8 80]
[13 73]	[ 8 75]
[13 73]	[ 8 80]
[13 73]	[ 8 72]
[13 80]	[13 80]
[13 85]	[13 73]
[13 83]	[13 85]
[13 80]	[13 84]
[13 80]	[13 85]
[13 78]	[13 81]
[13 80]	[ 1 85]
[13 78]	[ 1 80]
[13 80]	[ 1 85]
[13 80]	[ 1 77]
[13 85]	[18 85]
[13 87]	[18 78]
[13 85]	[13 85]
[13 85]	[13 88]
[13 83]	[ 8 85]
[13 80]	[ 8 84]
[13 80]	[19 80]
[13 78]	[19 81]
[13 76]	[13 78]
[13 75]	[13 80]
[13 73]	[13 80]
[13 73]	[13 76]
[13 75]	[ 3 73]
[13 76]	[ 3 75]
[13 78]	[ 3 76]
[13 80]	[ 3 79]
[13 80]	[ 8 80]
[13 78]	[ 8 80]
[13 75]	[ 8 78]
[13 73]	[ 8 76]
[13 73]	[ 8 76]
[-1 -1]	[ 8 75]
[13 75]	[13 73]
[13 73]	[13 80]
[13 73]	[13 76]
[13 75]	[13 73]
[13 76]	[13 75]
[13 78]	[13 76]
[13 80]	[13 75]
[13 85]	[13 76]
[13 87]	[ 5 78]
[13 85]	[ 5 80]
[13 85]	[ 5 88]
[13 83]	[ 5 80]
[13 80]	[ 5 87]
[13 78]	[ 5 80]
[13 76]	[ 5 85]
[13 75]	[13 80]
[13 73]	[13 80]
[13 73]	[13 76]
[13 75]	[13 73]
[13 73]	[13 75]
[13 76]	[13 76]
[13 75]	[13 80]
[13 73]	[13 78]
[13 73]	[12 76]
[13 73]	[12 75]
[13 80]	[12 73]
[13 73]	[12 71]
[13 73]	[12 78]
[13 73]	[12 71]
[13 80]	[12 80]
[13 73]	[12 71]
[13 73]	[12 78]
[13 73]	[13 75]
[13 73]	[13 73]
[13 73]	[13 71]
[13 75]	[13 73]
[13 76]	[13 75]
[13 78]	[13 76]
[13 80]	[13 75]
[13 85]	[13 76]
[13 87]	[ 5 78]
[13 85]	[ 5 80]
[13 85]	[ 5 88]
[13 83]	[ 5 80]
[13 85]	[ 5 87]
[13 83]	[ 5 80]
[13 85]	[ 5 85]
[13 85]	[12 82]
[13 85]	[12 83]
[13 83]	[12 85]
[13 85]	[ 6 83]
[13 85]	[ 6 82]
[13 83]	[12 85]
[12 80]	[12 83]
[12 78]	[12 80]
[12 75]	[12 78]
[12 78]	[12 75]
[12 80]	[12 71]
[12 78]	[12 75]
[13 75]	[12 78]
[13 73]	[13 75]
[13 73]	[13 76]
[13 73]	[13 73]
[13 80]	[13 73]
[13 85]	[13 80]
[13 83]	[13 85]
[13 85]	[13 85]
[13 85]	[13 80]
[13 83]	[13 85]
[13 85]	[13 85]
[13 85]	[13 80]
[13 85]	[13 85]
[13 85]	[13 85]
[13 85]	[13 87]
[13 83]	[13 85]
[13 85]	[13 83]
[13 85]	[13 80]
[13 80]	[12 85]
[13 80]	[12 83]
[13 85]	[12 78]
[13 80]	[ 6 78]
[13 80]	[ 6 85]
[13 85]	[ 6 78]
[13 85]	[ 6 82]
[13 85]	[12 85]
[13 85]	[12 83]
[13 83]	[12 85]
[13 85]	[ 6 83]
[13 85]	[ 6 82]
[13 83]	[12 85]
[13 80]	[12 83]
[13 73]	[12 80]
[13 73]	[12 78]
[13 73]	[13 75]
[13 73]	[13 73]
[13 73]	[13 71]
[13 75]	[13 73]
[13 76]	[13 75]
[13 78]	[13 76]
[13 80]	[13 75]
[13 85]	[13 76]
[13 87]	[ 5 78]
[13 85]	[ 5 80]
[13 85]	[ 5 88]
[13 83]	[ 5 80]
[13 85]	[ 5 87]
[13 83]	[ 5 80]
[13 85]	[ 5 85]
[13 85]	[12 82]
[13 85]	[12 83]
[13 83]	[12 85]
[13 85]	[ 6 83]
[13 85]	[ 6 82]
[13 83]	[12 85]
[12 80]	[12 83]
[12 78]	[12 80]
[12 75]	[12 78]
[12 78]	[12 76]
[12 80]	[12 71]
[12 78]	[12 75]
[13 75]	[12 78]
[13 73]	[13 75]
[-1 -1]	[13 76]
[13 61]	[-1 73]
[13 61]	[-1 68]
[13 61]	[13 64]
[13 61]	[13 61]
[13 61]	[13 64]
[13 61]	[13 61]
[12 71]	[13 68]
[12 68]	[13 64]
[12 71]	[ 6 68]
[12 71]	[ 6 66]
[12 68]	[ 6 68]
[13 66]	[ 6 70]
[13 68]	[ 6 66]
[13 66]	[ 6 68]
[13 68]	[ 6 70]
[13 61]	[ 6 68]
[13 61]	[13 66]
[13 61]	[13 61]
[13 61]	[13 61]
[13 61]	[13 64]
[13 61]	[13 61]
[13 61]	[13 68]
[13 61]	[13 61]
[12 68]	[13 64]
[12 66]	[ 6 61]
[12 68]	[ 6 66]
[13 66]	[ 6 64]
[13 68]	[ 6 66]
[13 61]	[ 8 68]
[13 61]	[ 8 66]
[13 61]	[ 8 64]
[13 61]	[ 8 63]
[13 61]	[13 64]
[13 61]	[13 61]
[13 61]	[13 64]
[13 61]	[13 61]
[12 71]	[13 68]
[12 68]	[13 64]
[12 71]	[ 6 68]
[12 71]	[ 6 66]
[12 68]	[ 6 68]
[13 66]	[ 6 70]
[13 68]	[ 6 66]
[13 66]	[ 6 68]
[13 68]	[ 6 70]
[13 73]	[ 6 68]
[13 73]	[13 66]
[13 75]	[13 68]
[13 73]	[13 73]
[13 73]	[13 76]
[13 73]	[13 73]
[13 73]	[13 75]
[13 73]	[13 73]
[13 73]	[13 71]
[13 73]	[12 68]
[13 73]	[12 71]
[13 73]	[12 73]
[13 73]	[12 75]
[13 73]	[13 71]
[13 73]	[13 73]
[13 73]	[13  0]
[13 73]	[13 61]
[13 73]	[13 64]
[13 75]	[13 68]
[13 73]	[13 73]
[13 73]	[13 76]
[13 75]	[13 73]
[13 73]	[13 75]
[13 80]	[13 76]
[13 78]	[13 80]
[13 76]	[13 79]
[13 75]	[13 80]
[13 73]	[13 75]
[13 73]	[13 76]
[13 73]	[13 75]
[13 73]	[13 73]
[13 73]	[13 68]
[13 73]	[13 61]
[13 73]	[13 64]
[13 75]	[13 68]
[13 73]	[13 73]
[13 73]	[13 76]
[13 75]	[13 73]
[13 76]	[13 75]
[13 73]	[12 76]
[13 73]	[12 78]
[13 73]	[12 75]
[13 73]	[12 73]
[13 73]	[20 75]
[13 73]	[20 71]
[13 73]	[20 71]
[13 73]	[13 68]
[13 73]	[13 61]
[13 73]	[13 64]
[13 75]	[13 68]
[13 73]	[13 73]
[13 73]	[13 76]
[13 75]	[13 73]
[13 73]	[13 75]
[13 80]	[13 76]
[13 78]	[13 80]
[13 76]	[13 79]
[13 75]	[13 80]
[13 73]	[13 75]
[13 73]	[13 76]
[13 75]	[13 75]
[13 73]	[13 73]
[13 73]	[12 76]
[13 73]	[12 75]
[13 75]	[12 73]
[13 76]	[12 75]
[13 75]	[12 76]
[13 73]	[12 78]
[13 73]	[12 76]
[13 73]	[12 75]
[13 73]	[12 71]
[13 73]	[12 73]
[13 73]	[12 68]
[13 73]	[12 64]
[13 73]	[ 1 68]
[13 73]	[ 1 61]
[13 73]	[1 0]
[13 73]	[ 1 73]
[13 71]	[ 1 68]
[13 68]	[ 1 64]
[-1 -1]	[13 68]
[13 80]	[13 61]
[13 73]	[13 85]
[13 73]	[13 85]
[13 75]	[13 73]
[13 73]	[13 75]
[13 75]	[13 76]
[13 76]	[13 75]
[13 78]	[13 76]
[13 80]	[13 78]
[13 78]	[13 80]
[13 80]	[13 78]
[13 85]	[13 80]
[13 85]	[12 82]
[13 73]	[12 83]
[13 73]	[12 83]
[13 73]	[12 71]
[13 80]	[12 73]
[13 85]	[12 75]
[13 83]	[12 78]
[13 80]	[12 83]
[13 73]	[12 80]
[13 73]	[12 78]
[13 73]	[12 75]
[13 80]	[12 73]
[13 80]	[13 71]
[13 73]	[13 85]
[13 73]	[13 85]
[13 75]	[13 73]
[13 73]	[13 75]
[13 75]	[13 76]
[13 76]	[13 75]
[13 78]	[13 76]
[13 80]	[13 78]
[13 78]	[13 80]
[13 80]	[13 78]
[13 85]	[13 80]
[13 80]	[12 82]
[13 78]	[12 83]
[13 80]	[12 82]
[13 78]	[12 80]
[13 76]	[ 8 78]
[13 75]	[ 8 80]
[13 73]	[ 8 78]
[13 73]	[ 8 76]
[13 80]	[13 75]
[13 85]	[13 73]
[13 85]	[13 85]
[13 83]	[13 85]
[13 85]	[13 83]
[13 85]	[13 80]
[13 85]	[13 85]
[13 83]	[13 85]
[13 85]	[13 83]
[13 85]	[13 80]
[13 85]	[13 83]
[13 87]	[13 85]
[13 85]	[13 87]
[13 85]	[13 88]
[13 85]	[13 87]
[13 80]	[13 85]
[13 85]	[12 83]
[13 85]	[12 78]
[13 83]	[12 83]
[13 80]	[12 83]
[13 85]	[12 80]
[13 85]	[12 78]
[13 85]	[12 80]
[13 85]	[12 83]
[13 85]	[12 85]
[13 85]	[12 87]
[13 85]	[12 85]
[13 85]	[12 83]
[13 83]	[13 87]
[13 85]	[13 85]
[13 83]	[12 80]
[13 85]	[12 88]
[13 83]	[ 9 80]
[13 85]	[ 9 90]
[13 85]	[ 8 80]
[13 87]	[ 8 92]
[13 85]	[18 90]
[13 85]	[18 88]
[13 85]	[18 87]
[13 83]	[18 85]
[13 80]	[ 8 83]
[13 85]	[ 8 80]
[13 85]	[ 8 78]
[13 87]	[ 8 80]
[-1 -1]	[13 84]
[13 75]	[13 85]
[13 73]	[13 68]
[13 73]	[13 73]
[13 73]	[13 73]
[13 73]	[13 75]
[13 73]	[13 71]
[13 73]	[13 73]
[13 73]	[13 71]
[13 73]	[13 68]
[13 73]	[13 73]
[13 73]	[13 73]
[13 75]	[13 75]
[12 73]	[13 71]
[12 71]	[13 73]
[12 73]	[12 71]
[12 75]	[12 66]
[12 78]	[12 71]
[12 75]	[12 71]
[12 71]	[12 75]
[12 75]	[12 71]
[12 71]	[12 73]
[12 73]	[12 71]
[12 75]	[12 66]
[12 71]	[12 71]
[12 75]	[12 71]
[12 71]	[12 66]
[12 68]	[12 71]
[13 71]	[12 63]
[13 73]	[13 66]
[13 73]	[13 68]
[13 73]	[13 73]
[13 73]	[13 73]
[13 73]	[13 75]
[13 73]	[13 71]
[13 73]	[13 73]
[13 73]	[13 71]
[13 73]	[13 68]
[13 73]	[13 73]
[13 73]	[12 73]
[13 73]	[12 75]
[13 80]	[12 73]
[13 85]	[12 75]
[13 85]	[20 78]
[13 85]	[20 80]
[13 85]	[20 83]
[13 85]	[13 83]
[13 85]	[13 85]
[13 80]	[13 83]
[13 73]	[12 83]
[13 73]	[12 78]
[13 73]	[12 75]
[13 73]	[12 71]
[13 73]	[13 75]
[13 73]	[13 73]
[13 73]	[13 71]
[13 80]	[13 73]
[13 73]	[ 6 75]
[13 73]	[ 6 78]
[13 73]	[ 6 75]
[13 73]	[ 6 73]
[13 73]	[12 75]
[13 73]	[12 71]
[13 80]	[12 75]
[13 73]	[12 71]
[13 73]	[12 78]
[13 73]	[12 71]
[13 73]	[12 75]
[13 73]	[13 71]
[13 80]	[13 73]
[13 78]	[ 6 75]
[13 80]	[ 6 78]
[13 85]	[ 6 75]
[13 85]	[20 78]
[13 83]	[20 80]
[13 85]	[20 83]
[13 85]	[20 82]
[13 83]	[12 85]
[13 80]	[12 83]
[13 78]	[12 80]
[13 80]	[12 78]
[13 85]	[20 75]
[13 83]	[20 80]
[13 85]	[20 83]
[13 85]	[20 82]
[13 83]	[12 85]
[13 80]	[12 83]
[13 85]	[12 80]
[13 83]	[12 78]
[13 85]	[13 83]
[13 85]	[13 80]
[13 85]	[13 85]
[13 85]	[13 85]
[13 85]	[13 87]
[13 85]	[13 83]
[13 85]	[13 85]
[13 83]	[12 83]
[13 80]	[12 83]
[13 73]	[12 80]
[13 73]	[12 78]
[13 73]	[12 75]
[13 73]	[12 71]
[13 80]	[12 73]
[13 78]	[12 75]
[13 80]	[13 78]
[13 85]	[13 80]
[13 85]	[13 85]
[13 85]	[13 85]
[13 85]	[13 87]
[13 85]	[13 83]
[13 85]	[13 85]
[13 83]	[20 83]
[13 80]	[20 83]
[13 85]	[20 80]
[13 85]	[20 78]
[13 83]	[12 80]
[13 85]	[12 83]
[13 85]	[12 80]
[13 85]	[13 83]
[13 83]	[13 85]
[13 80]	[13 87]
[13 85]	[13 85]
[13 85]	[20 82]
[13 85]	[20 83]
[13 83]	[20 85]
[13 80]	[20 83]
[13 80]	[ 6 80]
[13 73]	[ 6 78]
[13 73]	[ 6 78]
[13 73]	[12 75]
[13 73]	[12 71]
[13 80]	[12 73]
[13 78]	[12 75]
[13 80]	[13 78]
[13 80]	[13 80]
[13 78]	[13 73]
[13 80]	[13 85]
[12 82]	[13 80]
[12 83]	[13 82]
[12 80]	[13 83]
[12 78]	[12 80]
[12 75]	[12 78]
[12 73]	[12 75]
[-1 -1]	[12 71]
[13 75]	[-1 75]
[13 73]	[13 75]
[13 73]	[13 73]
[13 75]	[13 73]
[13 76]	[13 73]
[13 73]	[13 76]
[13 73]	[13 78]
[13 75]	[13 80]
[13 73]	[13 73]
[13 73]	[13 76]
[13 80]	[12 73]
[13 85]	[12 75]
[13 83]	[12 78]
[13 80]	[12 83]
[13 73]	[12 80]
[13 73]	[12 78]
[13 73]	[12 76]
[13 73]	[12 75]
[13 73]	[12 73]
[13 73]	[12 71]
[13 73]	[13 75]
[13 73]	[13 73]
[13 73]	[13 73]
[13 80]	[13 73]
[13 85]	[13 76]
[13 87]	[ 5 78]
[13 85]	[ 5 80]
[13 85]	[ 5 88]
[13 85]	[ 5 87]
[13 80]	[12 85]
[13 78]	[12 83]
[13 80]	[12 82]
[13 80]	[12 80]
[13 73]	[12 78]
[13 75]	[12 83]
[13 73]	[13 75]
[13 73]	[13 76]
[13 85]	[13 73]
[13 87]	[13 73]
[13 85]	[13 87]
[13 85]	[13 88]
[13 85]	[12 85]
[13 85]	[12 87]
[13 83]	[13 83]
[13 85]	[13 87]
[13 85]	[13 80]
[13 85]	[12 85]
[13 85]	[12 83]
[13 85]	[12 83]
[13 80]	[12 85]
[13 78]	[12 83]
[13 80]	[12 82]
[13 73]	[12 80]
[13 73]	[12 78]
[13 80]	[12 71]
[13 85]	[12 75]
[13 85]	[13 78]
[13 85]	[13 88]
[13 85]	[12 85]
[13 85]	[12 87]
[13 85]	[13 92]
[13 83]	[13 87]
[13 85]	[13 83]
[13 85]	[13 80]
[13 80]	[12 85]
[13 78]	[12 83]
[13 80]	[12 82]
[13 80]	[12 80]
[13 73]	[12 78]
[13 75]	[12 83]
[13 73]	[13 75]
[13 73]	[13 76]
[13 85]	[13 73]
[13 87]	[13 73]
[13 85]	[13 87]
[13 85]	[13 88]
[13 85]	[12 85]
[13 85]	[12 87]
[13 83]	[13 83]
[13 85]	[13 87]
[13 85]	[13 80]
[13 85]	[12 85]
[13 85]	[12 83]
[13 85]	[12 83]
[13 80]	[12 85]
[13 78]	[12 83]
[13 80]	[12 82]
[13 73]	[12 80]
[13 73]	[12 78]
[13 80]	[12 71]
[13 85]	[12 75]
[13 85]	[13 78]
[13 85]	[13 88]
[13 85]	[12 85]
[13 85]	[12 87]
[13 85]	[13 92]
[13 83]	[13 85]
[13 85]	[13 87]
[13 85]	[13 80]
[13 80]	[12 85]
[13 78]	[12 83]
[13 80]	[12 82]
[13 80]	[12 80]
[13 73]	[12 78]
[13 75]	[12 83]
[13 73]	[13 75]
[13 73]	[13 76]
[-1 -1]	[13 73]
[13 75]	[13 73]
[13 73]	[13 80]
[13 73]	[13 73]
[13 73]	[12 73]
[13 73]	[12 75]
[13 73]	[12 73]
[13 73]	[13 73]
[13 73]	[13 80]
[13 73]	[13 73]
[13 73]	[20 73]
[13 80]	[20 73]
[13 73]	[20 75]
[13 73]	[13 78]
[13 73]	[13 80]
[13 73]	[13 73]
[13 73]	[13 73]
[13 73]	[13 75]
[13 80]	[13 73]
[13 73]	[12 75]
[13 73]	[12 78]
[13 73]	[12 75]
[13 73]	[12 71]
[13 80]	[12 71]
[13 73]	[12 75]
[13 73]	[13 78]
[13 73]	[13 80]
[13 73]	[13 73]
[13 73]	[13 73]
[13 73]	[13 75]
[13 73]	[13 73]
[13 73]	[13 73]
[13 73]	[13 80]
[13 73]	[13 73]
[13 73]	[13 73]
[13 73]	[13 73]
[13 73]	[13 71]
[13 73]	[20 68]
[13 73]	[20 71]
[13 80]	[20 73]
[13 78]	[20 75]
[13 80]	[20 78]
[13 73]	[12 80]
[13 73]	[12 78]
[13 73]	[12 75]
[13 80]	[13 73]
[13 85]	[13 73]
[13 85]	[13 85]
[13 85]	[13 87]
[13 83]	[12 85]
[13 80]	[12 83]
[13 73]	[12 80]
[13 73]	[12 78]
[13 73]	[12 75]
[13 73]	[12 71]
[13 80]	[12 71]
[13 85]	[12 75]
[13 85]	[13 78]
[13 85]	[13 85]
[13 85]	[13 87]
[13 83]	[20 85]
[13 80]	[20 83]
[13 78]	[12 80]
[13 80]	[12 78]
[13 78]	[12 75]
[13 80]	[12 78]
[13 85]	[13 80]
[13 85]	[13 85]
[13 85]	[13 87]
[13 83]	[12 85]
[13 80]	[12 83]
[13 73]	[12 80]
[13 73]	[12 78]
[13 73]	[12 75]
[13 73]	[12 71]
[13 73]	[12 73]
[13 73]	[12 71]
[13 73]	[20 68]
[13 73]	[20 71]
[13 80]	[20 73]
[13 78]	[20 75]
[13 80]	[20 78]
[13 73]	[12 80]
[13 73]	[12 78]
[-1 -1]	[12 75]
[13 73]	[-1 73]
[13 73]	[-1  0]
[13 75]	[-1 71]
[13 76]	[-1 75]
[13 80]	[18 76]
[13 78]	[18 78]
[13 80]	[18 78]
[13 78]	[18 80]
[13 75]	[18 78]
[13 76]	[18 80]
[13 76]	[18 76]
[13 75]	[18 78]
[13 73]	[18 78]
[13 73]	[18 76]
[13 75]	[18 80]
[13 73]	[24 76]
[13 80]	[24 76]
[13 73]	[24 75]
[13 73]	[24 78]
[13 73]	[24 74]
[13 75]	[24 74]
[13 73]	[24 73]
[13 73]	[24 76]
[13 73]	[13 75]
[13 73]	[13 73]
[13 80]	[13 85]
[13 85]	[13  0]
[13 85]	[13 82]
[13 85]	[18 83]
[13 85]	[18 85]
[13 83]	[ 5 85]
[13 85]	[ 5 83]
[13 83]	[ 5 82]
[13 80]	[ 5 83]
[13 78]	[18 80]
[13 76]	[18 78]
[13 75]	[18 76]
[13 76]	[18 75]
[13 73]	[18 76]
[13 73]	[18 78]
[13 75]	[18 80]
[13 73]	[24 76]
[13 73]	[24 76]
[13 73]	[24 74]
[13 73]	[24 75]
[13 73]	[13 73]
[13 73]	[13 73]
[13 75]	[13  0]
[13 76]	[13 75]
[13 80]	[18 76]
[13 78]	[18 78]
[13 80]	[18 78]
[13 78]	[18 80]
[13 75]	[18 78]
[13 76]	[18 80]
[13 73]	[18 76]
[13 76]	[18 78]
[13 75]	[18  0]
[13 73]	[18 78]
[13 73]	[18 76]
[13 75]	[18 80]
[13 73]	[24 76]
[13 80]	[24 76]
[13 73]	[24 75]
[13 73]	[24 78]
[13 73]	[18 74]
[13 75]	[18 74]
[13 76]	[18 73]
[-1 -1]	[18 76]
[13 71]	[13 75]
[13 73]	[13 68]
[13 75]	[13 68]
[13 73]	[13 76]
[13 73]	[20 76]
[13 73]	[13 75]
[13 73]	[13 73]
[13 73]	[15 71]
[13 75]	[13 70]
[13 73]	[13 68]
[13 73]	[20 76]
[13 73]	[13 75]
[13 73]	[13 73]
[13 73]	[13 73]
[13 75]	[13 68]
[13 73]	[13 73]
[13 73]	[20 76]
[13 73]	[20 75]
[13 68]	[ 5 73]
[-1 -1]	[ 5 71]
[13 75]	[ 8 70]
[13 73]	[ 8 85]
[13 73]	[ 8 73]
[13 73]	[ 8 73]
[13 73]	[ 8 73]
[13 73]	[ 8 73]
[13 73]	[ 8 80]
[13 73]	[ 8 73]
[13 73]	[ 8 73]
[13 73]	[ 8 73]
[13 73]	[ 8 73]
[13 73]	[ 8 85]
[13 73]	[ 8 73]
[13 73]	[ 8 73]
[13 85]	[ 8 73]
[13 83]	[ 8 73]
[13 85]	[ 8 83]
[13 80]	[ 8 82]
[13 73]	[ 8 83]
[13 73]	[ 8 85]
[13 73]	[ 8 73]
[13 73]	[ 8 73]
[13 73]	[ 8 73]
[13 80]	[ 8 73]
[12 82]	[ 8 80]
[12 83]	[ 8 78]
[12 80]	[ 8 77]
[12 78]	[ 8 80]
[12 75]	[ 8 78]
[12 78]	[ 8 75]
[12 80]	[ 8 71]
[13 78]	[ 8 75]
[13 80]	[ 8 78]
[13 85]	[ 8 80]
[13 80]	[ 8 82]
[13 73]	[ 8 83]
[13 73]	[ 8 85]
[13 73]	[ 8 73]
[13 73]	[ 8 73]
[13 73]	[ 8 73]
[13 73]	[ 8 73]
[13 73]	[ 8 80]
[13 73]	[ 8 73]
[13 73]	[ 8 73]
[13 73]	[ 8 73]
[13 73]	[ 8 73]
[13 73]	[ 8 85]
[13 73]	[ 8 73]
[13 73]	[ 8 73]
[13 85]	[ 8 73]
[13 83]	[ 8 73]
[13 85]	[ 8 83]
[13 85]	[ 8 82]
[13 83]	[ 8 83]
[13 80]	[ 8 85]
[13 78]	[ 8 82]
[13 80]	[ 8 82]
[13 85]	[ 8 80]
[13 85]	[ 8 82]
[13 83]	[ 8 85]
[12 80]	[ 8 83]
[12 78]	[ 8 80]
[12 75]	[ 8 78]
[12 78]	[ 8 75]
[12 80]	[ 8 71]
[12 78]	[ 8 75]
[12 80]	[ 8 78]
[12 78]	[ 8 80]
[12 80]	[ 8 82]
[12 78]	[ 8 83]
[12 75]	[ 8 78]
[12 78]	[ 8 75]
[12 80]	[ 8 71]
[12 78]	[ 8 75]
[12 80]	[ 8 78]
[12 78]	[ 8 76]
[13 75]	[10 78]
[13 73]	[10 80]
[13 73]	[10 76]
[13 73]	[10 80]
[13 75]	[10 73]
[13 76]	[10 80]
[13 78]	[10 76]
[13 80]	[10 80]
[13 78]	[10 80]
[13 80]	[10 78]
[13 85]	[10 80]
[13 83]	[10 82]
[13 85]	[10 83]
[13 83]	[10 82]
[13 80]	[10 83]
[13 78]	[10 80]
[13 80]	[10 76]
[13 78]	[10 80]
[13 80]	[10 73]
[13 78]	[10 80]
[12 80]	[10 76]
[12 78]	[10 80]
[12 80]	[10 78]
[12 78]	[10 75]
[12 80]	[10 78]
[12 78]	[10 71]
[12 80]	[10 78]
[13 78]	[10 75]
[13 80]	[10 78]
[13 78]	[10 80]
[13 80]	[10 80]
[13 78]	[10 80]
[13 80]	[10 80]
[13 80]	[10 80]
[13 78]	[10 80]
[13 80]	[10 78]
[13 85]	[10 80]
[13 83]	[10 82]
[13 85]	[10 83]
[13 85]	[10 82]
[13 83]	[10 83]
[13 80]	[10 85]
[13 78]	[10 82]
[13 80]	[10 82]
[13 85]	[10 80]
[13 85]	[10 82]
[13 83]	[10 85]
[12 80]	[10 83]
[12 78]	[10 80]
[12 75]	[10 78]
[12 78]	[10 75]
[12 80]	[10 71]
[12 78]	[10 75]
[12 83]	[10 78]
[12 80]	[10 76]
[12 78]	[10 78]
[12 75]	[10 78]
[12 78]	[10 75]
[13 75]	[10 71]
[13 73]	[10 75]
[13 73]	[10 78]
[13 73]	[10  0]
[13 80]	[12  0]
[13 85]	[12  0]
[13 85]	[12 85]
[13 85]	[12 85]
[13 85]	[12 85]
[13 85]	[12 85]
[13 85]	[12 92]
[13 85]	[12 85]
[13 85]	[12 85]
[13 85]	[12 85]
[13 85]	[12 85]
[13 87]	[12 85]
[13 85]	[12 85]
[13 85]	[12 88]
[13 85]	[12 85]
[13 85]	[12 92]
[13 85]	[12 85]
[13 85]	[12 85]
[13 85]	[12 85]
[13 85]	[12 85]
[13 85]	[12 83]
[13 85]	[12 83]
[13 85]	[12 83]
[13 85]	[12 83]
[13 85]	[12 87]
[13 85]	[12 83]
[13 85]	[12 83]
[13 85]	[12 83]
[13 85]	[12 87]
[13 85]	[12 84]
[13 85]	[12 84]
[13 85]	[12 83]
[13 85]	[12 87]
[13 85]	[12 83]
[13 85]	[12 83]
[13 85]	[12 83]
[13 85]	[12 83]
[13 85]	[12 85]
[13 85]	[12 85]
[13 85]	[12 85]
[13 85]	[12 85]
[13 85]	[12 92]
[13 85]	[12 85]
[13 85]	[12 85]
[13 85]	[12 85]
[13 85]	[12 85]
[13 87]	[12 85]
[13 85]	[12 85]
[13 85]	[12 88]
[13 85]	[12 85]
[13 85]	[12 92]
[13 85]	[12 85]
[13 85]	[12 85]
[13 85]	[12 85]
[13 85]	[12 85]
[13 85]	[12 83]
[13 85]	[12 83]
[13 85]	[12 83]
[13 85]	[12 83]
[13 85]	[12 87]
[13 85]	[12 83]
[13 85]	[12 83]
[13 85]	[12 83]
[13 85]	[12 87]
[13 85]	[12 84]
[13 85]	[12 84]
[13 85]	[12 83]
[13 85]	[12 83]
[13 85]	[12  0]
[13 85]	[12  0]
[13 85]	[12  0]
[13 85]	[12  0]
[13 85]	[12 92]
[13 85]	[12 85]
[13 85]	[12 85]
[13 85]	[12 85]
[13 85]	[12 85]
[13 87]	[12 85]
[13 85]	[12 85]
[13 85]	[12 88]
[13 85]	[12 85]
[13 85]	[12 92]
[13 85]	[12 85]
[13 85]	[12 85]
[13 85]	[12 85]
[13 85]	[12 85]
[13 85]	[12 84]
[13 85]	[12 83]
[13 85]	[12 83]
[13 85]	[12 83]
[13 85]	[12 87]
[13 85]	[12 83]
[13 85]	[12 83]
[13 85]	[12 83]
[13 85]	[12 87]
[13 85]	[12 84]
[13 85]	[12 84]
[13 85]	[12 83]
[13 85]	[12 87]
[13 85]	[12 83]
[13 85]	[12 83]
[13 85]	[12 83]
[13 85]	[12 83]
[13 85]	[12 85]
[13 85]	[12 85]
[13 85]	[12 85]
[13 85]	[12 85]
[13 85]	[12 92]
[13 85]	[12 85]
[13 85]	[12 85]
[13 85]	[12 85]
[13 85]	[12 85]
[13 87]	[12 85]
[13 85]	[12 85]
[13 85]	[12 88]
[13 85]	[12 85]
[13 85]	[12 92]
[13 85]	[12 85]
[13 85]	[12 85]
[13 85]	[12 85]
[13 85]	[12 85]
[13 85]	[12 84]
[13 85]	[12 83]
[13 85]	[12 83]
[13 85]	[12 83]
[13 85]	[12 87]
[13 85]	[12 83]
[13 85]	[12 83]
[13 85]	[12 83]
[13 85]	[12 87]
[13 85]	[12 84]
[13 85]	[12 84]
[13 85]	[12 83]
[13 85]	[12 83]
[13 85]	[12  0]
[13 83]	[1 0]
[13 85]	[ 1 92]
[13 87]	[ 1 80]
[13 85]	[ 1 80]
[13 83]	[ 1 88]
[13 80]	[ 1 80]
[13 78]	[ 1 80]
[13 80]	[ 1 85]
[13 85]	[ 1 80]
[13 83]	[ 1 80]
[13 85]	[ 1 83]
[13 83]	[ 1 82]
[13 80]	[ 1 83]
[13 78]	[ 1 80]
[13 80]	[ 1 76]
[13 78]	[ 1 80]
[13 80]	[ 1 73]
[13 78]	[ 1 80]
[12 80]	[ 1 76]
[12 78]	[ 1 80]
[12 80]	[ 1 78]
[12 78]	[ 1 75]
[12 80]	[ 1 78]
[12 78]	[ 1 71]
[12 80]	[ 1 78]
[13 78]	[ 1 75]
[13 80]	[10 78]
[13 78]	[10 80]
[13 80]	[10 80]
[13 78]	[10 80]
[13 80]	[10 80]
[13 80]	[10 80]
[13 78]	[10 80]
[13 80]	[10 78]
[13 85]	[10 80]
[13 83]	[10 82]
[13 85]	[10 83]
[13 85]	[10 82]
[13 83]	[10 83]
[13 80]	[10 85]
[13 78]	[10 82]
[13 80]	[10 82]
[13 85]	[10 80]
[13 85]	[10 82]
[13 83]	[10 85]
[12 80]	[10 83]
[12 78]	[10 80]
[12 75]	[10 78]
[12 78]	[10 75]
[12 80]	[10 71]
[13 78]	[10 75]
[13 80]	[10 78]
[13 80]	[10 76]
[13 78]	[10 78]
[13 75]	[10 78]
[13 73]	[10 80]
[13 73]	[10 76]
[13 73]	[10 80]
[13 75]	[10 73]
[13 76]	[10 80]
[13 78]	[10 76]
[13 80]	[10 80]
[13 78]	[10 80]
[13 80]	[10 78]
[13 85]	[10 80]
[13 83]	[10 82]
[13 85]	[10 83]
[13 83]	[10 82]
[13 80]	[10 83]
[13 78]	[10 80]
[13 80]	[10 76]
[13 78]	[10 80]
[13 80]	[10 73]
[13 78]	[10 80]
[12 80]	[10 76]
[12 78]	[10 80]
[12 80]	[10 78]
[12 78]	[10 75]
[12 80]	[10 78]
[12 78]	[10 71]
[12 80]	[10 78]
[13 78]	[10 75]
[13 80]	[10 78]
[13 78]	[10 80]
[13 80]	[10 80]
[13 78]	[10 80]
[13 80]	[10 80]
[13 80]	[10 80]
[13 78]	[10 80]
[13 80]	[10 78]
[13 85]	[10 80]
[13 83]	[10 82]
[13 85]	[10 83]
[13 85]	[10 82]
[13 83]	[10 83]
[13 80]	[10 85]
[13 78]	[10 82]
[13 80]	[10 82]
[13 85]	[10 80]
[13 85]	[10 82]
[13 83]	[10 85]
[12 80]	[10 83]
[12 78]	[10 80]
[12 75]	[10 78]
[12 78]	[10 75]
[12 80]	[10 71]
[13 78]	[10 75]
[13 80]	[10 78]
[13 85]	[10 80]
[13 85]	[10 82]
[13 85]	[10 83]
[13 85]	[10 83]
[13 85]	[10 85]
[13 85]	[10 85]
[13 85]	[10 85]
[13 85]	[10 85]
[13 85]	[10 85]
[13 85]	[10 85]
[13 85]	[10 85]
[13 85]	[10 85]
[13 85]	[10 85]
[13 85]	[10 85]
[13 85]	[10 85]
[13 85]	[10 85]
[13 83]	[10 85]
[13 85]	[10 83]
[13 85]	[10 82]
[13 85]	[10 83]
[13 83]	[10 83]
[13 85]	[10 92]
[13 83]	[10 80]
[13 85]	[10 88]
[13 85]	[10 80]
[13 83]	[10 83]
[13 85]	[10 85]
[13 83]	[10 80]
[13 85]	[10 83]
[13 85]	[10 82]
[13 85]	[10 83]
[13 85]	[10 83]
[13 85]	[10 92]
[13 85]	[10 85]
[13 85]	[10 85]
[13 83]	[10 85]
[13 80]	[10 88]
[13 78]	[10 80]
[13 80]	[10 80]
[13 78]	[10 80]
[13 80]	[10 85]
[13 85]	[10 80]
[13 85]	[10 80]
[13 83]	[10 80]
[13 85]	[10 83]
[-1 -1]	[10 82]
[13 73]	[13 83]
[13 73]	[13 73]
[13 73]	[13 80]
[13 73]	[13 73]
[13 73]	[13 83]
[13 73]	[13 73]
[13 73]	[13 80]
[13 73]	[13 73]
[13 75]	[13 73]
[13 76]	[13 80]
[13 73]	[12 73]
[13 73]	[12 78]
[13 73]	[12 75]
[13 73]	[12 71]
[13 73]	[13 75]
[13 73]	[13 73]
[13 73]	[13 80]
[13 73]	[13 73]
[13 73]	[13 83]
[13 73]	[13 73]
[13 73]	[13 80]
[13 80]	[13 73]
[13 78]	[13 80]
[13 80]	[13 78]
[13 85]	[13 80]
[13 80]	[12 82]
[13 73]	[12 83]
[13 73]	[12 78]
[13 85]	[12 75]
[13 85]	[12 71]
[13 85]	[12 83]
[13 83]	[12 87]
[13 85]	[ 6 83]
[13 83]	[ 6 82]
[13 85]	[ 6 85]
[13 85]	[ 5 82]
[13 85]	[ 5 83]
[13 87]	[ 5 85]
[13 88]	[ 5 87]
[13 85]	[ 5 88]
[13 87]	[ 5 90]
[13 85]	[ 5 87]
[13 85]	[ 5 88]
[13 85]	[12 85]
[13 85]	[12 83]
[13 83]	[12 87]
[13 80]	[ 6 83]
[13 80]	[ 6 82]
[13 78]	[ 6 85]
[13 80]	[ 5 82]
[13 78]	[ 5 80]
[13 80]	[ 5 78]
[13 85]	[ 5 80]
[13 80]	[ 5 82]
[13 78]	[ 5 83]
[13 80]	[ 5 78]
[13 85]	[ 5 75]
[13 85]	[12 78]
[13 85]	[12 83]
[13 83]	[12 87]
[13 85]	[ 6 83]
[13 83]	[ 6 82]
[13 85]	[ 6 85]
[13 85]	[ 5 82]
[13 85]	[ 5 83]
[13 87]	[ 5 85]
[13 88]	[ 5 87]
[13 85]	[ 5 88]
[13 87]	[ 5 90]
[13 85]	[ 5 87]
[13 85]	[ 5 88]
[13 85]	[ 5 85]
[13 87]	[ 5 90]
[13 85]	[ 5 87]
[13 85]	[ 5 88]
[13 85]	[ 5 85]
[13 83]	[ 5 87]
[13 80]	[ 5 83]
[13 78]	[ 5 85]
[13 80]	[ 5 82]
[13 78]	[ 5 80]
[13 80]	[ 5 78]
[12 82]	[ 5 80]
