Accuracy: 0.3828538396549424

n_chords: 1
n_melody: 1
t_prior: 0.0
e_prior: 15.0
dataset: FolkWiki
keys: All
filter_train_set: True
filter_val_set: True

~ First 3000 predicted states ~
Predicted	True
[-1 -1]	[-1 -1]
[13 -1]	[-1 -1]
[13 80]	[-1 84]
[ 6 80]	[-1 80]
[ 8 82]	[-1 77]
[ 8 80]	[-1 82]
[ 8 78]	[-1 80]
[ 8 75]	[-1 79]
[ 8 72]	[-1 77]
[ 8 68]	[-1 76]
[ 8 68]	[-1 73]
[ 8 68]	[-1 72]
[ 8 68]	[-1 68]
[ 8 68]	[-1 72]
[ 8 68]	[-1 70]
[ 8 72]	[17 68]
[ 8 75]	[17 68]
[ 8 77]	[17 68]
[ 8 78]	[17 72]
[ 8 80]	[17 77]
[ 8 80]	[17 77]
[ 8 82]	[17 78]
[ 8 80]	[17 80]
[ 8 80]	[17 80]
[ 8 82]	[17 82]
[ 8 80]	[17 79]
[ 8 78]	[17 84]
[ 8 77]	[17 82]
[ 8 78]	[17 80]
[ 8 77]	[17 75]
[ 8 78]	[17 75]
[ 8 77]	[17 78]
[ 8 75]	[17 80]
[ 8 72]	[17 75]
[ 8 75]	[17 78]
[ 8 80]	[17 70]
[ 8 80]	[17 70]
[ 8 78]	[17 84]
[ 8 80]	[17 80]
[ 8 82]	[17 77]
[ 8 80]	[17 82]
[ 8 78]	[17 80]
[ 8 75]	[17 79]
[ 8 72]	[17 77]
[ 8 68]	[17 76]
[ 8 68]	[17 73]
[ 8 68]	[17 72]
[ 8 68]	[17 68]
[ 8 68]	[17 72]
[ 8 68]	[17 70]
[ 8 72]	[17 68]
[ 8 75]	[17 68]
[ 8 77]	[17 68]
[ 8 78]	[17 72]
[ 8 80]	[17 77]
[ 8 80]	[17 77]
[ 8 82]	[17 78]
[ 8 80]	[17 80]
[ 8 80]	[17 80]
[ 8 80]	[ 3 82]
[ 8 80]	[ 3 79]
[ 8 78]	[ 3 78]
[ 8 78]	[ 3 80]
[ 8 77]	[ 3 77]
[ 8 78]	[ 3 77]
[ 8 77]	[ 3 78]
[ 8 78]	[ 3 76]
[ 8 80]	[ 3 75]
[ 8 80]	[ 3 78]
[ 8 80]	[ 3 78]
[ 8 80]	[ 3 78]
[ 8 78]	[ 3 78]
[ 8 77]	[3 0]
[ 8 78]	[ 3 77]
[ 8 77]	[ 3 77]
[ 8 78]	[ 3 77]
[ 8 77]	[ 3 78]
[ 8 78]	[ 3 76]
[ 8 77]	[ 3 75]
[ 8 78]	[ 3 78]
[ 8 77]	[ 3 78]
[ 8 78]	[ 3 78]
[ 8 77]	[ 3 78]
[ 8 78]	[ 3 77]
[ 8 77]	[ 3 78]
[ 8 78]	[ 3 76]
[ 8 75]	[ 3 75]
[ 8 78]	[ 3 77]
[ 8 77]	[ 3 72]
[ 8 78]	[ 3 77]
[ 8 77]	[ 3 78]
[ 8 78]	[ 3 75]
[ 8 75]	[ 3 75]
[ 8 75]	[ 3 77]
[ 8 77]	[ 3 72]
[ 8 78]	[ 3 72]
[ 8 77]	[ 3 75]
[ 8 78]	[ 3 77]
[ 8 80]	[ 3 77]
[ 8 80]	[ 3 77]
[ 8 82]	[ 3 78]
[ 8 80]	[ 3 80]
[ 8 80]	[ 3 80]
[ 8 84]	[ 3 82]
[ 8 85]	[ 3 78]
[ 8 84]	[ 3 82]
[ 8 82]	[ 3 84]
[ 8 80]	[ 3 80]
[ 8 80]	[ 3 80]
[ 8 84]	[ 3 82]
[ 8 85]	[ 3 78]
[ 8 84]	[ 3 82]
[ 8 82]	[ 3 84]
[ 8 80]	[ 3 80]
[ 8 80]	[ 3 80]
[ 8 80]	[ 3 82]
[ 8 82]	[ 3 78]
[ 8 80]	[ 3 78]
[ 8 84]	[ 3 80]
[ 8 82]	[ 3 82]
[ 1 84]	[ 3 82]
[ 1 85]	[ 3 84]
[ 1 89]	[ 3 85]
[ 1 89]	[ 3 85]
[ 1 90]	[ 8 87]
[ 1 89]	[ 8 87]
[ 1 87]	[ 8 89]
[ 1 85]	[ 8 87]
[ 1 89]	[ 8 85]
[ 1 92]	[ 8 84]
[ 1 92]	[ 8 89]
[ 1 89]	[ 8 90]
[ 8 85]	[ 8 92]
[ 8 84]	[ 8 92]
[ 8 85]	[ 8 84]
[ 8 84]	[ 8 85]
[ 8 85]	[ 8 84]
[ 8 87]	[ 8 82]
[ 8 89]	[ 8 84]
[ 8 87]	[ 8 89]
[ 8 89]	[ 8 87]
[ 8 89]	[ 8 86]
[ 8 90]	[ 8 87]
[ 8 89]	[ 8 87]
[ 8 87]	[ 3 89]
[ 8 84]	[ 3 90]
[ 8 85]	[ 3 90]
[ 8 84]	[ 3 82]
[ 8 82]	[ 3 84]
[ 1 84]	[ 3 82]
[ 1 84]	[ 3 80]
[ 1 85]	[ 8 82]
[ 1 85]	[ 8 82]
[ 1 84]	[ 8 85]
[ 1 85]	[ 8 84]
[ 1 85]	[ 8 82]
[ 1 89]	[ 8 84]
[ 1 89]	[ 8 85]
[ 1 87]	[ 8 87]
[ 1 85]	[ 8 89]
[ 1 84]	[ 8 89]
[ 1 82]	[ 8 80]
[ 1 80]	[ 8 82]
[ 1 80]	[ 8 80]
[ 1 85]	[ 8 78]
[ 1 85]	[ 8 80]
[ 1 84]	[ 8 85]
[ 1 82]	[ 8 84]
[ 1 80]	[ 8 82]
[ 1 78]	[ 8 80]
[ 1 77]	[ 8 79]
[ 1 73]	[ 8 77]
[ 1 73]	[ 8 76]
[ 1 73]	[ 8 77]
[ 1 68]	[ 8 77]
[ 1 66]	[ 8 77]
[ 1 66]	[ 8 72]
[ 1 66]	[ 8 76]
[ 1 65]	[17 70]
[ 1 65]	[17 70]
[ 1 68]	[17 68]
[ 1 73]	[17 68]
[ 1 77]	[17 68]
[ 1 73]	[17 77]
[ 1 73]	[17 78]
[ 1 68]	[17 77]
[ 1 66]	[17 77]
[ 1 66]	[17 72]
[ 1 66]	[17 76]
[ 1 65]	[17 70]
[ 1 65]	[17 70]
[ 1 68]	[17 68]
[ 1 73]	[17 68]
[ 1 77]	[17 68]
[ 1 80]	[17  0]
[ 1 82]	[17 80]
[ 1 80]	[17 80]
[ 1 78]	[17 84]
[ 1 77]	[17 82]
[ 1 73]	[17 78]
[ 1 73]	[17 80]
[ 1 73]	[17 77]
[ 1 73]	[17 72]
[ 1 73]	[17 68]
[ 8 77]	[17 73]
[ 8 75]	[17 77]
[ 8 75]	[17 75]
[ 8 80]	[17 73]
[ 8 80]	[17 76]
[ 8 84]	[17 78]
[ 8 82]	[17 78]
[ 8 80]	[17 82]
[ 8 78]	[17 80]
[ 8 78]	[17 78]
[ 8 77]	[17 77]
[ 8 75]	[17 76]
[ 8 77]	[17 77]
[ 8 78]	[17 72]
[ 8 77]	[17 75]
[ 8 75]	[17 78]
[ 8 72]	[17 75]
[ 8 75]	[17 72]
[ 8 78]	[17 68]
[ 8 80]	[17 72]
[ 8 82]	[17 77]
[ 8 80]	[17 80]
[ 8 82]	[17 80]
[ 8 80]	[17 80]
[ 8 80]	[17 84]
[ 8 80]	[17 82]
[ 8 78]	[17 78]
[ 8 75]	[17 80]
[ 8 72]	[17 77]
[ 1 75]	[17 72]
[ 1 73]	[17 68]
[ 1 73]	[17 73]
[ 1 73]	[17 77]
[ 1 77]	[17 75]
[ 1 78]	[17 73]
[ 1 77]	[17 76]
[ 1 80]	[17 77]
[ 1 82]	[17 77]
[ 1 80]	[17 85]
[ 1 80]	[17 82]
[ 1 82]	[17 77]
[ 1 80]	[17 77]
[ 1 78]	[17 84]
[ 1 77]	[17 80]
[ 1 80]	[17 77]
[ 1 85]	[17 76]
[ 1 84]	[17 78]
[-1 -1]	[17 84]
[13 -1]	[ 1 82]
[13 80]	[ 1 89]
[13 80]	[ 1 92]
[13 80]	[ 1 89]
[13 80]	[ 1 85]
[13 85]	[ 1 80]
[13 84]	[ 1 77]
[ 8 85]	[ 1 80]
[ 8 84]	[ 6 85]
[ 8 84]	[ 6 84]
[ 8 84]	[ 6 82]
[ 8 85]	[ 6 82]
[ 8 87]	[ 8 82]
[ 8 85]	[ 8 87]
[ 8 84]	[ 8 90]
[ 8 82]	[ 8 87]
[ 1 84]	[ 8 84]
[ 1 85]	[ 8 80]
[ 1 85]	[ 8 82]
[ 1 89]	[ 1 84]
[ 1 92]	[ 1 85]
[ 1 92]	[ 1 87]
[ 1 92]	[ 1 89]
[ 1 90]	[ 1 90]
[ 1 89]	[ 1 92]
[ 1 85]	[ 1 89]
[ 1 84]	[ 1 92]
[ 1 82]	[ 1 89]
[ 1 80]	[ 1 85]
[ 1 82]	[ 1 80]
[ 1 80]	[ 1 77]
[ 8 85]	[ 1 80]
[ 8 84]	[ 6 85]
[ 8 84]	[ 6 84]
[ 8 84]	[ 6 82]
[ 8 87]	[ 6 82]
[ 8 89]	[ 8 82]
[ 8 87]	[ 8 87]
[ 8 85]	[ 8 90]
[ 8 84]	[ 8 87]
[ 8 84]	[ 8 84]
[ 8 85]	[ 8 80]
[ 8 84]	[ 8 82]
[ 8 84]	[ 1 84]
[ 8 85]	[ 1 85]
[ 8 84]	[ 1 85]
[ 8 87]	[ 1 85]
[ 8 89]	[ 1 82]
[ 8 90]	[ 8 84]
[ 8 89]	[ 8 87]
[ 8 90]	[ 8 87]
[ 8 89]	[ 8 87]
[ 8 87]	[ 8 89]
[ 8 85]	[ 8 87]
[ 8 84]	[ 8 85]
[ 8 85]	[ 8 84]
[ 8 84]	[ 8 84]
[ 8 84]	[ 8 84]
[ 8 85]	[ 8 87]
[ 8 84]	[ 8 85]
[ 8 84]	[ 3 84]
[ 8 84]	[ 3 82]
[ 8 84]	[ 3 82]
[ 8 85]	[ 3 82]
[ 8 84]	[ 3 85]
[ 8 82]	[ 3 84]
[ 8 94]	[ 8 82]
[ 8 92]	[ 8 80]
[ 8 90]	[ 8 92]
[ 8 89]	[ 8 90]
[ 8 87]	[ 8 89]
[ 8 85]	[ 8 87]
[ 8 87]	[ 8 85]
[ 8 89]	[ 8 84]
[ 8 90]	[ 8 85]
[ 8 89]	[ 8 87]
[ 8 90]	[ 8 87]
[ 8 89]	[ 8 87]
[ 8 87]	[ 8 89]
[ 8 85]	[ 8 87]
[ 8 84]	[ 8 85]
[ 8 85]	[ 8 84]
[ 8 84]	[ 8 84]
[ 8 84]	[ 8 84]
[ 8 85]	[ 8 87]
[ 8 84]	[ 8 85]
[ 8 84]	[ 3 84]
[ 8 84]	[ 3 82]
[ 8 84]	[ 3 82]
[ 8 85]	[ 3 82]
[ 8 84]	[ 3 85]
[ 8 84]	[ 3 84]
[ 8 84]	[ 8 82]
[-1 -1]	[ 8 82]
[13 -1]	[-1 82]
[13 80]	[-1 68]
[ 8 78]	[ 1 73]
[ 8 77]	[ 1 77]
[ 1 75]	[ 1 77]
[ 1 73]	[ 1 75]
[ 1 73]	[ 1 77]
[ 1 73]	[ 1 73]
[ 1 73]	[ 1 68]
[ 1 77]	[ 1 73]
[ 1 77]	[ 8 77]
[ 1 78]	[ 8 78]
[ 1 77]	[ 8 78]
[ 1 75]	[ 8 77]
[ 1 73]	[ 8 78]
[ 1 73]	[ 1 75]
[ 1 73]	[ 1 77]
[ 1 77]	[ 1 73]
[ 1 80]	[ 1 77]
[ 1 78]	[ 1 80]
[ 1 77]	[ 1 85]
[ 1 80]	[ 1 77]
[ 1 80]	[ 1 78]
[ 1 82]	[ 1 80]
[ 1 80]	[ 6 82]
[ 1 78]	[ 6 80]
[ 1 77]	[ 6 78]
[ 1 78]	[ 8 77]
[ 1 77]	[ 8 75]
[ 1 73]	[ 8 77]
[ 1 73]	[ 8 78]
[ 1 73]	[ 1 72]
[ 8 77]	[ 1 73]
[ 8 80]	[1 0]
[ 8 84]	[ 1 75]
[ 8 85]	[ 8 80]
[ 8 84]	[ 8 84]
[ 8 82]	[ 8 84]
[ 8 80]	[ 8 82]
[ 8 78]	[ 8 84]
[ 8 80]	[ 8 80]
[ 8 80]	[ 8 75]
[ 8 80]	[ 3 84]
[ 8 84]	[ 3 82]
[ 8 85]	[ 3 75]
[ 8 84]	[ 8 85]
[ 8 85]	[ 8 84]
[ 8 84]	[ 8 80]
[ 8 85]	[ 8 84]
[ 8 84]	[22 87]
[ 8 85]	[22 85]
[ 8 84]	[22 85]
[ 8 84]	[22 84]
[ 8 82]	[22 85]
[ 8 80]	[ 3 82]
[ 8 84]	[ 3 82]
[ 8 85]	[ 3 75]
[ 8 84]	[ 3 82]
[ 8 85]	[ 3 84]
[ 8 84]	[ 3 85]
[ 8 82]	[ 3 84]
[ 8 80]	[ 8 82]
[ 8 82]	[ 8 80]
[ 8 80]	[8 0]
[ 8 78]	[ 8 80]
[ 8 78]	[ 1 78]
[ 8 77]	[ 1 77]
[ 8 78]	[ 1 77]
[ 8 77]	[ 1 75]
[ 8 77]	[15 77]
[ 8 78]	[15 78]
[ 8 77]	[15 78]
[ 8 75]	[15 77]
[ 8 84]	[ 8 78]
[ 8 85]	[ 8 75]
[ 8 84]	[ 8 87]
[ 8 85]	[ 1 84]
[ 8 84]	[ 1 85]
[ 8 82]	[ 1 84]
[ 8 80]	[ 1 82]
[ 8 78]	[ 1 80]
[ 8 78]	[ 1 78]
[ 8 77]	[ 1 77]
[ 8 78]	[ 1 77]
[ 8 77]	[ 1 75]
[ 8 77]	[15 77]
[ 8 78]	[15 78]
[ 8 77]	[15 78]
[ 8 75]	[15 77]
[ 8 84]	[ 8 78]
[ 8 85]	[ 8 75]
[-1 -1]	[ 8 87]
[13 -1]	[-1 84]
[13 80]	[-1 68]
[13 80]	[ 2 68]
[ 6 80]	[ 2 73]
[ 1 78]	[ 2 73]
[ 1 77]	[ 2 78]
[ 1 75]	[ 2 77]
[ 1 73]	[ 2 73]
[ 1 73]	[ 2 73]
[ 1 77]	[ 2 75]
[ 1 73]	[ 2 75]
[ 1 68]	[ 2 78]
[ 1 65]	[ 2 77]
[ 1 65]	[ 8 70]
[ 1 68]	[ 8 68]
[ 1 68]	[ 8 68]
[ 1 65]	[ 8 73]
[ 1 65]	[ 8 72]
[ 1 65]	[ 8 68]
[ 1 65]	[ 8 66]
[ 1 68]	[ 2 68]
[ 1 73]	[ 2 65]
[ 1 68]	[ 2 65]
[ 1 65]	[ 2 75]
[ 1 65]	[ 2 73]
[ 1 68]	[ 2 65]
[ 1 73]	[ 2 68]
[ 1 77]	[ 2 68]
[ 1 73]	[ 2 73]
[ 1 73]	[ 2 78]
[ 1 73]	[ 2 77]
[ 1 73]	[ 2 73]
[ 1 77]	[ 2 73]
[ 1 73]	[ 2 75]
[ 1 68]	[ 2 78]
[ 1 65]	[ 2 77]
[ 1 65]	[ 8 70]
[ 1 68]	[ 8 68]
[ 1 68]	[ 8 68]
[ 1 65]	[ 8 73]
[ 1 65]	[ 8 72]
[ 1 65]	[ 8 68]
[ 1 65]	[ 8 66]
[ 1 65]	[ 2 68]
[ 1 65]	[ 2 65]
[ 1 65]	[ 2 65]
[ 1 65]	[ 2 68]
[ 1 65]	[ 2 65]
[ 1 65]	[ 2 65]
[ 1 68]	[ 2 65]
[ 1 73]	[ 2 68]
[ 1 73]	[ 2 73]
[ 1 73]	[ 2 73]
[ 1 77]	[ 2 73]
[ 1 73]	[ 2 75]
[ 1 73]	[ 2 78]
[ 1 73]	[ 2 77]
[ 1 73]	[ 2 77]
[ 1 77]	[ 2 77]
[ 1 80]	[ 2 77]
[ 1 77]	[ 2 80]
[ 1 78]	[ 2 80]
[ 1 77]	[ 2 78]
[ 1 73]	[ 2 77]
[ 1 73]	[ 2 75]
[ 1 77]	[ 2 72]
[ 1 73]	[ 2 75]
[ 1 68]	[ 2 78]
[ 1 65]	[ 2 77]
[ 1 65]	[ 2 73]
[ 1 65]	[ 2 68]
[ 1 68]	[ 2 65]
[ 1 73]	[ 2 68]
[ 1 73]	[ 2 73]
[ 1 73]	[ 2 73]
[ 1 77]	[ 2 73]
[ 1 73]	[ 2 75]
[ 1 73]	[ 2 78]
[ 1 73]	[ 2 77]
[ 1 73]	[ 2 77]
[ 8 77]	[ 2 77]
[ 8 77]	[ 2 77]
[ 8 78]	[ 2 75]
[ 8 77]	[ 2 75]
[ 8 77]	[ 2 77]
[ 8 75]	[ 2 78]
[ 8 72]	[ 2 75]
[ 1 75]	[ 2 72]
[ 1 73]	[ 2 75]
[ 1 73]	[ 2 77]
[ 1 73]	[ 2 77]
[ 1 73]	[ 2 68]
[ 1 73]	[ 2 77]
[ 1 73]	[ 2 77]
[ 1 68]	[ 2 77]
[ 1 65]	[ 2 77]
[ 1 65]	[ 2 73]
[ 1 65]	[ 2 68]
[ 1 68]	[ 2 65]
[ 1 68]	[ 2 68]
[ 1 65]	[ 8 73]
[ 1 65]	[ 8 72]
[ 1 65]	[ 8 68]
[ 1 65]	[ 2 66]
[ 1 68]	[ 2 65]
[ 1 73]	[ 2 68]
[ 1 68]	[ 2 73]
[ 1 65]	[ 2 77]
[ 1 65]	[ 2 73]
[ 1 65]	[ 2 68]
[ 1 68]	[ 2 65]
[ 1 68]	[ 2 68]
[ 1 65]	[ 8 73]
[ 1 65]	[ 8 72]
[ 1 65]	[ 8 68]
[ 1 68]	[ 2 66]
[ 1 73]	[ 2 65]
[ 1 68]	[ 2 65]
[ 1 68]	[ 2 77]
[ 1 73]	[ 2 65]
[-1 -1]	[ 2 65]
[13 -1]	[-1  0]
[13 80]	[13 87]
[ 8 85]	[13 88]
[ 8 84]	[13 87]
[ 8 82]	[13 84]
[ 8 80]	[13 85]
[ 8 82]	[13 80]
[ 8 80]	[13 80]
[ 8 82]	[ 6 80]
[ 8 80]	[ 6 82]
[13 76]	[ 6 80]
[13 75]	[ 8 78]
[13 76]	[ 8 80]
[13 73]	[13 76]
[13 72]	[13 73]
[13 73]	[13 72]
[13 75]	[13 73]
[13 76]	[13 75]
[18 78]	[13 76]
[18 80]	[ 5 78]
[ 8 81]	[ 5 80]
[ 8 80]	[ 5 83]
[ 8 82]	[ 6 82]
[ 8 80]	[ 6 78]
[ 8 80]	[ 3 80]
[ 8 84]	[ 8 82]
[ 8 85]	[ 8 80]
[ 8 84]	[13 87]
[ 8 85]	[13 88]
[ 8 84]	[ 8 87]
[ 8 82]	[13 84]
[ 8 80]	[ 1 85]
[ 8 82]	[ 1 80]
[ 8 80]	[ 1 80]
[ 8 82]	[ 6 80]
[ 8 80]	[ 6 82]
[13 76]	[ 6 80]
[13 75]	[ 8 78]
[13 76]	[ 8 80]
[13 73]	[13 76]
[13 72]	[13 73]
[13 73]	[13 72]
[13 75]	[13 73]
[13 76]	[13 75]
[13 80]	[13 76]
[13 85]	[18 78]
[13 87]	[18 80]
[13 85]	[18 88]
[13 85]	[ 8 88]
[13 85]	[ 8 87]
[13 84]	[ 8 80]
[13 85]	[13 84]
[13 87]	[ 8 85]
[13 88]	[13 87]
[13 87]	[13 88]
[13 88]	[20 92]
[13 87]	[20 87]
[13 85]	[10 92]
[13 84]	[10 85]
[13 85]	[10 87]
[13 85]	[ 5 85]
[13 84]	[ 8 83]
[13 85]	[13 80]
[13 84]	[13 85]
[13 85]	[13 84]
[13 87]	[13 85]
[13 88]	[13 87]
[12 90]	[13 88]
[12 92]	[12 90]
[12 95]	[12 92]
[ 6 94]	[12 95]
[ 6 90]	[ 6 94]
[ 3 92]	[ 6 90]
[ 8 94]	[ 3 92]
[ 8 92]	[ 8 94]
[13 87]	[ 8 92]
[13 88]	[13 87]
[13 90]	[13 88]
[13 88]	[13 92]
[13 90]	[12 92]
[13 88]	[12 87]
[13 87]	[12 92]
[13 85]	[10 92]
[13 84]	[10 85]
[13 85]	[10 87]
[13 85]	[ 5 85]
[13 84]	[ 8 83]
[13 85]	[13 80]
[13 84]	[13 85]
[13 85]	[13 84]
[13 87]	[13 85]
[13 88]	[13 87]
[18 90]	[13 88]
[18 92]	[18 90]
[18 88]	[18 92]
[ 8 88]	[18 88]
[ 8 87]	[ 8 88]
[ 8 85]	[ 8 87]
[ 8 84]	[ 8 80]
[ 8 84]	[13 84]
[ 8 85]	[ 8 85]
[ 8 84]	[ 8 87]
[ 8 85]	[ 8 87]
[ 8 84]	[ 8 80]
[-1 -1]	[13 84]
[13 -1]	[-1 85]
[13 80]	[-1 68]
[ 8 76]	[-1 73]
[ 8 75]	[-1 73]
[ 8 75]	[-1 75]
[ 8 72]	[-1 77]
[ 8 75]	[15 77]
[ 8 77]	[15 70]
[ 8 78]	[15 75]
[ 8 77]	[15 75]
[ 8 78]	[15 77]
[ 8 77]	[15 78]
[ 8 75]	[ 8 78]
[ 8 77]	[ 8 75]
[ 8 78]	[ 8 73]
[ 8 80]	[ 8 75]
[ 8 80]	[ 8 78]
[ 8 78]	[ 8 82]
[ 8 77]	[ 8 80]
[ 1 75]	[ 8 78]
[ 1 77]	[ 1 75]
[ 1 80]	[ 1 73]
[ 1 78]	[ 1 77]
[ 1 77]	[ 1 82]
[ 1 77]	[ 8 77]
[ 1 73]	[ 8 80]
[ 1 73]	[ 1 80]
[ 1 73]	[ 1 68]
[ 1 73]	[ 1 73]
[ 1 73]	[ 1 73]
[ 1 73]	[ 1 75]
[ 1 77]	[ 1 77]
[ 1 78]	[ 1 77]
[ 1 77]	[ 1 78]
[ 1 80]	[ 1 77]
[ 1 85]	[ 1 78]
[ 1 84]	[ 1 82]
[ 1 85]	[ 1 85]
[ 1 84]	[ 8 85]
[ 1 82]	[ 8 84]
[ 1 80]	[ 8 82]
[ 1 78]	[ 8 80]
[ 1 77]	[ 8 78]
[ 1 80]	[ 8 77]
[ 1 77]	[ 8 75]
[ 1 73]	[ 8 80]
[ 1 73]	[ 8 78]
[ 1 73]	[ 8 77]
[ 1 73]	[ 8 73]
[ 1 73]	[ 8 75]
[ 1 73]	[ 8 72]
[ 1 73]	[ 1 73]
[ 1 73]	[ 1 73]
[ 1 73]	[ 1 72]
[ 1 73]	[ 1 73]
[ 1 68]	[ 1 75]
[ 1 66]	[15 73]
[ 1 66]	[15 73]
[ 1 66]	[15 70]
[ 1 65]	[15 70]
[ 1 68]	[15 66]
[ 1 73]	[15 63]
[ 1 73]	[ 8 73]
[ 1 73]	[ 8 73]
[ 1 73]	[ 8 72]
[ 1 77]	[ 8 72]
[ 1 78]	[ 8 75]
[ 1 77]	[ 8 78]
[ 1 80]	[ 8 77]
[ 1 80]	[ 8 78]
[ 1 77]	[ 1 80]
[ 1 73]	[ 1 82]
[ 1 68]	[ 1 80]
[ 1 65]	[ 1 77]
[ 1 65]	[ 1 73]
[ 1 65]	[ 1 68]
[ 1 68]	[ 1 65]
[ 1 73]	[ 1 68]
[ 1 73]	[ 1 73]
[ 8 77]	[ 1 72]
[ 8 75]	[ 1 73]
[ 8 72]	[ 1 75]
[ 8 68]	[15 73]
[ 8 72]	[15 73]
[ 8 75]	[15 70]
[ 8 80]	[15 70]
[ 8 84]	[15 80]
[ 8 85]	[15 78]
[ 8 84]	[15 84]
[ 8 84]	[15 84]
[ 8 82]	[15 82]
[ 8 80]	[15 82]
[ 8 80]	[15 80]
[ 8 78]	[15 80]
[ 8 77]	[15 78]
[ 8 75]	[15 78]
[ 8 72]	[ 1 75]
[ 8 75]	[ 1 73]
[ 8 75]	[ 1 75]
[-1 -1]	[ 1 73]
[13 -1]	[13 72]
[13 80]	[13 68]
[13 76]	[13 72]
[13 73]	[ 8 73]
[13 75]	[ 8 71]
[13 76]	[ 8 71]
[13 80]	[13 73]
[13 85]	[13 68]
[13 84]	[13 80]
[13 85]	[13 84]
[13 84]	[18 85]
[ 8 85]	[18 87]
[ 8 84]	[18 85]
[ 8 82]	[18 84]
[ 8 80]	[ 8 82]
[ 8 78]	[ 8 80]
[ 8 77]	[ 8 84]
[ 8 75]	[ 8 76]
[ 8 72]	[ 8 75]
[ 8 68]	[ 8 73]
[ 8 72]	[13 72]
[ 8 68]	[13 68]
[ 8 72]	[ 8 73]
[ 8 75]	[ 8 72]
[ 8 80]	[13 73]
[ 8 84]	[13 68]
[ 8 84]	[13 80]
[ 8 85]	[13 84]
[ 8 84]	[18 85]
[ 8 85]	[18 87]
[ 8 84]	[18 85]
[ 8 84]	[18 84]
[ 8 82]	[ 8 82]
[ 8 80]	[ 8 84]
[ 8 80]	[ 8 80]
[ 8 80]	[13 78]
[13 87]	[13 78]
[13 88]	[13 78]
[13 87]	[13 88]
[13 88]	[13 90]
[13 87]	[ 8 88]
[13 88]	[ 8 87]
[13 87]	[ 8 88]
[13 84]	[13 87]
[13 85]	[13 85]
[13 84]	[13 85]
[13 85]	[13 84]
[13 84]	[18 85]
[ 8 85]	[18 87]
[ 8 84]	[18 85]
[ 8 82]	[18 84]
[ 8 80]	[ 8 82]
[ 8 78]	[ 8 80]
[ 8 77]	[ 8 84]
[ 8 75]	[ 8 76]
[ 8 80]	[ 8 75]
[13 87]	[ 8 73]
[13 88]	[13 72]
[13 87]	[ 8 88]
[13 84]	[13 87]
[13 85]	[13 85]
[13 84]	[13 85]
[13 85]	[13 84]
[13 84]	[18 85]
[ 8 85]	[18 87]
[ 8 84]	[18 85]
[ 8 82]	[18 84]
[ 8 80]	[ 8 82]
[ 8 80]	[ 8 80]
[ 8 82]	[ 8 82]
[ 8 80]	[ 8 84]
[-1 -1]	[13 80]
[13 -1]	[-1 80]
[13 80]	[13 87]
[ 8 85]	[13 88]
[ 8 84]	[ 8 87]
[ 8 82]	[13 84]
[ 8 80]	[13 85]
[ 8 82]	[ 1 80]
[ 8 80]	[ 1 80]
[ 8 82]	[ 6 80]
[ 8 80]	[ 6 82]
[13 76]	[ 6 80]
[13 75]	[ 8 78]
[13 76]	[ 8 80]
[13 73]	[13 76]
[13 72]	[13 73]
[13 73]	[13 72]
[13 75]	[13 73]
[13 76]	[13 75]
[18 78]	[13 76]
[18 80]	[13 78]
[ 8 81]	[13 80]
[ 8 80]	[13 83]
[ 8 82]	[ 6 82]
[ 8 80]	[ 6 78]
[ 8 80]	[ 6 80]
[ 8 84]	[ 8 82]
[ 8 85]	[ 8 80]
[ 8 84]	[13 87]
[ 8 85]	[13 88]
[ 8 84]	[13 87]
[ 8 82]	[13 84]
[ 8 80]	[13 85]
[ 8 82]	[ 6 80]
[ 8 80]	[ 6 82]
[13 76]	[ 6 80]
[13 75]	[13 78]
[13 76]	[13 80]
[13 73]	[13 76]
[13 72]	[13 73]
[13 73]	[13 72]
[13 75]	[13 73]
[13 76]	[13 75]
[13 80]	[13 76]
[13 85]	[13 78]
[13 87]	[13 80]
[13 85]	[13 88]
[13 85]	[ 8 88]
[13 85]	[ 8 87]
[13 84]	[ 8 80]
[13 85]	[13 84]
[13 87]	[13 85]
[13 88]	[13 87]
[13 87]	[13 88]
[13 88]	[20 92]
[13 87]	[20 87]
[13 84]	[13 92]
[13 85]	[13 85]
[13 85]	[20 85]
[13 84]	[20 83]
[13 85]	[13 80]
[13 84]	[13 85]
[13 85]	[13 83]
[13 87]	[13 85]
[13 88]	[13 87]
[12 90]	[13 88]
[12 92]	[13 90]
[12 95]	[13 92]
[ 6 94]	[13 95]
[ 6 90]	[ 6 94]
[ 3 92]	[ 6 90]
[ 8 94]	[ 6 92]
[ 8 92]	[ 8 94]
[13 87]	[ 8 92]
[13 88]	[13 87]
[13 90]	[13 88]
[13 88]	[13 92]
[13 90]	[20 92]
[13 88]	[20 87]
[13 87]	[20 92]
[13 85]	[10 92]
[13 84]	[10 85]
[13 85]	[10 85]
[13 85]	[ 5 85]
[13 84]	[ 5 83]
[13 85]	[13 80]
[13 84]	[13 85]
[13 85]	[13 84]
[13 87]	[13 85]
[13 88]	[13 87]
[18 90]	[13 88]
[18 92]	[13 90]
[18 88]	[13 92]
[ 8 88]	[13 88]
[ 8 87]	[ 8 88]
[ 8 85]	[ 8 87]
[ 8 84]	[ 8 80]
[ 8 85]	[13 84]
[ 8 84]	[13 85]
[ 8 82]	[ 8 87]
[ 1 84]	[ 8 87]
[ 1 85]	[ 8 80]
[ 1 85]	[13 84]
[-1 -1]	[13 85]
[13 -1]	[-1  0]
[13 80]	[-1 80]
[13 76]	[-1 81]
[13 73]	[-1 80]
[13 75]	[-1 78]
[13 73]	[-1 76]
[13 75]	[-1 76]
[13 76]	[-1 75]
[13 80]	[-1 73]
[13 85]	[-1 76]
[13 87]	[-1 80]
[13 88]	[-1 85]
[13 87]	[-1 88]
[13 88]	[-1 90]
[13 87]	[-1 88]
[13 84]	[-1 87]
[13 85]	[-1 85]
[13 80]	[-1 85]
[13 80]	[-1 80]
[13 85]	[-1 76]
[13 87]	[-1 80]
[13 88]	[-1 85]
[13 87]	[-1 88]
[13 88]	[-1 92]
[13 87]	[-1 91]
[13 88]	[-1 92]
[13 87]	[-1 93]
[13 85]	[-1 92]
[13 84]	[-1 88]
[ 8 85]	[-1 87]
[ 8 84]	[ 8 85]
[ 8 82]	[ 8 87]
[ 8 80]	[ 8 87]
[ 8 80]	[ 8 80]
[ 8 82]	[ 8 80]
[ 8 80]	[ 8 80]
[ 8 80]	[ 8 80]
[13 84]	[ 8 82]
[13 85]	[13 84]
[13 84]	[13 85]
[13 85]	[13 87]
[13 73]	[13 85]
[13 75]	[13 80]
[13 73]	[13 76]
[13 75]	[13 76]
[13 76]	[13 75]
[13 80]	[13 73]
[13 85]	[13 76]
[13 87]	[13 80]
[13 88]	[13 85]
[13 87]	[13 88]
[13 88]	[13 90]
[13 87]	[13 88]
[13 84]	[13 87]
[13 85]	[13 85]
[13 80]	[13 85]
[13 80]	[13 80]
[13 85]	[13 76]
[13 87]	[13 80]
[13 88]	[13 85]
[13 87]	[13 88]
[13 88]	[13 92]
[13 87]	[13 91]
[13 88]	[13 92]
[13 85]	[13 93]
[13 85]	[13 92]
[13 85]	[13 80]
[13 84]	[13 84]
[13 85]	[13 87]
[13 85]	[13 85]
[13 84]	[13 85]
[13 85]	[13 87]
[13 84]	[13 85]
[13 85]	[13 84]
[13 84]	[13 85]
[13 85]	[13 87]
[13 85]	[13 85]
[13 87]	[13 85]
[13 88]	[13 85]
[13 90]	[13 88]
[13 92]	[13 90]
[13 92]	[13 92]
[13 88]	[13 93]
[13 87]	[13 92]
[13 88]	[13 90]
[13 88]	[13 88]
[13 87]	[13 90]
[13 88]	[13 92]
[13 88]	[13 88]
[13 87]	[13 90]
[13 85]	[13 90]
[13 85]	[13 83]
[13 85]	[13 83]
[13 84]	[13 83]
[13 85]	[13 83]
[13 87]	[13 85]
[13 88]	[13 87]
[13 87]	[13 88]
[13 88]	[13 90]
[13 87]	[13 88]
[13 88]	[13 87]
[13 87]	[13 85]
[13 84]	[13 87]
[ 8 85]	[13 88]
[ 8 84]	[13 85]
[ 8 82]	[13 87]
[ 8 80]	[13 87]
[ 8 80]	[13 80]
[ 8 82]	[13 80]
[ 8 80]	[13 80]
[ 8 80]	[13 80]
[13 84]	[13 82]
[13 85]	[13 84]
[13 84]	[13 85]
[13 85]	[13 87]
[13 73]	[13 85]
[13 75]	[13 80]
[13 73]	[13 76]
[13 75]	[13 76]
[13 76]	[13 75]
[13 80]	[13 73]
[13 85]	[13 76]
[13 87]	[13 80]
[13 88]	[13 85]
[13 87]	[13 88]
[13 88]	[13 90]
[13 87]	[13 88]
[13 84]	[13 87]
[13 85]	[13 85]
[13 80]	[13 85]
[13 80]	[13 80]
[13 85]	[13 76]
[13 87]	[13 80]
[13 88]	[13 85]
[13 87]	[13 88]
[13 88]	[13 92]
[13 87]	[13 91]
[13 88]	[13 92]
[13 85]	[13 93]
[13 85]	[13 92]
[13 85]	[13 80]
[13 84]	[13 84]
[13 85]	[13 87]
[13 85]	[13 85]
[13 84]	[13 85]
[13 85]	[13 87]
[13 84]	[13 85]
[13 85]	[13 84]
[13 84]	[13 85]
[13 85]	[13 87]
[13 87]	[13 85]
[13 88]	[13 85]
[-1 -1]	[13 88]
[13 -1]	[ 1 90]
[13 80]	[1 0]
[13 85]	[1 0]
[13 84]	[1 0]
[13 85]	[ 1 87]
[13 84]	[ 1 89]
[ 8 85]	[ 1 80]
[ 8 84]	[ 1 85]
[ 8 80]	[ 6 84]
[ 8 84]	[ 6 82]
[ 8 84]	[ 6 78]
[ 8 82]	[ 6 82]
[ 8 80]	[ 1 85]
[ 8 82]	[ 1 80]
[ 8 80]	[ 1 82]
[ 8 78]	[15 80]
[ 8 77]	[15 78]
[ 8 78]	[15 75]
[ 8 77]	[15 75]
[ 1 75]	[15 80]
[ 1 73]	[ 1 78]
[ 1 73]	[ 1 77]
[ 1 73]	[ 1 73]
[ 1 77]	[ 1 73]
[ 1 80]	[ 3 77]
[ 1 85]	[ 3 75]
[ 1 84]	[ 3 78]
[ 1 82]	[ 3 83]
[ 1 80]	[ 3 85]
[ 1 77]	[ 3 82]
[ 1 80]	[ 3 78]
[ 1 77]	[ 8 75]
[ 1 73]	[ 8 80]
[ 1 73]	[ 8 75]
[ 1 73]	[ 8 72]
[ 1 77]	[ 8 75]
[ 1 80]	[ 8 68]
[ 1 85]	[ 1 80]
[ 1 89]	[ 1 80]
[ 1 87]	[ 1 80]
[ 1 85]	[ 1 87]
[ 1 85]	[ 1 89]
[ 1 84]	[ 1 80]
[ 1 82]	[ 1 85]
[ 1 80]	[ 6 84]
[ 1 82]	[ 6 82]
[ 1 80]	[ 6 78]
[ 1 82]	[ 6 82]
[ 1 80]	[ 1 85]
[ 1 82]	[ 1 80]
[ 1 80]	[ 1 82]
[ 1 80]	[15 80]
[ 1 89]	[15 78]
[ 1 92]	[15 82]
[ 1 94]	[15 87]
[ 1 92]	[15 90]
[ 1 80]	[15 94]
[ 1 80]	[ 1 94]
[ 1 85]	[ 1 77]
[ 1 89]	[ 1 80]
[ 1 92]	[ 1 85]
[ 1 92]	[ 1 89]
[ 1 90]	[ 1 92]
[ 8 89]	[ 3 92]
[ 8 87]	[ 3 78]
[ 8 89]	[ 3 81]
[ 8 90]	[ 3 84]
[ 8 92]	[ 8 87]
[ 8 90]	[ 8 90]
[ 8 87]	[ 8 94]
[ 8 85]	[ 8 92]
[ 8 84]	[ 1 84]
[ 8 85]	[ 1 84]
[ 8 84]	[ 1 84]
[ 8 85]	[ 1 84]
[ 8 84]	[ 1 84]
[ 8 82]	[ 1 84]
[ 8 80]	[ 1 84]
[ 8 80]	[ 1 84]
[13 84]	[22  0]
[13 85]	[22 82]
[13 85]	[22 70]
[13 85]	[22 70]
[13 85]	[22 80]
[13 87]	[ 5 83]
[13 88]	[ 5 84]
[13 87]	[ 5 72]
[13 85]	[22 72]
[13 84]	[22 89]
[13 85]	[22 85]
[13 84]	[22 85]
[13 85]	[22 87]
[13 87]	[ 5 85]
[-1 -1]	[ 5 84]
[13 -1]	[-1 72]
[13 80]	[-1 61]
[ 8 76]	[-1 61]
[ 8 75]	[-1 65]
[ 8 72]	[-1 66]
[ 1 75]	[-1 68]
[ 1 73]	[-1 68]
[ 1 73]	[-1 73]
[ 1 77]	[-1 75]
[ 1 78]	[-1 77]
[ 1 77]	[-1 77]
[ 1 73]	[-1 82]
[ 1 73]	[-1 80]
[ 1 73]	[-1 77]
[ 1 73]	[ 8 73]
[ 1 77]	[ 8 68]
[ 1 78]	[ 8 68]
[ 1 77]	[ 8 78]
[ 1 75]	[ 8 77]
[ 1 73]	[ 8 75]
[ 1 73]	[ 8 75]
[ 1 68]	[ 8 73]
[ 1 65]	[ 8 72]
[ 1 65]	[ 8 70]
[ 1 68]	[ 8 68]
[ 1 65]	[ 8 68]
[ 1 65]	[ 8 70]
[ 1 65]	[ 8 68]
[ 1 65]	[ 8 66]
[ 1 65]	[ 8 65]
[ 1 65]	[ 8 65]
[ 1 61]	[ 8 66]
[ 1 61]	[ 8 65]
[ 1 61]	[ 8 63]
[ 1 65]	[ 8 61]
[ 1 65]	[ 8 61]
[ 1 65]	[ 8 65]
[ 1 68]	[ 8 66]
[ 1 73]	[ 8 68]
[ 1 77]	[ 8 68]
[ 1 78]	[ 8 73]
[ 1 77]	[ 8 75]
[ 1 78]	[ 8 77]
[ 1 77]	[ 8 77]
[ 1 73]	[ 8 82]
[ 1 73]	[ 8 80]
[ 1 73]	[ 8 77]
[ 1 73]	[ 8 73]
[ 1 77]	[ 8 68]
[ 1 78]	[ 8 68]
[ 1 77]	[ 8 78]
[ 1 75]	[ 8 77]
[ 1 73]	[ 8 75]
[ 1 73]	[ 8 75]
[ 1 68]	[ 8 73]
[ 1 65]	[ 8 72]
[ 1 65]	[ 8 70]
[ 1 65]	[ 8 68]
[ 1 68]	[ 8 68]
[ 1 73]	[ 8 67]
[ 1 73]	[ 8 68]
[ 1 73]	[ 8 77]
[1 0]	[ 8 75]
[1 0]	[ 8 73]
[ 1 80]	[8 0]
[ 1 80]	[8 0]
[ 1 77]	[ 8 85]
[ 1 73]	[ 8 82]
[ 1 77]	[ 8 78]
[ 1 80]	[ 8 73]
[ 1 80]	[ 8 78]
[ 1 85]	[ 8 82]
[ 1 85]	[ 8 82]
[ 1 84]	[ 8 85]
[ 1 82]	[ 8 84]
[ 1 80]	[ 8 82]
[ 1 77]	[ 8 80]
[ 1 75]	[ 8 82]
[ 1 73]	[ 8 80]
[ 1 77]	[ 8 73]
[ 1 80]	[ 8 77]
[ 1 82]	[ 8 77]
[ 1 80]	[ 8 82]
[ 1 82]	[ 8 80]
[ 1 80]	[ 8 78]
[ 1 78]	[ 8 80]
[ 1 77]	[ 8 78]
[ 1 75]	[ 8 77]
[ 1 73]	[ 8 75]
[ 1 73]	[ 8 75]
[ 1 73]	[ 8 68]
[ 1 73]	[ 8 77]
[ 1 77]	[ 8 75]
[ 1 78]	[ 8 73]
[ 1 77]	[ 8 75]
[ 1 80]	[ 8 77]
[ 1 82]	[ 8 78]
[ 1 80]	[ 8 80]
[ 1 82]	[ 8 80]
[ 1 80]	[ 8 85]
[ 1 77]	[ 8 84]
[ 1 73]	[ 8 82]
[ 1 77]	[ 8 78]
[ 1 80]	[ 8 73]
[ 1 80]	[ 8 78]
[ 1 85]	[ 8 82]
[ 1 85]	[ 8 82]
[ 1 84]	[ 8 85]
[ 1 82]	[ 8 84]
[ 1 80]	[ 8 82]
[ 1 77]	[ 8 80]
[ 1 75]	[ 8 82]
[ 1 73]	[ 8 80]
[ 1 77]	[ 8 73]
[ 1 80]	[ 8 77]
[ 1 82]	[ 8 77]
[ 1 80]	[ 8 82]
[ 1 82]	[ 8 80]
[ 1 80]	[ 8 78]
[ 1 78]	[ 8 80]
[ 1 77]	[ 8 78]
[ 1 75]	[ 8 77]
[ 1 73]	[ 8 75]
[ 1 73]	[ 8 75]
[ 1 73]	[ 8 68]
[ 1 73]	[ 8 77]
[ 1 73]	[ 8 75]
[ 1 73]	[ 8 73]
[ 1 73]	[ 8 73]
[ 1 73]	[ 8 72]
[ 1 73]	[ 8 73]
[ 1 73]	[ 8 75]
[ 1 85]	[ 8 72]
[ 1 84]	[ 8 72]
[ 1 85]	[ 8 85]
[-1 -1]	[ 8 85]
[13 -1]	[1 0]
[13 80]	[ 1 80]
[13 80]	[ 1 80]
[13 80]	[ 1 80]
[ 6 80]	[ 1 80]
[ 6 82]	[ 6 80]
[ 6 80]	[ 6 82]
[ 6 82]	[ 6 82]
[ 6 84]	[ 6 82]
[ 6 85]	[ 6 82]
[ 6 85]	[ 8 82]
[ 6 84]	[ 8 85]
[ 1 82]	[ 8 84]
[ 1 84]	[ 8 82]
[ 1 85]	[ 8 80]
[ 1 85]	[ 8 82]
[ 1 80]	[ 1 84]
[ 1 77]	[ 1 85]
[ 1 78]	[ 1 80]
[ 1 77]	[ 1 73]
[ 1 78]	[ 1 77]
[ 1 77]	[ 8 80]
[ 1 78]	[ 8 78]
[ 1 77]	[ 1 75]
[ 1 80]	[ 1 77]
[ 1 80]	[ 1 78]
[ 1 82]	[ 1 80]
[ 1 80]	[ 1 82]
[ 1 77]	[ 1 84]
[ 1 77]	[ 8 85]
[ 1 78]	[ 8 75]
[ 1 77]	[ 8 78]
[ 1 77]	[ 8 77]
[ 1 80]	[22 75]
[ 1 85]	[22 73]
[ 1 84]	[22 85]
[ 1 82]	[22 84]
[ 1 80]	[ 8 82]
[ 1 78]	[ 8 80]
[ 1 77]	[ 1 78]
[ 1 78]	[ 1 77]
[ 1 77]	[ 8 80]
[ 1 78]	[ 8 78]
[ 1 77]	[ 1 75]
[ 1 80]	[ 1 77]
[ 1 80]	[ 1 78]
[ 1 85]	[ 1 80]
[ 1 84]	[ 1 82]
[ 1 82]	[ 1 84]
[ 1 80]	[ 6 85]
[ 1 77]	[ 6 82]
[ 1 80]	[ 6 78]
[ 1 78]	[ 1 75]
[ 1 77]	[ 1 80]
[ 1 78]	[ 1 77]
[ 1 77]	[ 8 73]
[ 1 73]	[ 8 78]
[ 1 73]	[ 8 75]
[ 1 73]	[ 1 72]
[-1 -1]	[ 1 73]
[13 -1]	[-1  0]
[13 80]	[-1 77]
[ 8 78]	[-1 77]
[ 8 77]	[-1 77]
[ 8 78]	[-1 77]
[ 8 77]	[-1 77]
[ 1 75]	[-1 77]
[ 1 73]	[-1 75]
[ 8 77]	[-1 73]
[ 8 78]	[-1 73]
[ 8 80]	[-1 75]
[ 8 80]	[-1 77]
[ 8 80]	[-1 80]
[ 8 80]	[-1 78]
[ 8 80]	[-1 78]
[ 8 78]	[-1 82]
[ 8 77]	[-1 78]
[ 8 78]	[-1 75]
[ 8 80]	[-1 75]
[ 8 80]	[-1 77]
[ 8 80]	[-1 78]
[ 8 80]	[-1 82]
[ 8 82]	[-1 78]
[ 8 80]	[-1 78]
[ 8 78]	[-1 80]
[ 8 77]	[-1 78]
[ 1 75]	[-1 77]
[ 1 73]	[-1 75]
[ 1 77]	[-1 75]
[ 1 80]	[-1 77]
[ 1 82]	[-1 78]
[ 1 82]	[-1 82]
[ 1 80]	[-1 80]
[ 1 77]	[-1 80]
[ 1 73]	[-1 85]
[ 1 73]	[-1 80]
[ 1 73]	[-1 77]
[ 1 73]	[-1 77]
[ 1 73]	[-1 77]
[ 1 73]	[-1 77]
[ 1 73]	[-1 77]
[ 1 73]	[-1 77]
[ 1 73]	[-1 77]
[ 1 73]	[-1 75]
[ 8 77]	[-1 73]
[ 8 78]	[-1 73]
[ 8 80]	[-1 75]
[ 8 84]	[-1 77]
[ 8 84]	[-1 80]
[ 8 84]	[-1 82]
[ 8 84]	[-1 82]
[ 8 85]	[-1 82]
[ 8 84]	[-1 82]
[ 8 85]	[-1 84]
[ 8 84]	[-1 85]
[ 8 82]	[-1 84]
[ 8 80]	[-1 82]
[ 8 84]	[-1 80]
[ 8 80]	[-1 80]
[ 8 78]	[-1 85]
[ 8 77]	[-1 80]
[ 8 78]	[-1 75]
[ 8 77]	[-1 75]
[ 8 78]	[-1 77]
[ 8 77]	[-1 78]
[ 8 75]	[-1 77]
[ 8 75]	[-1 75]
[ 8 80]	[-1 73]
[ 8 84]	[-1 73]
[ 8 85]	[-1 82]
[ 8 84]	[-1 82]
[ 8 85]	[-1 84]
[ 8 84]	[-1 85]
[ 8 80]	[-1 84]
[ 8 78]	[-1 82]
[ 8 77]	[-1 84]
[ 8 78]	[-1 77]
[ 8 80]	[-1 77]
[ 8 84]	[-1 77]
[ 8 85]	[-1 82]
[ 8 84]	[-1 82]
[ 8 85]	[-1 84]
[ 8 84]	[-1 85]
[ 8 84]	[-1 84]
[ 8 84]	[-1 82]
[ 8 85]	[-1 82]
[ 8 87]	[-1 82]
[ 8 85]	[ 5 84]
[ 8 87]	[ 5 89]
[ 8 85]	[ 5 84]
[ 8 84]	[ 5 89]
[ 8 84]	[22 84]
[ 8 85]	[22 82]
[ 8 84]	[22 82]
[ 8 85]	[22 84]
[ 8 84]	[22 85]
[ 8 87]	[22 84]
[ 8 89]	[22 85]
[ 8 90]	[22 87]
[ 8 89]	[22 87]
[ 8 90]	[22 89]
[ 8 89]	[22 90]
[ 8 87]	[22 89]
[ 8 85]	[22 87]
[ 8 84]	[22 84]
[ 8 87]	[22 84]
[ 8 89]	[22 85]
[ 8 87]	[22 89]
[ 8 85]	[22 87]
[ 8 84]	[22 85]
[ 8 84]	[22 84]
[ 8 84]	[22 82]
[ 8 80]	[22 82]
[ 8 78]	[ 5 85]
[ 8 78]	[ 5 84]
[ 8 80]	[ 5 77]
[ 8 84]	[ 5 77]
[ 8 85]	[ 5 82]
[ 8 84]	[ 5 82]
[ 8 85]	[ 5 84]
[ 8 84]	[ 5 85]
[ 8 80]	[ 5 84]
[ 8 78]	[ 5 82]
[ 8 77]	[ 5 84]
[ 8 78]	[ 5 77]
[ 8 80]	[ 5 77]
[ 8 84]	[22 77]
[ 8 85]	[22 82]
[ 8 84]	[22 82]
[ 8 85]	[22 84]
[ 8 84]	[22 85]
[ 8 84]	[22 84]
[ 8 84]	[22 82]
[ 8 85]	[22 82]
[ 8 87]	[22 82]
[ 8 85]	[ 5 84]
[ 8 87]	[ 5 89]
[ 8 85]	[ 5 84]
[ 8 84]	[ 5 89]
[ 8 84]	[22 84]
[ 8 85]	[22 82]
[ 8 84]	[22 82]
[ 8 85]	[22 84]
[ 8 84]	[22 85]
[ 8 87]	[22 84]
[ 8 89]	[22 85]
[ 8 90]	[22 87]
[ 8 89]	[22 87]
[ 8 90]	[22 89]
[ 8 89]	[22 90]
[ 8 87]	[22 89]
[ 8 85]	[22 87]
[ 8 84]	[22 84]
[ 8 87]	[22 84]
[ 8 89]	[22 85]
[ 8 87]	[22 89]
[ 8 85]	[22 87]
[ 8 84]	[22 85]
[ 8 84]	[22 84]
[ 8 84]	[22 82]
[ 8 82]	[22 82]
[ 8 80]	[22 82]
[ 8 82]	[ 1 80]
[ 8 80]	[ 1 80]
[ 8 84]	[15 80]
[ 8 85]	[15 82]
[ 8 84]	[ 8 82]
[ 8 85]	[ 8 84]
[ 8 84]	[ 8 84]
[ 8 82]	[ 8 84]
[ 1 84]	[ 1 82]
[ 1 85]	[ 1 80]
[ 1 84]	[ 1 92]
[ 1 82]	[ 1 89]
[ 1 80]	[ 1 85]
[ 1 82]	[ 1 80]
[ 1 82]	[ 1 77]
[ 1 80]	[ 1 80]
[ 1 80]	[15 80]
[ 1 85]	[15 82]
[ 1 89]	[ 8 82]
[ 1 89]	[ 8 84]
[ 1 85]	[ 8 92]
[ 1 84]	[ 8 90]
[ 1 85]	[ 8 87]
[ 1 85]	[ 8 82]
[-1 -1]	[ 8 84]
[13 -1]	[ 6 85]
[13 80]	[ 6 66]
[13 73]	[ 6 65]
[13 72]	[ 6 66]
[13 73]	[ 6 68]
[13 75]	[ 6 70]
[13 76]	[ 1 72]
[ 8 73]	[ 1 73]
[ 8 73]	[ 8 73]
[ 8 72]	[ 8 72]
[ 8 68]	[ 8 72]
[ 8 68]	[ 8 73]
[ 8 72]	[ 8 72]
[ 8 68]	[ 8 68]
[ 8 68]	[ 8 75]
[ 8 72]	[ 8 68]
[ 1 75]	[ 8 70]
[ 1 73]	[ 1 72]
[ 1 68]	[ 1 73]
[ 1 65]	[ 1 75]
[ 3 65]	[ 1 73]
[ 3 65]	[ 1 68]
[ 3 65]	[ 1 77]
[ 3 65]	[ 1 61]
[ 3 65]	[ 1 63]
[ 3 65]	[ 6 65]
[ 3 65]	[ 6 66]
[ 3 65]	[ 6 65]
[ 3 65]	[ 6 66]
[ 3 65]	[ 6 68]
[ 3 65]	[ 6 70]
[ 3 65]	[ 1 72]
[ 3 65]	[ 1 73]
[ 3 65]	[ 8 73]
[ 3 65]	[ 8 72]
[ 3 65]	[ 8 73]
[ 3 65]	[ 8 72]
[ 3 65]	[ 8 68]
[ 3 65]	[ 8 75]
[ 3 65]	[ 8 66]
[ 3 65]	[ 1 75]
[ 3 65]	[ 1 61]
[ 3 65]	[ 1 61]
[ 3 65]	[ 1 61]
[ 3 65]	[ 1 61]
[ 3 65]	[ 1 63]
[ 8 65]	[ 1 65]
[ 8 68]	[ 1 61]
[ 8 72]	[1 0]
[ 8 75]	[ 1 68]
[ 8 77]	[ 1 73]
[ 8 78]	[ 1 75]
[ 8 77]	[ 1 75]
[ 8 75]	[ 1 77]
[ 8 72]	[ 1 78]
[ 8 68]	[ 1 77]
[ 8 68]	[ 1 73]
[ 8 68]	[ 1 72]
[ 8 72]	[ 6 68]
[ 8 68]	[ 6 70]
[ 8 68]	[ 8 73]
[ 8 68]	[ 8 72]
[ 8 68]	[ 8 72]
[ 8 68]	[ 8 68]
[ 8 68]	[ 8 68]
[ 8 72]	[ 8 68]
[ 1 75]	[ 8 70]
[ 1 73]	[ 1 72]
[ 1 68]	[ 1 73]
[ 1 65]	[ 1 75]
[ 1 65]	[ 1 73]
[ 1 65]	[ 1 68]
[ 1 65]	[ 1 65]
[ 1 65]	[ 1 61]
[ 1 65]	[ 1 63]
[ 1 65]	[ 6 65]
[ 1 65]	[ 6 66]
[ 1 65]	[ 6 65]
[ 1 68]	[ 6 66]
[ 1 73]	[ 6 68]
[ 1 73]	[ 6 70]
[ 1 77]	[ 1 72]
[ 8 73]	[ 1 73]
[ 8 72]	[ 8 73]
[ 8 68]	[ 8 72]
[ 8 68]	[ 8 73]
[ 8 72]	[ 8 72]
[ 8 68]	[ 8 68]
[ 8 72]	[ 8 75]
[ 1 75]	[ 8 66]
[ 1 73]	[ 1 75]
[-1 -1]	[ 1 61]
[13 -1]	[-1  0]
[13 80]	[-1 92]
[13 84]	[-1 92]
[ 1 85]	[-1 89]
[ 1 89]	[ 1 85]
[ 1 92]	[ 1 89]
[ 1 94]	[ 1 92]
[ 1 92]	[ 1 92]
[ 1 90]	[ 1 92]
[ 1 89]	[ 1 92]
[ 1 92]	[ 1 89]
[ 1 92]	[15 85]
[ 1 94]	[15 90]
[ 1 92]	[15 94]
[ 1 92]	[15 94]
[ 1 90]	[15 90]
[ 1 89]	[15 89]
[ 1 92]	[15 89]
[ 1 94]	[15 85]
[ 1 92]	[15 90]
[ 1 90]	[15 92]
[ 1 89]	[ 1 90]
[ 1 87]	[ 1 89]
[ 1 85]	[ 1 87]
[ 1 85]	[ 1 85]
[ 1 85]	[ 1 84]
[ 1 89]	[ 1 84]
[ 1 92]	[ 1 85]
[ 1 94]	[ 1 87]
[ 1 92]	[ 1 92]
[ 1 90]	[ 1 92]
[ 1 89]	[ 1 92]
[ 1 92]	[ 1 89]
[ 1 94]	[ 1 85]
[ 1 92]	[ 1 89]
[ 1 94]	[ 1 92]
[ 1 92]	[ 1 92]
[ 1 90]	[ 1 92]
[ 1 89]	[ 1 92]
[ 1 92]	[ 1 89]
[ 1 92]	[15 85]
[ 1 94]	[15 90]
[ 1 92]	[15 94]
[ 1 92]	[15 94]
[ 1 90]	[ 1 90]
[ 1 89]	[ 1 89]
[ 1 92]	[ 1 89]
[ 1 94]	[15 85]
[ 1 92]	[15 90]
[ 1 92]	[15 92]
[ 1 92]	[ 1 90]
[ 1 90]	[ 1 89]
[ 1 89]	[ 1 90]
[ 1 87]	[ 8 89]
[ 1 85]	[ 8 87]
[ 1 84]	[ 8 87]
[ 1 82]	[ 1 84]
[ 1 80]	[ 1 85]
[ 1 85]	[ 1 80]
[ 1 89]	[ 1 80]
[ 1 89]	[ 1 85]
[ 1 87]	[ 1 89]
[ 1 85]	[ 1 87]
[ 1 85]	[ 1 85]
[ 1 85]	[ 1 84]
[ 1 89]	[ 1 84]
[ 1 89]	[ 1 85]
[ 1 90]	[ 1 87]
[ 1 89]	[ 1 90]
[ 1 87]	[ 1 89]
[ 1 89]	[ 1 89]
[ 1 92]	[15 85]
[ 1 92]	[15 90]
[ 1 92]	[15 92]
[ 1 92]	[ 1 90]
[ 1 90]	[ 1 89]
[ 1 89]	[ 1 90]
[ 1 87]	[ 1 89]
[ 1 85]	[ 1 87]
[ 1 80]	[ 1 87]
[ 1 82]	[ 1 84]
[ 1 80]	[ 1 80]
[ 1 85]	[ 1 80]
[ 1 89]	[ 1 80]
[ 1 89]	[ 1 85]
[ 1 87]	[ 1 89]
[ 1 85]	[ 1 87]
[ 1 85]	[ 1 85]
[ 1 85]	[ 1 84]
[ 1 89]	[ 1 84]
[ 1 89]	[ 1 85]
[ 1 90]	[ 1 87]
[ 1 89]	[ 1 90]
[ 1 87]	[ 1 89]
[ 1 89]	[ 1 89]
[ 1 92]	[15 85]
[ 1 92]	[15 90]
[ 1 92]	[15 92]
[ 1 92]	[ 1 90]
[ 1 90]	[ 1 89]
[ 1 89]	[ 1 90]
[ 1 87]	[ 1 89]
[ 1 85]	[ 1 87]
[-1 -1]	[ 1 87]
[13 -1]	[-1 84]
[13 80]	[-1  0]
[13 76]	[13 68]
[13 78]	[13 73]
[13 80]	[13 73]
[13 85]	[13 76]
[13 84]	[13 80]
[13 85]	[13 85]
[13 85]	[13 85]
[13 80]	[18 80]
[13 80]	[18 83]
[13 80]	[18 81]
[13 76]	[18 80]
[13 73]	[18 81]
[13 75]	[18 78]
[13 76]	[12 75]
[13 73]	[12 71]
[13 76]	[12 71]
[13 80]	[12 75]
[13 80]	[12 78]
[13 80]	[12 83]
[13 80]	[12 83]
[13 80]	[13 78]
[13 80]	[13 81]
[13 80]	[13 80]
[13 76]	[13 80]
[13 73]	[13 79]
[13 75]	[13 80]
[13 76]	[13 76]
[13 78]	[13 73]
[13 80]	[13 73]
[13 85]	[13 76]
[13 84]	[13 80]
[13 85]	[13 85]
[13 87]	[13 85]
[13 88]	[18 87]
[13 85]	[18 88]
[13 84]	[18 88]
[13 85]	[18 87]
[13 84]	[18 85]
[13 85]	[18 81]
[13 80]	[13 85]
[13 76]	[13 85]
[13 75]	[13 80]
[13 76]	[13 80]
[13 73]	[13 76]
[13 75]	[13 80]
[13 76]	[13 76]
[13 75]	[13 76]
[13 76]	[ 8 73]
[13 73]	[ 8 76]
[13 73]	[ 8 73]
[13 72]	[ 8 75]
[13 73]	[13 72]
[13 75]	[13 73]
[13 76]	[13 68]
[13 73]	[13 73]
[13 75]	[12 73]
[13 76]	[12 71]
[18 78]	[12 71]
[18 80]	[12 75]
[18 81]	[12 78]
[18 80]	[12 83]
[ 8 81]	[12 83]
[ 8 80]	[13 78]
[ 8 82]	[13 81]
[ 8 80]	[13 80]
[ 8 82]	[13 80]
[ 8 80]	[13 79]
[ 8 68]	[13 80]
[ 8 72]	[ 8 80]
[ 8 75]	[ 8 68]
[ 8 77]	[ 8 68]
[ 8 78]	[ 8 72]
[ 8 80]	[ 8 75]
[ 8 78]	[ 8 80]
[ 8 77]	[ 8 80]
[ 8 75]	[13 75]
[ 8 75]	[13 78]
[ 8 72]	[13 76]
[ 1 75]	[13 76]
[ 1 73]	[13 75]
[ 1 68]	[13 73]
[ 1 65]	[18 73]
[ 3 65]	[18 73]
[ 3 65]	[18 69]
[ 3 65]	[18 69]
[ 3 65]	[18 66]
[ 3 65]	[18 61]
[ 3 65]	[18 66]
[ 3 65]	[18 69]
[ 3 65]	[13 73]
[ 3 65]	[13 73]
[ 3 65]	[13 68]
[ 3 65]	[13 68]
[ 3 65]	[13 64]
[ 3 65]	[13 61]
[ 3 65]	[13 64]
[ 3 65]	[13 64]
[ 3 65]	[ 8 68]
[ 3 65]	[ 8 68]
[ 3 65]	[ 8 66]
[ 3 65]	[ 8 66]
[ 3 65]	[13 63]
[ 3 65]	[13 66]
[ 3 65]	[13 64]
[ 3 65]	[13 64]
[ 8 65]	[ 8 61]
[ 8 68]	[ 8 63]
[ 8 72]	[ 8 63]
[ 1 75]	[ 8 68]
[ 1 73]	[13 72]
[ 1 73]	[13 73]
[ 1 73]	[13 73]
[-1 -1]	[13 73]
[13 -1]	[-1  0]
[13 80]	[-1 61]
[13 76]	[-1 65]
[ 1 73]	[-1 68]
[ 1 73]	[-1 73]
[ 1 73]	[-1 77]
[ 1 73]	[-1 77]
[ 1 73]	[-1 77]
[ 1 73]	[-1 77]
[ 1 73]	[-1 77]
[ 1 73]	[-1 75]
[ 1 73]	[-1 73]
[ 1 73]	[-1 73]
[ 1 73]	[-1 73]
[ 1 68]	[-1 73]
[ 1 65]	[-1 72]
[ 1 65]	[-1 70]
[ 1 65]	[-1 63]
[ 1 65]	[-1 65]
[ 1 68]	[-1 66]
[ 1 66]	[-1 68]
[ 1 66]	[-1 72]
[ 1 66]	[-1 70]
[ 1 65]	[-1 70]
[ 1 65]	[-1 70]
[ 1 65]	[-1 68]
[ 1 65]	[-1 68]
[ 1 65]	[-1 68]
[ 1 65]	[-1 66]
[ 1 65]	[-1 65]
[ 1 65]	[-1 68]
[ 1 65]	[-1 65]
[ 1 65]	[-1 61]
[ 1 65]	[-1 61]
[ 1 68]	[-1 65]
[ 1 73]	[-1 68]
[ 1 73]	[-1 73]
[ 1 73]	[-1 77]
[ 1 73]	[-1 77]
[ 1 73]	[-1 77]
[ 1 73]	[-1 77]
[ 1 73]	[-1 77]
[ 1 73]	[-1 75]
[ 1 73]	[-1 73]
[ 1 73]	[-1 73]
[ 1 73]	[-1 73]
[ 1 73]	[-1 73]
[ 1 77]	[-1 72]
[ 1 78]	[-1 70]
[ 1 77]	[-1 78]
[ 1 75]	[-1 77]
[ 1 73]	[ 1 75]
[ 1 73]	[ 1 73]
[ 1 73]	[ 1 77]
[ 1 73]	[ 1 73]
[ 1 73]	[ 8 68]
[ 1 77]	[ 8 72]
[ 1 73]	[ 8 75]
[ 1 73]	[ 8 80]
[ 1 73]	[ 1 72]
[ 1 73]	[ 1 73]
[ 1 77]	[6 0]
[ 1 78]	[ 6 73]
[ 1 77]	[ 6 78]
[ 1 78]	[ 6 78]
[ 1 77]	[ 6 78]
[ 1 78]	[ 6 82]
[ 1 77]	[ 6 78]
[ 1 73]	[ 1 82]
[ 1 73]	[ 1 73]
[ 1 73]	[ 1 77]
[ 1 77]	[ 1 77]
[ 1 78]	[ 1 77]
[ 1 77]	[ 1 80]
[ 1 73]	[ 1 77]
[ 8 77]	[ 8 80]
[ 8 80]	[ 8 75]
[ 8 84]	[ 8 75]
[ 8 85]	[ 8 84]
[ 8 84]	[ 8 82]
[ 8 82]	[ 8 84]
[ 8 80]	[ 8 82]
[ 8 78]	[ 8 80]
[ 8 80]	[ 8 78]
[ 8 80]	[ 8 75]
[ 8 80]	[ 8 78]
[ 1 78]	[ 8 82]
[ 1 77]	[ 1 80]
[ 1 73]	[ 1 77]
[ 1 73]	[ 1 80]
[ 1 73]	[ 1 77]
[ 1 77]	[ 6 73]
[ 1 78]	[ 6 73]
[ 1 77]	[ 6 78]
[ 1 78]	[ 6 78]
[ 1 77]	[ 6 78]
[ 1 78]	[ 6 82]
[ 1 77]	[ 6 78]
[ 1 73]	[ 1 82]
[ 1 73]	[ 1 73]
[ 1 73]	[ 1 77]
[ 1 77]	[ 1 77]
[ 1 78]	[ 1 77]
[ 1 77]	[ 1 80]
[ 1 73]	[ 1 77]
[ 8 77]	[ 8 80]
[ 8 80]	[ 8 75]
[ 8 84]	[ 8 75]
[ 8 85]	[ 8 84]
[ 8 84]	[ 8 82]
[ 8 82]	[ 8 84]
[ 8 80]	[ 8 82]
[ 8 78]	[ 8 80]
[ 8 77]	[ 8 78]
[ 8 78]	[ 8 75]
[ 8 77]	[ 8 78]
[ 8 75]	[ 8 77]
[-1 -1]	[ 1 75]
[13 -1]	[-1 73]
[13 80]	[-1 77]
[13 85]	[-1 77]
[ 8 87]	[ 1 78]
[ 8 85]	[ 1 80]
[ 8 87]	[ 8 89]
[ 1 84]	[ 8 84]
[ 1 82]	[ 8 87]
[ 1 80]	[ 8 85]
[ 1 78]	[ 1 82]
[ 1 77]	[ 1 80]
[ 1 80]	[15 77]
[ 1 77]	[15 78]
[ 1 78]	[15 80]
[ 1 77]	[15 78]
[ 1 80]	[15 77]
[ 1 82]	[15 75]
[ 1 82]	[ 1 82]
[ 1 80]	[ 1 80]
[ 1 82]	[ 1 80]
[ 1 80]	[ 1 82]
[ 1 78]	[ 1 80]
[ 1 78]	[ 1 78]
[ 1 77]	[ 1 77]
[ 1 80]	[ 1 77]
[ 1 85]	[ 1 78]
[ 1 85]	[ 1 80]
[ 1 85]	[ 8 89]
[ 1 85]	[ 8 87]
[ 1 84]	[ 8 84]
[ 1 82]	[ 8 85]
[ 1 80]	[ 1 82]
[ 1 78]	[ 1 80]
[ 1 77]	[15 77]
[ 1 80]	[15 78]
[ 1 82]	[15 78]
[ 1 84]	[ 8 82]
[ 1 85]	[ 8 80]
[ 1 84]	[ 8 82]
[ 1 85]	[ 1 84]
[ 1 84]	[ 1 85]
[ 1 85]	[ 1 85]
[ 1 80]	[ 1 85]
[ 1 77]	[ 1 85]
[ 1 75]	[ 1 85]
[ 1 73]	[ 1 73]
[ 1 77]	[ 1 73]
[ 1 80]	[ 1 77]
[ 1 82]	[ 1 80]
[ 1 80]	[ 1 80]
[ 1 78]	[ 1 82]
[ 1 77]	[ 1 80]
[ 1 78]	[ 1 77]
[ 1 77]	[ 1 73]
[ 1 80]	[ 1 77]
[ 1 82]	[ 1 80]
[ 1 80]	[ 1 79]
[ 1 80]	[ 1 80]
[ 1 78]	[ 1 82]
[ 1 77]	[ 1 80]
[ 1 78]	[ 1 77]
[ 1 77]	[ 1 73]
[ 1 80]	[ 1 77]
[ 1 80]	[ 1 80]
[ 1 85]	[ 1 79]
[ 1 89]	[ 1 80]
[ 1 87]	[ 1 89]
[ 1 85]	[ 1 87]
[ 1 84]	[ 1 85]
[ 8 85]	[ 1 85]
[ 8 84]	[ 1 85]
[ 8 84]	[ 1 84]
[ 8 85]	[ 6 82]
[ 8 84]	[ 6 82]
[ 8 85]	[15  0]
[ 8 84]	[15 87]
[ 8 85]	[15 87]
[ 8 84]	[15 82]
[ 8 85]	[15 84]
[ 8 84]	[15 85]
[ 8 84]	[15 84]
[ 8 85]	[15 82]
[ 8 84]	[15 87]
[ 8 85]	[15 87]
[ 8 84]	[15 82]
[ 8 85]	[15 84]
[ 8 84]	[15 85]
[ 8 82]	[15 84]
[ 8 84]	[ 8 82]
[ 8 85]	[ 8 80]
[ 8 84]	[ 8 82]
[ 8 82]	[ 8 84]
[ 1 84]	[ 8 82]
[ 1 82]	[ 8 80]
[ 1 80]	[ 8 82]
[ 1 77]	[ 8 84]
[ 1 75]	[ 1 82]
[ 1 73]	[ 1 80]
[ 1 73]	[ 1 73]
[-1 -1]	[ 1 73]
[13 -1]	[ 1 73]
[13 80]	[ 1 85]
[13 85]	[ 1 80]
[13 84]	[ 1 77]
[ 1 85]	[ 1 80]
[ 1 89]	[ 1 85]
[ 1 87]	[15 89]
[ 1 85]	[15 90]
[ 1 84]	[15 89]
[ 1 85]	[15 87]
[ 1 84]	[ 8 82]
[ 1 85]	[ 8 87]
[ 1 85]	[ 8 85]
[ 1 89]	[ 8 84]
[ 1 89]	[ 8 80]
[ 1 87]	[ 8 89]
[ 1 85]	[ 1 87]
[ 1 89]	[ 1 85]
[ 1 92]	[ 1 85]
[ 1 90]	[ 1 89]
[ 1 89]	[ 1 94]
[ 1 87]	[ 1 89]
[ 1 85]	[ 1 92]
[ 1 80]	[ 1 85]
[ 1 80]	[ 1 80]
[ 1 85]	[ 1 77]
[ 1 89]	[ 1 80]
[ 1 89]	[ 1 85]
[ 1 87]	[15 89]
[ 1 85]	[15 90]
[ 1 84]	[15 89]
[ 1 85]	[15 87]
[ 1 84]	[ 8 82]
[ 1 85]	[ 8 84]
[ 1 85]	[ 8 82]
[ 1 84]	[ 8 80]
[ 1 85]	[ 8 90]
[ 1 89]	[ 8 82]
[ 1 89]	[ 8 84]
[ 1 87]	[ 8 87]
[ 1 85]	[ 8 87]
[ 1 84]	[ 8 85]
[ 1 85]	[ 1 84]
[ 1 89]	[ 1 85]
[ 1 92]	[1 0]
[ 1 92]	[ 1 92]
[ 1 89]	[ 1 92]
[ 1 87]	[ 1 90]
[ 1 85]	[ 1 89]
[ 1 89]	[ 1 85]
[ 1 92]	[ 1 80]
[ 1 92]	[15 89]
[ 1 90]	[15 90]
[ 1 89]	[15 90]
[ 1 89]	[15 89]
[ 1 92]	[15 90]
[ 1 92]	[15 87]
[ 1 92]	[ 8 94]
[ 1 90]	[ 8 90]
[ 1 89]	[ 8 90]
[ 1 87]	[ 8 89]
[ 1 85]	[ 8 87]
[ 1 92]	[ 8 85]
[ 1 94]	[ 8 84]
[ 1 92]	[ 1 94]
[ 1 90]	[ 1 92]
[ 1 89]	[ 1 90]
[ 1 87]	[ 1 89]
[ 1 89]	[ 1 87]
[ 1 92]	[ 1 85]
[ 1 94]	[ 1 89]
[ 1 92]	[ 1 92]
[ 1 89]	[ 1 92]
[ 1 87]	[ 1 90]
[ 1 85]	[ 1 89]
[ 1 89]	[ 1 85]
[ 1 92]	[ 1 80]
[ 1 92]	[15 89]
[ 1 90]	[15 90]
[ 1 89]	[15 90]
[ 1 89]	[15 89]
[ 1 92]	[15 90]
[ 1 89]	[15 87]
[ 1 89]	[ 8 94]
[ 1 87]	[ 8 87]
[ 1 85]	[ 8 87]
[ 1 84]	[ 8 85]
[ 1 82]	[ 8 84]
[ 1 80]	[ 8 82]
[ 1 78]	[ 8 80]
[ 1 77]	[ 8 78]
[ 1 78]	[ 8 78]
[ 1 77]	[ 8 78]
[ 1 75]	[ 8 77]
[ 1 73]	[ 1 75]
[ 1 73]	[ 1 73]
[ 1 73]	[1 0]
[ 1 77]	[ 1 73]
[ 1 73]	[ 1 77]
[ 1 73]	[ 1 80]
[ 1 73]	[ 1 77]
[ 1 73]	[ 1 73]
[ 1 73]	[ 1 73]
[ 1 77]	[ 1 73]
[ 1 77]	[ 8 77]
[ 1 73]	[ 8 80]
[ 1 73]	[ 8 78]
[ 1 73]	[ 8 77]
[ 1 73]	[ 8 77]
[ 1 77]	[ 8 77]
[ 1 80]	[ 6 77]
[ 1 80]	[ 6 78]
[ 1 82]	[ 6 80]
[ 1 80]	[ 6 82]
[ 1 77]	[ 8 80]
[ 1 78]	[ 8 78]
[ 1 77]	[ 8 78]
[ 1 75]	[ 8 77]
[ 1 73]	[ 8 75]
[ 1 73]	[ 8 73]
[ 1 73]	[ 8 72]
[ 1 73]	[ 8 75]
[ 1 73]	[ 1 72]
[ 1 77]	[ 1 73]
[ 1 73]	[ 1 77]
[ 1 73]	[ 1 80]
[ 1 73]	[ 1 77]
[ 1 73]	[ 1 73]
[ 1 73]	[ 1 73]
[ 1 77]	[ 1 73]
[ 1 77]	[ 8 77]
[ 1 78]	[ 8 80]
[ 1 77]	[ 8 78]
[ 1 77]	[ 8 77]
[ 1 78]	[ 8 75]
[ 1 77]	[ 8 75]
[ 1 80]	[ 6 77]
[ 1 82]	[ 6 78]
[ 1 82]	[ 8 82]
[ 1 84]	[ 8 80]
[ 1 85]	[ 8 80]
[ 1 85]	[ 8 82]
[-1 -1]	[ 1 84]
[13 -1]	[ 1 85]
[13 80]	[ 1 77]
[ 6 80]	[ 1 78]
[ 6 82]	[ 1 80]
[ 6 84]	[ 1 82]
[ 1 82]	[ 1 80]
[ 1 80]	[ 1 82]
[ 1 78]	[ 1 80]
[ 1 77]	[ 1 78]
[ 1 80]	[ 1 77]
[ 1 82]	[ 1 78]
[ 1 80]	[ 1 80]
[ 1 85]	[ 1 82]
[ 1 89]	[ 1 80]
[ 1 89]	[ 1 89]
[ 1 87]	[ 8 90]
[ 1 85]	[ 8 89]
[ 1 89]	[ 8 87]
[ 1 89]	[ 8 80]
[ 1 87]	[ 8 87]
[ 1 85]	[ 1 89]
[ 1 84]	[ 1 87]
[ 1 85]	[ 1 85]
[ 1 89]	[ 1 82]
[ 1 89]	[ 8 80]
[ 1 89]	[ 8 89]
[ 1 90]	[ 8 87]
[ 1 89]	[ 8 90]
[ 1 87]	[ 8 89]
[ 1 85]	[ 1 87]
[ 1 85]	[ 1 85]
[ 1 84]	[ 1 85]
[ 1 84]	[ 6 85]
[ 1 85]	[ 6 82]
[ 1 89]	[ 6 82]
[ 1 87]	[ 6 84]
[ 1 85]	[ 6 87]
[ 1 84]	[ 6 85]
[ 1 82]	[ 6 85]
[ 1 80]	[ 1 82]
[ 1 80]	[ 1 80]
[ 1 85]	[ 1 77]
[ 1 89]	[ 1 80]
[ 1 92]	[ 1 85]
[ 1 92]	[ 1 89]
[ 1 94]	[ 1 89]
[ 1 92]	[ 8 90]
[ 1 92]	[ 8 92]
[ 1 89]	[ 8 90]
[ 1 85]	[ 8 90]
[ 1 89]	[ 8 87]
[ 1 92]	[ 8 80]
[ 1 92]	[ 8 87]
[ 1 92]	[ 1 90]
[ 1 90]	[ 1 90]
[ 1 89]	[ 1 89]
[ 1 87]	[ 1 89]
[ 1 85]	[ 1 87]
[ 1 84]	[ 1 85]
[ 1 84]	[6 0]
[ 1 85]	[ 6 82]
[ 1 89]	[ 6 82]
[ 1 87]	[ 6 84]
[ 1 85]	[ 6 87]
[ 1 84]	[ 6 85]
[ 1 82]	[ 6 85]
[ 1 80]	[ 1 82]
[ 1 80]	[ 1 80]
[ 1 85]	[ 1 77]
[ 1 89]	[ 1 80]
[ 1 90]	[ 1 85]
[ 1 89]	[ 1 89]
[ 1 90]	[ 1 89]
[ 1 89]	[ 8 90]
[ 1 89]	[ 8 89]
[ 1 90]	[ 8 87]
[ 1 89]	[ 8 90]
[ 1 87]	[ 8 89]
[ 1 85]	[ 1 87]
[ 1 85]	[ 1 85]
[ 1 80]	[ 1 85]
[ 1 80]	[ 1 85]
[ 1 82]	[ 1 77]
[ 1 80]	[ 1 78]
[ 1 82]	[ 1 80]
[ 1 80]	[ 1 82]
[ 1 82]	[ 1 80]
[ 1 80]	[ 1 82]
[ 1 78]	[ 1 80]
[ 1 77]	[ 1 78]
[ 1 80]	[ 1 77]
[ 1 82]	[ 1 78]
[ 1 80]	[ 1 80]
[ 1 85]	[ 1 82]
[ 1 89]	[ 1 80]
[ 1 89]	[ 1 89]
[ 1 87]	[ 8 90]
[ 1 85]	[ 8 89]
[ 1 89]	[ 8 87]
[ 1 89]	[ 8 80]
[ 1 87]	[ 8 87]
[ 1 85]	[ 1 89]
[ 1 84]	[ 1 87]
[ 1 85]	[ 1 85]
[ 1 89]	[ 1 82]
[ 1 89]	[ 8 80]
[ 1 89]	[ 8 89]
[ 1 90]	[ 8 87]
[ 1 89]	[ 8 90]
[ 1 87]	[ 8 89]
[ 1 85]	[ 1 87]
[ 1 85]	[ 1 85]
[ 1 84]	[ 1 89]
[ 1 82]	[ 1 85]
[ 1 80]	[ 6 85]
[ 1 80]	[ 6 90]
[ 1 82]	[ 6 78]
[ 1 84]	[ 6 78]
[ 1 85]	[ 6 80]
[ 1 89]	[ 6 82]
[ 1 87]	[ 6 84]
[ 1 85]	[ 6 87]
[ 1 84]	[ 6 85]
[ 1 82]	[ 6 85]
[ 1 84]	[ 6 82]
[ 1 85]	[ 6 78]
[ 8 89]	[ 6 82]
[ 8 87]	[ 6 85]
[ 8 84]	[ 1 90]
[ 8 82]	[ 1 89]
[ 8 84]	[ 1 80]
[ 8 85]	[ 1 80]
[ 8 84]	[ 1 82]
[ 8 84]	[ 1 84]
[ 8 80]	[ 6 87]
[ 8 80]	[ 6 85]
[ 8 80]	[ 6 78]
[ 8 80]	[ 6 78]
[ 8 80]	[ 6 90]
[ 8 80]	[ 6 78]
[ 8 84]	[ 6 78]
[ 8 85]	[ 6 80]
[ 8 84]	[ 6 82]
[ 8 85]	[ 6 84]
[ 8 84]	[ 6 87]
[ 8 82]	[ 6 85]
[ 8 80]	[ 6 85]
[ 8 84]	[ 6 82]
[ 8 87]	[ 6 78]
[ 8 89]	[ 6 82]
[ 8 87]	[ 6 85]
[ 8 84]	[ 1 90]
[ 8 85]	[ 1 89]
[ 8 84]	[ 1 80]
[ 8 85]	[ 1 84]
[ 8 84]	[ 1 85]
[ 8 82]	[ 1 84]
[ 8 80]	[ 1 82]
[ 8 80]	[ 6 80]
[ 8 80]	[ 6 78]
[ 8 78]	[ 6 78]
[ 8 80]	[ 1 78]
[ 8 82]	[ 1 77]
[ 8 80]	[ 1 78]
[ 8 82]	[ 1 80]
[ 8 80]	[ 1 82]
[ 8 82]	[ 1 80]
[ 8 80]	[ 1 82]
[ 8 78]	[ 1 80]
[ 8 80]	[ 1 78]
[ 8 82]	[ 1 77]
[ 1 84]	[ 1 78]
[ 1 85]	[ 1 80]
[ 1 89]	[ 1 82]
[ 1 89]	[ 1 80]
[ 1 89]	[ 1 89]
[ 1 87]	[ 8 90]
[ 1 85]	[ 8 89]
[ 1 89]	[ 8 87]
[ 1 89]	[ 8 80]
[ 1 87]	[ 8 87]
[ 1 85]	[ 1 89]
[ 1 84]	[ 1 87]
[ 1 85]	[ 1 85]
[ 1 89]	[ 1 82]
[ 1 89]	[ 8 80]
[ 1 89]	[ 8 89]
[ 1 90]	[ 8 87]
[ 1 89]	[ 8 90]
[ 1 87]	[ 8 89]
[ 1 85]	[ 1 87]
[ 1 85]	[ 1 85]
[-1 -1]	[ 1 85]
[13 -1]	[-1 85]
[13 80]	[-1 68]
[13 80]	[-1 73]
[ 8 78]	[-1 77]
[ 8 77]	[-1 80]
[ 8 75]	[-1 77]
[ 8 77]	[-1 78]
[ 8 78]	[-1 72]
[ 8 80]	[-1 75]
[ 8 82]	[-1 78]
[ 1 84]	[-1 78]
[ 1 82]	[-1 80]
[ 1 80]	[-1 84]
[ 1 82]	[-1 80]
[ 1 80]	[-1 77]
[ 1 78]	[-1 80]
[ 1 77]	[-1 82]
[ 1 80]	[-1 78]
[ 1 82]	[-1 73]
[ 1 80]	[-1 82]
[ 1 78]	[-1 80]
[ 1 77]	[-1 77]
[ 1 78]	[-1 77]
[ 1 77]	[-1 75]
[ 1 73]	[-1 77]
[ 1 73]	[-1 78]
[ 1 73]	[-1 72]
[ 1 73]	[-1 73]
[ 1 73]	[-1 68]
[ 1 77]	[-1 73]
[ 1 78]	[-1 77]
[ 1 77]	[-1 80]
[ 1 73]	[-1 77]
[ 1 77]	[-1 78]
[ 1 78]	[-1 72]
[ 1 77]	[-1 75]
[ 1 80]	[-1 78]
[ 1 82]	[-1 78]
[ 1 82]	[-1 80]
[ 1 80]	[-1 84]
[ 1 82]	[-1 80]
[ 1 80]	[-1 77]
[ 1 78]	[-1 80]
[ 1 77]	[-1 82]
[ 1 80]	[-1 78]
[ 1 82]	[-1 73]
[ 1 80]	[-1 82]
[ 1 78]	[-1 80]
[ 1 77]	[-1 77]
[ 1 80]	[-1 77]
[ 1 80]	[-1 75]
[ 1 85]	[-1 79]
[ 1 85]	[-1 82]
[ 1 84]	[-1 85]
[ 1 82]	[-1 84]
[ 1 80]	[-1 82]
[ 1 82]	[-1 80]
[ 1 80]	[-1 82]
[ 1 78]	[-1 80]
[ 1 77]	[-1 78]
[ 1 78]	[-1 77]
[ 1 77]	[-1 75]
[ 1 80]	[-1 77]
[ 1 78]	[-1 78]
[ 1 77]	[-1 80]
[ 1 80]	[-1 77]
[ 1 80]	[-1 78]
[ 1 82]	[-1 82]
[ 1 80]	[-1 82]
[ 1 82]	[-1 80]
[ 1 80]	[-1 82]
[ 1 78]	[-1 80]
[ 1 77]	[-1 78]
[ 1 75]	[-1 77]
[ 1 73]	[-1 75]
[ 1 73]	[-1 73]
[ 1 73]	[-1 85]
[ 1 77]	[-1  0]
[ 1 78]	[-1  0]
[ 1 77]	[-1 75]
[ 1 77]	[-1 77]
[ 1 78]	[-1 78]
[ 1 77]	[-1 75]
[ 1 78]	[-1 77]
[ 1 77]	[-1 75]
[ 1 80]	[-1 77]
[ 1 80]	[-1 78]
[ 1 82]	[-1 80]
[ 1 80]	[-1 79]
[ 1 80]	[-1 80]
[ 1 82]	[-1 82]
[ 1 80]	[-1 78]
[ 1 78]	[-1 80]
[ 1 77]	[-1 78]
[ 1 80]	[-1 77]
[ 1 78]	[-1 78]
[ 1 77]	[ 1 80]
[ 1 80]	[ 1 77]
[ 1 80]	[ 1 78]
[ 1 82]	[ 1 82]
[ 1 80]	[ 1 82]
[ 1 82]	[ 1 80]
[ 1 80]	[ 1 82]
[ 1 78]	[ 1 80]
[ 1 77]	[ 1 78]
[ 1 77]	[ 1 77]
[ 1 80]	[ 1 75]
[ 1 85]	[ 1 73]
[-1 -1]	[ 1 85]
[13 -1]	[-1  0]
[13 80]	[13 87]
[ 8 85]	[13 88]
[ 8 84]	[13 87]
[ 8 82]	[13 84]
[ 8 80]	[13 85]
[ 8 82]	[13 80]
[ 8 80]	[13 80]
[ 8 82]	[ 6 80]
[ 8 80]	[ 6 82]
[13 76]	[ 6 80]
[13 75]	[ 8 78]
[13 76]	[ 8 80]
[13 73]	[13 76]
[13 72]	[13 73]
[13 73]	[13 72]
[13 75]	[13 73]
[13 76]	[13 75]
[18 78]	[13 76]
[18 80]	[ 5 78]
[ 8 81]	[ 5 80]
[ 8 80]	[ 5 83]
[ 8 82]	[ 6 82]
[ 8 80]	[ 6 78]
[ 8 80]	[ 3 80]
[ 8 84]	[ 8 82]
[ 8 85]	[ 8 80]
[ 8 84]	[13 87]
[ 8 85]	[13 88]
[ 8 84]	[ 8 87]
[ 8 82]	[13 84]
[ 8 80]	[ 1 85]
[ 8 82]	[ 1 80]
[ 8 80]	[ 1 80]
[ 8 82]	[ 6 80]
[ 8 80]	[ 6 82]
[13 76]	[ 6 80]
[13 75]	[ 8 78]
[13 76]	[ 8 80]
[13 73]	[13 76]
[13 72]	[13 73]
[13 73]	[13 72]
[13 75]	[13 73]
[13 76]	[13 75]
[13 80]	[13 76]
[13 85]	[18 78]
[13 87]	[18 80]
[13 85]	[18 88]
[13 85]	[ 8 88]
[13 85]	[ 8 87]
[13 84]	[ 8 80]
[13 85]	[13 84]
[13 87]	[ 8 85]
[13 88]	[13 87]
[13 87]	[13 88]
[13 88]	[20 92]
[13 87]	[20 87]
[13 85]	[10 92]
[13 84]	[10 85]
[13 85]	[10 87]
[13 85]	[ 5 85]
[13 84]	[ 8 83]
[13 85]	[13 80]
[13 84]	[13 85]
[13 85]	[13 84]
[13 87]	[13 85]
[13 88]	[13 87]
[12 90]	[13 88]
[12 92]	[12 90]
[12 95]	[12 92]
[ 6 94]	[12 95]
[ 6 90]	[ 6 94]
[ 3 92]	[ 6 90]
[ 8 94]	[ 3 92]
[ 8 92]	[ 8 94]
[13 87]	[ 8 92]
[13 88]	[13 87]
[13 90]	[13 88]
[13 88]	[13 92]
[13 90]	[12 92]
[13 88]	[12 87]
[13 87]	[12 92]
[13 85]	[10 92]
[13 84]	[10 85]
[13 85]	[10 87]
[13 85]	[ 5 85]
[13 84]	[ 8 83]
[13 85]	[13 80]
[13 84]	[13 85]
[13 85]	[13 84]
[13 87]	[13 85]
[13 88]	[13 87]
[18 90]	[13 88]
[18 92]	[18 90]
[18 88]	[18 92]
[ 8 88]	[18 88]
[ 8 87]	[ 8 88]
[ 8 85]	[ 8 87]
[ 8 84]	[ 8 80]
[ 8 84]	[13 84]
[ 8 85]	[ 8 85]
[ 8 84]	[ 8 87]
[ 8 85]	[ 8 87]
[ 8 84]	[ 8 80]
[-1 -1]	[13 84]
[13 -1]	[-1 85]
[13 80]	[-1 73]
[ 8 78]	[-1 72]
[ 8 80]	[-1 73]
[ 8 82]	[-1 77]
[ 8 80]	[-1 80]
[ 8 78]	[-1 80]
[ 8 80]	[-1 78]
[ 8 84]	[-1 77]
[ 8 85]	[-1 80]
[ 8 87]	[-1 85]
[ 8 89]	[-1 87]
[ 8 87]	[-1 89]
[ 8 85]	[-1 87]
[ 8 84]	[-1 85]
[ 8 84]	[-1 84]
[ 8 82]	[-1 87]
[ 8 80]	[-1 85]
[ 8 78]	[-1 84]
[ 8 75]	[-1 82]
[ 8 77]	[-1 75]
[ 8 78]	[-1 74]
[ 8 77]	[-1 75]
[ 8 77]	[-1 77]
[ 8 78]	[-1 78]
[ 8 77]	[-1 78]
[ 8 80]	[-1 77]
[ 8 84]	[-1 75]
[ 8 85]	[-1 78]
[ 8 84]	[-1 84]
[ 8 82]	[-1 84]
[ 1 84]	[-1 82]
[ 1 82]	[-1 80]
[ 1 80]	[-1 84]
[ 1 78]	[-1 82]
[ 1 77]	[-1 80]
[ 1 75]	[-1 77]
[ 1 73]	[-1 73]
[ 1 73]	[-1 73]
[ 1 73]	[-1 72]
[ 1 77]	[-1 73]
[ 1 80]	[-1 77]
[ 1 80]	[-1 80]
[ 1 80]	[-1 80]
[ 1 80]	[-1 78]
[ 1 85]	[-1 77]
[ 8 89]	[-1 80]
[ 8 90]	[-1 85]
[ 8 89]	[-1 87]
[ 8 87]	[-1 89]
[ 8 85]	[-1 87]
[ 8 84]	[-1 85]
[ 8 84]	[-1 84]
[ 8 82]	[-1 87]
[ 8 80]	[-1 85]
[ 8 78]	[-1 84]
[ 8 75]	[-1 82]
[ 8 77]	[-1 75]
[ 8 78]	[-1 74]
[ 8 77]	[-1 75]
[ 8 77]	[-1 77]
[ 8 78]	[ 8 78]
[ 8 77]	[ 8 78]
[ 8 80]	[ 8 77]
[ 8 84]	[ 8 75]
[ 8 85]	[ 8 78]
[ 8 84]	[ 8 84]
[ 8 82]	[ 8 84]
[ 1 84]	[ 8 82]
[ 1 85]	[ 8 80]
[ 1 89]	[ 8 84]
[ 1 87]	[ 8 89]
[ 1 85]	[ 1 87]
[ 1 84]	[ 1 85]
[ 1 85]	[ 1 85]
[ 1 84]	[ 1 82]
[ 1 85]	[ 1 81]
[ 1 85]	[ 1 82]
[ 1 89]	[ 1 84]
[ 1 90]	[ 1 85]
[ 1 89]	[ 1 87]
[ 1 87]	[ 1 89]
[ 1 85]	[ 1 89]
[ 1 84]	[ 1 85]
[ 1 82]	[ 1 84]
[ 1 80]	[ 1 82]
[ 1 80]	[ 1 81]
[ 1 85]	[ 1 77]
[ 1 85]	[ 1 80]
[ 1 84]	[ 1 84]
[ 1 84]	[ 1 80]
[ 1 85]	[ 1 82]
[ 1 85]	[ 1 82]
[ 1 85]	[ 1 85]
[ 1 84]	[ 1 89]
[ 1 85]	[ 1 81]
[ 1 84]	[ 1 82]
[ 1 85]	[ 1 81]
[ 1 85]	[ 1 82]
[ 1 89]	[ 1 84]
[ 1 90]	[ 1 85]
[ 1 89]	[ 1 87]
[ 1 87]	[ 1 89]
[ 1 85]	[ 1 89]
[ 1 84]	[ 1 85]
[ 1 82]	[ 1 84]
[ 1 80]	[ 1 82]
[ 1 80]	[ 1 81]
[ 1 85]	[ 1 77]
[ 1 85]	[ 1 80]
[ 1 84]	[ 1 84]
[ 1 82]	[ 1 80]
[ 1 80]	[ 1 82]
[ 1 82]	[ 1 82]
[ 1 80]	[ 1 77]
[ 1 82]	[ 1 82]
[ 1 80]	[ 1 82]
[ 1 82]	[ 1 80]
[ 1 80]	[ 1 79]
[ 1 80]	[ 1 80]
[ 1 77]	[ 1 82]
[ 1 73]	[ 1 80]
[ 1 73]	[ 1 78]
[ 1 68]	[ 1 77]
[ 1 68]	[ 1 73]
[ 1 68]	[ 1 70]
[ 1 73]	[ 1 66]
[ 1 77]	[ 1 70]
[ 1 80]	[ 1 73]
[ 1 80]	[ 1 78]
[ 1 89]	[ 1 82]
[ 1 90]	[ 1 82]
[ 1 89]	[ 1 87]
[ 1 90]	[ 1 86]
[ 1 89]	[ 1 87]
[ 1 87]	[ 1 89]
[ 1 85]	[ 1 87]
[ 1 85]	[ 1 85]
[ 1 84]	[ 1 84]
[ 1 85]	[ 1 84]
[ 1 84]	[ 1 85]
[ 1 82]	[ 1 84]
[ 1 80]	[ 1 82]
[ 1 85]	[ 1 80]
[ 1 85]	[ 1 80]
[ 1 89]	[ 1 84]
[ 1 87]	[ 1 85]
[ 1 85]	[ 1 87]
[ 1 82]	[ 1 89]
[ 1 80]	[ 1 89]
[ 1 82]	[ 1 80]
[ 1 80]	[ 1 79]
[ 1 82]	[ 1 80]
[ 1 80]	[ 1 82]
[ 1 78]	[ 1 80]
[ 1 77]	[ 1 78]
[ 6 73]	[ 1 77]
[ 6 70]	[ 1 73]
[ 6 66]	[ 1 70]
[ 6 70]	[ 1 66]
[ 6 73]	[ 1 70]
[ 6 78]	[ 1 73]
[ 6 82]	[ 1 78]
[ 8 85]	[ 1 82]
[ 8 87]	[ 1 82]
[ 8 89]	[ 1 87]
[ 8 90]	[ 1 86]
[ 8 89]	[ 1 87]
[ 8 87]	[ 1 89]
[ 8 85]	[ 1 87]
[ 8 85]	[ 1 85]
[ 8 84]	[ 1 84]
[ 8 85]	[ 1 84]
[ 8 84]	[ 1 85]
[ 8 82]	[ 1 84]
[ 8 80]	[ 1 82]
[ 8 84]	[ 1 80]
[ 8 87]	[ 1 80]
[ 8 89]	[ 1 84]
[ 8 87]	[ 1 89]
[-1 -1]	[ 1 87]
[13 -1]	[-1 85]
[13 80]	[-1 92]
[13 85]	[-1 92]
[13 85]	[-1 90]
[13 84]	[-1 89]
[ 8 85]	[-1 87]
[ 8 84]	[-1 85]
[ 8 82]	[-1 84]
[ 8 80]	[-1 82]
[ 8 84]	[-1 82]
[ 8 85]	[-1 78]
[ 8 84]	[-1 87]
[ 8 85]	[-1 87]
[ 8 85]	[-1 85]
[ 8 84]	[-1 84]
[ 8 87]	[-1 84]
[ 8 89]	[-1 82]
[ 8 87]	[-1 80]
[ 8 89]	[-1 90]
[ 1 87]	[-1 84]
[ 1 85]	[-1 87]
[ 1 85]	[-1 85]
[ 1 85]	[-1 85]
[ 1 89]	[-1 84]
[ 1 92]	[-1 85]
[ 1 92]	[-1 87]
[ 1 92]	[-1 89]
[ 1 94]	[-1 90]
[ 1 92]	[-1 92]
[ 1 90]	[-1 92]
[ 1 89]	[-1 90]
[ 1 87]	[-1 89]
[ 1 85]	[-1 87]
[ 1 84]	[-1 85]
[ 1 82]	[-1 84]
[ 1 80]	[-1 82]
[ 1 85]	[-1 82]
[ 1 89]	[-1 78]
[ 1 87]	[-1 87]
[ 1 85]	[-1 87]
[ 1 85]	[ 8 85]
[ 1 84]	[ 8 84]
[ 1 85]	[ 8 84]
[ 1 89]	[ 8 82]
[ 1 85]	[ 8 80]
[ 1 89]	[ 8 90]
[ 1 87]	[ 8 84]
[ 1 85]	[ 1 87]
[ 1 85]	[ 1 85]
[ 1 85]	[ 1 85]
[ 1 85]	[1 0]
[ 1 85]	[ 1 84]
[ 1 89]	[ 1 84]
[ 1 90]	[ 1 85]
[ 1 89]	[ 1 87]
[ 1 87]	[ 1 89]
[ 1 85]	[ 1 87]
[ 1 85]	[ 1 85]
[ 1 84]	[ 1 85]
[ 1 85]	[ 1 84]
[ 1 89]	[ 1 82]
[ 1 92]	[ 1 85]
[ 1 92]	[ 1 89]
[ 1 92]	[ 1 92]
[ 1 90]	[ 1 90]
[ 1 89]	[ 1 90]
[ 1 90]	[ 1 89]
[ 1 89]	[ 1 87]
[ 1 89]	[ 1 86]
[ 1 87]	[ 1 87]
[ 1 85]	[ 1 89]
[ 1 84]	[ 1 87]
[ 1 82]	[ 1 84]
[ 1 80]	[ 1 87]
[ 1 85]	[ 1 80]
[ 1 85]	[ 1 80]
[ 1 89]	[ 1 84]
[ 1 90]	[ 1 85]
[ 1 89]	[ 1 87]
[ 1 87]	[ 1 89]
[ 1 85]	[ 1 87]
[ 1 85]	[ 1 85]
[ 1 84]	[ 1 85]
[ 1 85]	[ 1 84]
[ 1 89]	[ 1 82]
[ 1 92]	[ 1 85]
[ 1 92]	[ 1 89]
[ 1 92]	[ 1 92]
[ 1 90]	[ 1 90]
[ 1 89]	[ 1 90]
[ 1 90]	[ 1 89]
[ 1 89]	[ 1 87]
[ 1 92]	[ 1 86]
[ 1 92]	[ 1 87]
[ 1 94]	[ 1 89]
[ 1 92]	[ 1 90]
[ 1 89]	[ 1 92]
[ 1 87]	[ 1 92]
[ 1 85]	[1 0]
[ 1 84]	[ 1 85]
[ 1 85]	[ 1 85]
[ 1 84]	[ 1 85]
[ 1 85]	[ 1 84]
[ 1 84]	[ 1 82]
[ 1 85]	[ 1 84]
[ 1 85]	[ 1 85]
[ 1 84]	[ 1 85]
[ 1 85]	[ 1 90]
[ 1 80]	[ 1 82]
[ 1 85]	[ 1 85]
[ 1 89]	[ 1 78]
[ 1 89]	[ 1 85]
[ 1 89]	[ 1 87]
[ 1 87]	[ 1 87]
[ 1 85]	[ 1 87]
[ 1 85]	[ 1 85]
[ 1 89]	[ 1 84]
[ 1 89]	[ 1 85]
[ 1 89]	[ 1 87]
[ 1 85]	[ 1 87]
[ 1 85]	[ 1 92]
[ 1 85]	[ 1 84]
[ 1 89]	[ 1 87]
[ 1 90]	[ 1 80]
[ 1 89]	[ 1 87]
[ 1 90]	[ 1 89]
[ 1 89]	[ 1 89]
[ 1 87]	[ 1 89]
[ 1 89]	[ 1 87]
[ 1 92]	[ 1 85]
[ 1 94]	[ 1 89]
[ 1 92]	[ 1 92]
[ 1 90]	[ 1 92]
[ 1 89]	[ 1 96]
[ 1 87]	[ 1 89]
[ 1 89]	[ 1 92]
[ 1 92]	[ 1 85]
[ 1 92]	[ 1 89]
[ 1 92]	[ 1 90]
[ 1 92]	[ 1 90]
[ 1 92]	[ 1 89]
[ 1 94]	[ 1 90]
[ 1 92]	[ 1 94]
[ 1 92]	[ 1 92]
[ 1 92]	[ 1 89]
[ 1 89]	[ 1 90]
[ 1 85]	[ 1 90]
[ 1 80]	[ 1 87]
[ 1 80]	[ 1 85]
[ 1 85]	[ 1 78]
[ 1 84]	[ 1 82]
[ 1 85]	[ 1 85]
[ 1 85]	[ 1 85]
[ 1 84]	[ 1 85]
[ 1 85]	[ 1 84]
[ 1 84]	[ 1 82]
[ 1 85]	[ 1 84]
[ 1 85]	[ 1 85]
[ 1 84]	[ 1 85]
[ 1 85]	[ 1 90]
[ 1 80]	[ 1 82]
[ 1 85]	[ 1 85]
[ 1 89]	[ 1 78]
[ 1 89]	[ 1 85]
[ 1 89]	[ 1 87]
[ 1 87]	[ 1 87]
[ 1 85]	[ 1 87]
[ 1 85]	[ 1 85]
[ 1 89]	[ 1 84]
[ 1 89]	[ 1 85]
[ 1 89]	[ 1 87]
