Accuracy: 0.4725771093550854

n_chords: 1
n_melody: 1
t_prior: 7.5
e_prior: 15.0
dataset: All
keys: major
filter_train_set: True
filter_val_set: True

~ First 3000 predicted states ~
Predicted	True
[-1 -1]	[-1 -1]
[ 1 65]	[ 1 -1]
[ 1 68]	[13 68]
[ 1 68]	[13 66]
[ 1 73]	[ 6 65]
[ 1 73]	[ 8 70]
[ 1 75]	[22 72]
[ 8 73]	[ 1 73]
[ 8 72]	[ 8 73]
[ 8 73]	[15 72]
[ 8 72]	[15 70]
[ 8 70]	[ 1 72]
[ 8 68]	[ 8 73]
[ 1 66]	[ 8 68]
[ 1 65]	[ 1 66]
[ 1 66]	[ 6 65]
[ 8 65]	[ 1 66]
[ 1 63]	[20 65]
[ 1 65]	[ 1 63]
[ 1 65]	[ 1 61]
[ 1 68]	[13 68]
[ 1 68]	[13 66]
[ 1 73]	[ 6 65]
[ 1 73]	[ 8 70]
[ 1 75]	[22 72]
[ 8 73]	[ 1 73]
[ 8 72]	[ 8 73]
[ 8 73]	[15 72]
[ 8 72]	[15 70]
[ 8 70]	[ 1 72]
[ 8 68]	[ 8 73]
[ 1 66]	[ 8 68]
[ 1 65]	[ 1 66]
[ 1 66]	[ 6 65]
[ 8 65]	[ 1 66]
[ 1 63]	[20 65]
[ 1 65]	[ 1 63]
[ 1 68]	[10 61]
[ 1 70]	[ 3 65]
[ 1 68]	[ 5 67]
[ 1 73]	[ 6 69]
[ 1 75]	[ 6 70]
[ 8 73]	[22 72]
[ 8 72]	[ 5 73]
[ 8 73]	[22 72]
[ 8 75]	[24 70]
[ 8 77]	[ 1 72]
[ 8 75]	[13 73]
[ 8 75]	[ 1 75]
[ 8 77]	[15 77]
[ 1 75]	[ 8 75]
[-1 -1]	[ 1 75]
[ 1 84]	[ 1 73]
[ 1 85]	[ 6 85]
[ 1 89]	[ 1 85]
[ 1 87]	[ 8 85]
[ 1 89]	[22 87]
[ 1 90]	[ 6 85]
[ 1 89]	[ 1 90]
[ 1 90]	[ 6 92]
[ 1 92]	[22 90]
[ 1 94]	[22 89]
[ 1 92]	[17 90]
[ 1 94]	[ 6 92]
[ 1 92]	[ 8 94]
[ 1 90]	[ 8 92]
[ 1 89]	[ 1 90]
[ 1 87]	[ 8 89]
[ 1 85]	[ 1 87]
[ 1 89]	[ 1 85]
[ 1 87]	[24 85]
[ 1 89]	[ 1 90]
[ 1 90]	[ 1 89]
[ 1 89]	[ 1 90]
[ 1 87]	[ 8 92]
[ 8 85]	[ 1 87]
[ 8 84]	[ 1 85]
[ 8 82]	[ 3 84]
[ 8 80]	[ 8 82]
[ 8 89]	[ 8 80]
[ 8 90]	[ 8 80]
[ 8 89]	[ 3 87]
[ 8 90]	[ 8 87]
[ 8 89]	[ 1 87]
[ 8 90]	[15 89]
[ 8 89]	[15 90]
[ 1 87]	[15 89]
[ 1 89]	[22 87]
[ 1 87]	[22 85]
[ 1 89]	[ 1 87]
[ 1 87]	[ 8 89]
[ 1 85]	[ 1 87]
[ 1 84]	[ 1 85]
[ 1 85]	[ 6 85]
[-1 -1]	[ 1 85]
[ 1 75]	[ 1 85]
[ 1 77]	[ 6 77]
[ 1 80]	[24 73]
[ 1 82]	[ 1 75]
[ 1 80]	[ 8 77]
[ 1 77]	[ 6 80]
[ 1 80]	[ 8 78]
[ 1 82]	[ 1 78]
[ 1 80]	[ 1 77]
[ 1 78]	[ 6 80]
[ 8 77]	[ 1 78]
[ 8 75]	[15 77]
[ 8 75]	[ 8 75]
[ 8 77]	[ 1 75]
[ 8 75]	[ 8 77]
[ 8 77]	[ 8 75]
[ 8 78]	[ 8 75]
[ 8 77]	[ 1 75]
[ 8 75]	[ 8 77]
[ 8 77]	[22 75]
[ 8 75]	[24 73]
[ 8 73]	[ 5 75]
[ 8 75]	[ 5 72]
[ 8 77]	[22 72]
[ 8 78]	[ 8 73]
[ 8 77]	[ 1 75]
[ 8 78]	[ 8 77]
[ 8 77]	[ 8 75]
[ 8 78]	[ 6 77]
[ 8 77]	[ 1 78]
[ 1 75]	[ 8 77]
[-1 -1]	[ 1 75]
[ 1 72]	[-1 73]
[ 8 73]	[ 1 68]
[ 8 72]	[ 1 73]
[ 8 70]	[ 1 72]
[ 8 68]	[ 1 70]
[ 8 70]	[ 6 68]
[ 1 72]	[ 6 70]
[ 1 73]	[ 8 72]
[ 1 73]	[ 8 73]
[ 1 75]	[ 1 75]
[ 1 77]	[ 1 77]
[ 1 75]	[10 73]
[ 1 73]	[10 78]
[ 1 73]	[15 77]
[ 1 73]	[ 8 77]
[ 1 75]	[ 8 75]
[ 8 73]	[ 1 68]
[ 8 72]	[ 1 73]
[ 8 70]	[ 1 72]
[ 8 68]	[ 1 70]
[ 8 70]	[ 6 68]
[ 1 72]	[ 6 70]
[ 1 73]	[ 6 72]
[ 1 77]	[ 6 73]
[ 1 78]	[ 6 80]
[ 1 77]	[ 1 78]
[ 1 73]	[ 1 77]
[ 1 73]	[ 8 78]
[ 1 75]	[ 8 75]
[ 1 73]	[ 1 73]
[ 1 75]	[ 1 73]
[ 1 77]	[ 1 73]
[ 1 75]	[ 1 73]
[ 1 73]	[ 1 80]
[ 1 77]	[ 1 73]
[ 1 80]	[ 1 73]
[ 1 82]	[ 6 73]
[ 1 80]	[ 6 82]
[ 1 78]	[15 80]
[ 1 77]	[15 78]
[ 1 78]	[15 77]
[ 8 77]	[15 78]
[ 8 75]	[ 8 77]
[ 8 75]	[ 8 75]
[ 8 77]	[ 8 73]
[ 8 75]	[ 8 72]
[ 8 72]	[ 8 75]
[ 8 75]	[ 8 80]
[ 8 73]	[ 1 68]
[ 8 72]	[ 1 73]
[ 8 70]	[ 1 72]
[ 8 68]	[ 1 70]
[ 8 70]	[ 6 68]
[ 1 72]	[ 6 70]
[ 1 73]	[ 8 72]
[ 1 73]	[ 8 73]
[ 1 75]	[ 1 75]
[ 1 77]	[ 1 77]
[ 1 75]	[10 73]
[ 1 73]	[10 78]
[ 1 73]	[15 77]
[ 1 73]	[ 8 77]
[ 1 77]	[ 8 75]
[ 1 75]	[ 1 68]
[ 1 73]	[ 1 80]
[ 1 77]	[ 1 73]
[ 1 80]	[ 1 73]
[ 1 82]	[ 6 73]
[ 1 80]	[ 6 82]
[ 1 77]	[15 80]
[ 8 73]	[15 78]
[ 8 72]	[15 77]
[ 8 68]	[15 75]
[ 8 70]	[ 8 70]
[ 1 72]	[ 8 72]
[ 1 73]	[ 1 68]
[-1 -1]	[ 1 73]
[ 3 80]	[ 1 73]
[ 8 82]	[ 1 80]
[ 8 80]	[ 1 79]
[ 8 80]	[ 8 80]
[ 8 80]	[ 8 84]
[ 8 82]	[ 8 82]
[ 8 80]	[ 8 78]
[ 8 82]	[ 8 80]
[ 1 84]	[ 8 79]
[ 1 85]	[ 1 80]
[ 1 80]	[ 1 87]
[ 1 85]	[ 1 85]
[ 1 87]	[ 1 77]
[ 1 89]	[ 1 89]
[ 1 85]	[ 1 89]
[ 1 84]	[ 1 87]
[ 1 85]	[ 8 85]
[ 6 80]	[ 8 85]
[ 6 82]	[ 8 84]
[ 6 84]	[ 8 78]
[ 6 85]	[ 8 85]
[ 6 84]	[ 8 85]
[ 6 85]	[ 8 84]
[ 1 82]	[ 1 82]
[ 1 80]	[ 1 82]
[ 1 85]	[ 1 80]
[ 1 84]	[ 8 77]
[ 1 85]	[ 8 84]
[ 1 84]	[ 8 85]
[ 1 85]	[ 3 87]
[ 1 80]	[ 3 85]
[ 1 85]	[ 3 85]
[1 0]	[ 8 79]
[1 0]	[ 8 80]
[1 0]	[ 8 92]
[ 1 92]	[8 0]
[ 1 92]	[1 0]
[ 1 92]	[ 1 89]
[ 1 94]	[ 1 90]
[ 1 92]	[10 92]
[ 1 90]	[10 92]
[ 8 89]	[10 90]
[ 8 87]	[15 89]
[ 8 85]	[15 87]
[ 8 84]	[15 86]
[ 8 85]	[15 87]
[ 8 87]	[ 8 82]
[ 8 92]	[ 8 87]
[ 8 92]	[ 8 89]
[ 8 90]	[ 8 90]
[ 8 89]	[ 8 90]
[ 1 87]	[ 8 89]
[ 1 85]	[ 1 87]
[ 1 84]	[ 1 85]
[ 1 85]	[ 1 84]
[1 0]	[ 1 85]
[1 0]	[ 1 80]
[1 0]	[1 0]
[ 6 80]	[1 0]
[ 6 82]	[8 0]
[ 6 82]	[ 8 78]
[ 6 84]	[ 8 80]
[ 6 85]	[ 8 84]
[ 1 82]	[ 8 82]
[ 1 80]	[ 8 82]
[ 1 80]	[ 8 80]
[ 1 82]	[ 1 78]
[ 1 80]	[ 1 77]
[ 1 80]	[ 1 80]
[ 1 80]	[ 1 85]
[ 1 82]	[ 1 82]
[ 1 80]	[ 1 82]
[ 1 85]	[ 1 80]
[ 1 89]	[ 8 77]
[ 1 87]	[ 8 80]
[ 1 89]	[ 8 90]
[ 1 87]	[ 8 89]
[ 8 85]	[ 8 87]
[ 8 84]	[ 8 85]
[ 8 82]	[ 8 84]
[ 8 80]	[ 8 82]
[ 1 78]	[ 8 80]
[ 1 77]	[ 1 78]
[ 1 80]	[ 1 77]
[ 6 80]	[ 1 80]
[ 6 82]	[ 1 85]
[ 6 78]	[ 1 82]
[ 6 77]	[ 1 80]
[ 6 78]	[8 0]
[ 6 82]	[ 8 78]
[ 6 84]	[ 8 80]
[ 6 85]	[ 8 84]
[ 1 82]	[ 8 82]
[ 1 80]	[ 8 82]
[ 1 80]	[ 8 80]
[ 1 82]	[ 1 78]
[ 1 80]	[ 1 77]
[ 1 80]	[ 1 80]
[ 1 80]	[ 1 85]
[ 1 82]	[ 1 82]
[ 1 80]	[ 1 82]
[ 1 77]	[ 1 80]
[ 6 80]	[ 6 77]
[ 6 82]	[ 6 78]
[ 6 80]	[ 6 82]
[ 6 82]	[ 8 82]
[ 6 84]	[ 8 82]
[ 1 82]	[ 8 80]
[ 1 80]	[ 8 82]
[ 1 77]	[ 8 80]
[ 1 77]	[ 8 78]
[ 1 80]	[ 1 75]
[ 1 85]	[ 1 73]
[ 1 87]	[ 1 85]
[ 1 85]	[1 0]
[ 1 89]	[ 1 89]
[ 1 87]	[ 1 80]
[ 1 89]	[15 89]
[ 1 89]	[15 89]
[ 1 85]	[15 87]
[ 1 85]	[15 87]
[ 1 80]	[8 0]
[ 1 85]	[ 8 87]
[ 1 89]	[ 8 78]
[ 1 87]	[ 1 87]
[ 1 85]	[ 1 87]
[ 1 80]	[ 1 85]
[ 1 80]	[ 1 85]
[ 1 82]	[ 1 77]
[ 1 80]	[ 1 82]
[ 6 77]	[ 8 80]
[ 6 78]	[ 8 80]
[ 6 77]	[ 8 78]
[ 6 78]	[ 8 78]
[ 6 82]	[ 8 78]
[ 6 84]	[ 8 78]
[ 6 85]	[ 8 84]
[ 1 82]	[ 1 82]
[ 1 80]	[ 1 82]
[ 1 80]	[ 1 80]
[ 1 82]	[ 1 80]
[ 1 80]	[15 80]
[ 1 85]	[15 80]
[ 1 84]	[15 78]
[ 8 85]	[15 87]
[ 8 84]	[ 8 85]
[ 8 82]	[ 8 84]
[ 8 80]	[ 8 82]
[ 8 78]	[ 8 80]
[ 8 77]	[ 8 78]
[ 1 75]	[ 8 77]
[ 1 73]	[ 1 75]
[1 0]	[ 1 73]
[-1 -1]	[ 1 85]
[ 8 68]	[22  0]
[ 8 70]	[22 70]
[ 1 72]	[22 70]
[ 8 73]	[22 72]
[ 8 72]	[24 73]
[ 8 70]	[ 6 72]
[ 8 68]	[19 70]
[ 8 68]	[19 69]
[ 8 70]	[22 70]
[ 8 68]	[22 70]
[ 8 68]	[22 68]
[ 8 70]	[ 5 70]
[ 1 72]	[ 5 72]
[ 1 73]	[ 5 72]
[ 1 73]	[22 73]
[ 1 75]	[22 73]
[ 1 73]	[22 72]
[ 1 73]	[ 3 73]
[ 1 75]	[ 5 75]
[ 8 73]	[22 77]
[ 8 72]	[24 73]
[ 8 73]	[22 72]
[ 8 75]	[17 70]
[ 8 75]	[17 72]
[ 8 77]	[ 1 72]
[ 8 75]	[24 73]
[ 8 73]	[19 75]
[ 8 72]	[ 8 73]
[ 8 75]	[22 72]
[ 8 77]	[ 8 70]
[ 8 78]	[ 8 68]
[ 8 80]	[10 75]
[ 8 82]	[14 77]
[ 8 80]	[17 79]
[ 1 78]	[19 80]
[ 1 77]	[ 1 79]
[ 1 78]	[12 77]
[ 1 77]	[ 5 76]
[ 1 78]	[ 1 77]
[ 8 77]	[ 1 77]
[ 8 75]	[ 8 77]
[ 8 73]	[ 8 75]
[ 8 75]	[ 8 73]
[ 8 77]	[ 8 72]
[ 8 78]	[ 8 73]
[ 8 77]	[17 75]
[ 8 75]	[ 5 77]
[ 8 73]	[22 75]
[ 8 75]	[ 5 73]
[ 8 75]	[22 72]
[ 8 77]	[22 77]
[ 8 78]	[24 77]
[ 8 77]	[24 75]
[ 8 78]	[19 77]
[ 8 77]	[22 78]
[ 8 75]	[19 77]
[ 8 75]	[15 75]
[ 8 73]	[ 5 73]
[ 1 72]	[ 5 72]
[ 1 73]	[ 5 72]
[ 1 73]	[22 73]
[ 1 75]	[22 73]
[ 1 73]	[22 72]
[ 1 73]	[24 73]
[ 1 75]	[17 75]
[ 1 73]	[22 77]
[-1 -1]	[ 5 73]
[ 6 87]	[ 1 72]
[ 6 85]	[ 6 85]
[ 1 82]	[ 6 85]
[ 1 80]	[ 1 82]
[ 1 85]	[ 1 80]
[ 1 84]	[ 6 77]
[ 1 82]	[ 6 85]
[ 1 80]	[ 1 82]
[ 1 85]	[ 1 80]
[ 1 84]	[ 6 77]
[ 1 82]	[ 6 85]
[ 1 80]	[ 1 82]
[ 1 77]	[ 1 80]
[ 1 77]	[ 8 77]
[ 1 80]	[ 8 75]
[ 1 85]	[ 1 73]
[ 1 84]	[ 6 85]
[ 1 82]	[ 6 85]
[ 1 80]	[ 1 82]
[ 1 80]	[ 1 80]
[ 1 80]	[ 6 77]
[ 1 78]	[ 6 85]
[ 1 77]	[ 1 82]
[ 8 73]	[ 1 77]
[ 8 75]	[ 8 80]
[ 8 77]	[ 8 75]
[ 1 75]	[ 1 77]
[ 1 77]	[ 1 75]
[ 1 80]	[ 1 73]
[ 1 82]	[ 1 73]
[ 1 80]	[ 1 77]
[ 1 77]	[ 1 80]
[ 6 80]	[ 1 80]
[ 6 82]	[ 6 77]
[ 6 84]	[ 6 78]
[ 1 82]	[ 6 82]
[ 1 80]	[ 6 82]
[ 1 82]	[ 1 80]
[ 1 80]	[ 1 77]
[ 1 77]	[ 1 80]
[ 8 73]	[ 1 80]
[ 8 75]	[ 1 73]
[ 8 75]	[ 8 75]
[ 8 77]	[ 8 77]
[ 1 75]	[ 8 75]
[ 1 77]	[ 8 75]
[ 1 80]	[ 8 73]
[ 1 82]	[ 1 75]
[ 1 80]	[ 1 77]
[ 1 77]	[ 1 80]
[ 6 80]	[ 1 80]
[ 6 82]	[ 6 77]
[ 6 84]	[ 6 78]
[ 1 82]	[ 6 82]
[ 1 80]	[ 6 82]
[ 1 77]	[ 1 80]
[ 8 73]	[ 1 77]
[ 8 72]	[ 8 80]
[ 8 75]	[ 8 75]
[ 8 77]	[ 8 75]
[ 1 75]	[ 1 77]
[-1 -1]	[ 1 75]
[ 1 84]	[-1 73]
[ 1 85]	[-1 80]
[ 8 89]	[-1 85]
[ 8 87]	[-1 89]
[ 8 89]	[ 8 87]
[ 1 87]	[ 8 84]
[ 1 89]	[ 1 87]
[ 1 92]	[ 1 85]
[ 1 90]	[ 1 89]
[ 1 89]	[ 1 92]
[ 1 87]	[ 1 92]
[ 1 85]	[ 8 85]
[ 6 84]	[ 8 85]
[ 6 85]	[ 6 84]
[ 6 82]	[ 6 82]
[ 6 84]	[ 6 82]
[ 8 85]	[ 6 81]
[ 8 87]	[ 6 82]
[ 8 85]	[ 6 87]
[ 8 87]	[ 8 85]
[ 8 89]	[ 8 84]
[ 8 87]	[ 8 92]
[ 8 85]	[ 8 90]
[ 8 84]	[ 8 84]
[ 8 85]	[ 8 84]
[ 8 87]	[ 8 83]
[ 8 89]	[ 8 84]
[ 8 87]	[ 8 89]
[ 1 84]	[ 1 87]
[ 1 85]	[ 1 87]
[ 1 84]	[ 1 85]
[ 1 85]	[ 1 80]
[ 1 84]	[ 1 85]
[ 1 85]	[ 1 89]
[ 1 89]	[ 8 85]
[ 1 87]	[ 8 84]
[ 1 85]	[ 1 87]
[ 1 87]	[ 1 85]
[ 1 89]	[ 1 80]
[ 1 87]	[ 1 85]
[ 6 89]	[ 1 87]
[ 6 90]	[ 6 89]
[ 6 89]	[ 6 90]
[ 6 90]	[ 6 82]
[ 6 90]	[ 6 90]
[ 6 89]	[ 6 90]
[ 6 90]	[ 6 89]
[ 6 89]	[ 6 90]
[ 1 90]	[ 6 82]
[ 1 92]	[ 1 90]
[ 1 89]	[ 1 89]
[ 1 87]	[ 1 89]
[ 1 85]	[ 1 88]
[ 1 87]	[ 1 89]
[ 8 85]	[ 1 80]
[ 8 84]	[15 89]
[ 8 84]	[15 87]
[ 8 82]	[ 8 82]
[ 1 84]	[ 8 84]
[ 1 85]	[ 1 80]
[ 1 84]	[ 1 85]
[ 1 85]	[ 1 85]
[ 8 89]	[ 1 85]
[ 8 90]	[1 0]
[ 8 89]	[ 1 87]
[ 8 90]	[ 1 87]
[ 8 89]	[ 1 87]
[ 8 87]	[ 1 89]
[ 8 87]	[ 1 87]
[ 8 84]	[ 1 87]
[ 8 80]	[ 3 89]
[ 8 84]	[ 3 87]
[ 8 85]	[ 3 78]
[ 8 87]	[ 3 82]
[ 8 89]	[ 3 87]
[ 8 90]	[ 3 87]
[ 8 89]	[ 3 87]
[ 8 87]	[ 3 89]
[ 8 87]	[ 3 87]
[ 8 85]	[ 3 87]
[ 8 84]	[ 8 89]
[ 8 85]	[ 8 87]
[ 8 87]	[ 8 80]
[ 8 85]	[ 3 84]
[ 8 84]	[ 3 84]
[ 8 84]	[ 3 84]
[ 8 94]	[ 3 82]
[ 8 92]	[ 3 82]
[ 8 92]	[ 3 92]
[ 8 90]	[ 3 90]
[ 8 87]	[ 3 90]
[ 8 84]	[ 3 89]
[ 8 84]	[ 8 89]
[ 8 82]	[ 8 82]
[ 8 80]	[ 8 82]
[ 8 89]	[ 8 80]
[ 8 90]	[ 8 80]
[ 8 90]	[ 8 90]
[ 8 89]	[ 8 89]
[ 8 90]	[ 8 89]
[ 8 89]	[ 8 87]
[ 8 90]	[ 8 87]
[ 8 89]	[ 8 87]
[ 8 90]	[ 8 87]
[ 8 89]	[ 8 87]
[ 8 87]	[ 8 89]
[ 8 87]	[ 8 87]
[ 8 84]	[ 8 87]
[ 8 80]	[ 3 89]
[ 8 84]	[ 3 87]
[ 8 85]	[ 3 78]
[ 8 87]	[ 3 82]
[ 8 89]	[ 3 87]
[ 8 90]	[ 3 87]
[ 8 89]	[ 3 87]
[ 8 87]	[ 3 89]
[ 8 87]	[ 3 87]
[ 8 85]	[ 3 87]
[ 8 84]	[ 8 89]
[ 8 85]	[ 8 87]
[ 8 87]	[ 8 80]
[ 8 85]	[ 3 84]
[ 8 84]	[ 3 84]
[ 8 87]	[ 3 84]
[ 8 89]	[ 3 82]
[ 1 87]	[ 3 92]
[ 1 85]	[ 3 90]
[ 1 84]	[ 8 89]
[ 1 85]	[ 8 82]
[ 1 89]	[ 8 82]
[ 1 87]	[ 8 80]
[ 1 89]	[ 8 90]
[ 1 87]	[ 8 89]
[ 1 89]	[ 3 87]
[ 8 85]	[ 3 85]
[ 8 84]	[ 3 85]
[ 8 82]	[ 3 84]
[ 1 84]	[ 3 82]
[ 1 85]	[ 3 84]
[ 1 87]	[ 3 85]
[ 1 89]	[ 3 87]
[ 1 92]	[ 3 89]
[ 1 90]	[ 8 90]
[ 1 89]	[ 8 92]
[ 1 85]	[ 8 92]
[ 1 84]	[ 8 92]
[ 1 85]	[8 0]
[ 1 87]	[ 8 85]
[ 6 89]	[ 8 84]
[ 6 90]	[ 8 85]
[ 6 85]	[ 8 90]
[ 6 82]	[ 8 90]
[ 6 80]	[ 8 82]
[ 6 82]	[ 8 81]
[ 6 82]	[ 8 82]
[ 6 84]	[ 8 85]
[ 8 85]	[ 8 85]
[ 8 87]	[11 82]
[ 8 89]	[11 84]
[ 8 90]	[11 87]
[ 8 89]	[11 90]
[ 8 87]	[ 6 87]
[ 1 84]	[ 6 87]
[ 1 85]	[ 6 87]
[ 1 84]	[ 6 85]
[ 1 85]	[6 0]
[ 1 84]	[ 1 82]
[ 1 85]	[ 1 85]
[ 1 85]	[ 1 85]
[ 1 85]	[ 1 84]
[ 1 85]	[1 0]
[ 1 85]	[ 6 80]
[ 1 84]	[ 6 84]
[ 1 85]	[ 6 84]
[ 1 84]	[ 6 82]
[ 1 85]	[6 0]
[ 1 85]	[ 6 85]
[ 1 87]	[ 6 85]
[ 6 89]	[ 6 84]
[ 6 90]	[ 6 85]
[ 6 85]	[ 6 90]
[ 6 82]	[ 6 90]
[ 6 80]	[ 6 82]
[ 6 82]	[ 6 81]
[ 6 82]	[ 6 82]
[ 6 84]	[ 6 85]
[ 8 85]	[ 6 85]
[ 8 87]	[11 82]
[ 8 89]	[11 84]
[ 8 90]	[11 87]
[ 8 89]	[11 90]
[ 8 87]	[ 6 87]
[ 1 84]	[ 6 87]
[ 1 85]	[ 6 87]
[ 1 87]	[ 6 85]
[ 1 89]	[ 6 84]
[ 1 90]	[ 6 85]
[ 1 89]	[ 1 90]
[ 1 89]	[ 1 92]
[ 1 87]	[ 1 87]
[ 6 89]	[ 1 89]
[ 6 90]	[ 6 85]
[ 6 89]	[ 6 90]
[-1 -1]	[ 6 90]
[ 1 68]	[ 1 90]
[ 1 73]	[ 1 68]
[ 1 75]	[ 1 70]
[ 1 73]	[ 1 73]
[ 1 75]	[ 1 77]
[ 1 73]	[ 1 75]
[ 1 75]	[ 8 73]
[ 1 77]	[ 8 75]
[ 1 80]	[ 8 73]
[ 1 82]	[ 1 75]
[ 1 80]	[ 1 77]
[ 6 80]	[ 1 80]
[ 6 82]	[ 6 85]
[ 6 84]	[ 6 82]
[ 6 85]	[ 6 85]
[ 1 82]	[10 82]
[ 1 80]	[10 82]
[ 1 77]	[10 80]
[ 1 75]	[ 3 77]
[ 1 73]	[ 3 75]
[ 1 73]	[ 3 77]
[ 1 73]	[ 8 75]
[ 1 68]	[ 8 75]
[ 1 70]	[ 8 73]
[ 1 68]	[ 1 70]
[ 1 73]	[ 1 68]
[ 1 75]	[ 1 70]
[ 1 73]	[ 1 73]
[ 1 75]	[ 1 77]
[ 1 73]	[ 1 75]
[ 1 75]	[ 8 73]
[ 1 77]	[ 8 75]
[ 1 80]	[ 8 73]
[ 1 82]	[ 1 75]
[ 1 80]	[ 1 77]
[ 6 80]	[ 1 80]
[ 6 82]	[ 6 85]
[ 6 84]	[ 6 82]
[ 6 85]	[ 6 85]
[ 1 82]	[ 6 82]
[ 1 80]	[ 6 82]
[ 1 77]	[ 6 80]
[ 1 75]	[ 8 77]
[ 1 73]	[ 8 75]
[ 1 77]	[ 8 73]
[ 1 80]	[ 1 70]
[ 1 82]	[10 73]
[ 1 80]	[10 85]
[ 1 80]	[10 84]
[ 1 82]	[10 85]
[ 1 80]	[10 82]
[ 1 78]	[10 80]
[ 1 77]	[10 78]
[ 1 80]	[10 77]
[ 1 82]	[10 78]
[ 1 80]	[ 8 80]
[ 1 77]	[ 8 80]
[ 1 73]	[ 8 77]
[ 1 68]	[ 1 80]
[ 1 73]	[ 1 68]
[ 8 77]	[ 1 70]
[ 8 75]	[ 3 73]
[ 8 77]	[ 3 75]
[ 8 78]	[ 3 73]
[ 8 77]	[ 8 75]
[ 8 75]	[ 8 77]
[ 8 77]	[ 8 75]
[ 1 75]	[ 8 75]
[ 1 77]	[ 8 75]
[ 1 80]	[ 8 77]
[ 1 82]	[10 80]
[ 1 80]	[10 85]
[ 1 80]	[10 84]
[ 1 82]	[10 85]
[ 1 80]	[10 82]
[ 1 78]	[10 80]
[ 1 77]	[10 78]
[ 1 80]	[10 77]
[ 1 82]	[10 78]
[ 1 80]	[ 8 80]
[ 1 77]	[ 8 80]
[ 1 73]	[ 8 77]
[ 1 68]	[ 1 80]
[ 1 73]	[ 1 68]
[ 1 73]	[ 1 70]
[ 1 75]	[ 8 73]
[ 1 73]	[ 8 75]
[ 1 73]	[ 8 73]
[ 1 75]	[ 8 75]
[ 1 73]	[ 8 77]
[ 1 75]	[ 8 73]
[ 1 77]	[ 1 73]
[ 1 75]	[ 1 73]
[ 1 73]	[ 1 80]
[ 1 73]	[ 1 77]
[ 1 75]	[ 1 73]
[ 1 77]	[ 1 73]
[ 1 78]	[ 1 73]
[ 1 80]	[ 1 75]
[ 1 82]	[ 1 77]
[ 1 80]	[ 1 78]
[ 1 82]	[ 1 80]
[ 1 80]	[ 1 77]
[ 1 82]	[ 1 80]
[ 1 80]	[ 1 85]
[ 1 82]	[ 1 80]
[ 1 80]	[ 1 77]
[ 1 77]	[ 1 80]
[ 1 75]	[ 1 77]
[ 1 73]	[ 8 73]
[ 1 73]	[ 8 77]
[ 1 75]	[ 8 73]
[ 8 73]	[ 1 68]
[ 8 75]	[ 1 73]
[ 8 77]	[ 1 72]
[ 8 75]	[ 3 73]
[ 8 77]	[ 3 75]
[ 8 78]	[ 3 73]
[ 8 77]	[ 8 75]
[ 8 75]	[ 8 77]
[ 8 77]	[ 8 75]
[ 1 75]	[ 8 75]
[ 1 77]	[ 8 75]
[ 1 77]	[ 8 77]
[ 1 80]	[ 1 78]
[ 1 82]	[ 1 80]
[ 1 80]	[ 1 77]
[ 1 82]	[ 1 80]
[ 1 80]	[ 1 85]
[ 1 82]	[ 1 80]
[ 1 80]	[ 1 77]
[ 1 77]	[ 1 80]
[ 1 75]	[ 1 77]
[ 1 73]	[ 8 73]
[ 1 73]	[ 8 77]
[ 1 75]	[ 8 73]
[ 8 73]	[ 6 68]
[ 8 75]	[ 6 73]
[ 8 77]	[ 6 72]
[ 8 75]	[ 8 73]
[ 8 77]	[ 8 75]
[ 1 75]	[ 8 73]
[ 1 73]	[ 8 75]
[ 1 73]	[ 8 77]
[ 1 75]	[ 8 73]
[ 1 77]	[ 1 73]
[ 1 78]	[ 1 73]
[ 1 77]	[ 1 75]
[ 1 75]	[ 1 77]
[ 1 73]	[ 1 78]
[ 1 73]	[ 1 77]
[ 1 75]	[ 1 73]
[ 1 77]	[ 1 73]
[-1 -1]	[ 1 73]
[ 8 82]	[-1 80]
[ 8 80]	[ 1 80]
[ 8 78]	[ 1 80]
[ 8 80]	[ 1 80]
[ 8 82]	[ 1 77]
[ 8 80]	[ 1 78]
[ 8 78]	[ 1 80]
[ 8 78]	[ 1 78]
[ 8 77]	[ 1 77]
[ 8 75]	[ 1 77]
[ 8 77]	[ 1 75]
[ 1 75]	[ 1 73]
[ 1 73]	[ 1 75]
[ 1 73]	[ 1 77]
[ 1 68]	[ 1 73]
[ 1 70]	[ 1 72]
[ 1 68]	[ 8 70]
[ 1 73]	[ 8 68]
[ 1 73]	[ 8 68]
[ 1 75]	[ 8 77]
[ 1 73]	[ 1 77]
[ 1 70]	[ 1 77]
[ 1 68]	[ 8 77]
[ 8 73]	[ 8 68]
[ 8 75]	[ 8 70]
[ 8 77]	[ 1 72]
[ 8 75]	[ 1 73]
[ 8 75]	[ 1 75]
[ 8 77]	[ 1 77]
[ 8 78]	[ 8 77]
[ 8 77]	[ 8 75]
[ 8 75]	[ 8 77]
[ 8 75]	[ 8 78]
[ 8 77]	[ 8 72]
[ 1 75]	[ 8 73]
[ 1 73]	[ 1 75]
[-1 -1]	[ 1 73]
[ 1 84]	[ 1 73]
[ 1 85]	[ 1 85]
[ 1 89]	[ 1 85]
[ 1 87]	[ 1 85]
[ 8 85]	[ 1 87]
[ 8 87]	[ 8 85]
[ 8 89]	[ 8 84]
[ 8 90]	[ 8 87]
[ 8 89]	[ 8 87]
[ 8 90]	[ 8 87]
[ 8 89]	[ 1 90]
[ 1 87]	[ 1 89]
[ 1 89]	[ 1 87]
[ 1 92]	[ 1 85]
[ 1 94]	[ 1 89]
[ 1 92]	[ 1 92]
[ 1 90]	[ 6 92]
[ 1 89]	[ 6 90]
[ 1 92]	[ 6 89]
[ 1 92]	[ 8 87]
[ 1 92]	[ 8 90]
[ 1 94]	[ 8 94]
[ 1 92]	[ 1 94]
[ 1 89]	[ 1 92]
[ 1 87]	[ 6 89]
[ 1 89]	[ 6 90]
[ 1 87]	[ 6 89]
[ 8 85]	[ 8 87]
[ 8 84]	[ 8 85]
[ 8 82]	[ 8 84]
[ 1 84]	[ 8 82]
[ 1 85]	[ 8 80]
[ 1 85]	[ 8 82]
[ 1 80]	[ 8 84]
[ 1 82]	[ 8 85]
[ 1 80]	[ 8 77]
[ 1 80]	[ 8 80]
[ 1 82]	[ 8 85]
[ 1 80]	[ 8 77]
[ 1 85]	[22 80]
[ 1 89]	[22 82]
[ 1 92]	[ 1 82]
[ 1 94]	[ 1 92]
[ 1 92]	[ 1 94]
[ 1 90]	[ 8 92]
[ 1 89]	[ 8 90]
[ 1 87]	[ 8 89]
[ 1 85]	[ 1 87]
[ 1 84]	[ 1 85]
[ 1 85]	[ 1 80]
[ 1 92]	[ 1 85]
[ 1 94]	[ 6 80]
[ 1 92]	[ 6 94]
[ 1 90]	[ 6 92]
[ 1 89]	[ 1 90]
[ 1 87]	[ 1 89]
[ 1 85]	[ 1 87]
[ 1 89]	[ 8 85]
[ 1 89]	[ 8 84]
[ 1 89]	[ 8 87]
[ 1 92]	[ 8 87]
[ 1 90]	[ 1 87]
[ 1 92]	[ 1 92]
[ 1 94]	[ 1 89]
[ 1 92]	[ 1 90]
[ 1 92]	[ 6 92]
[ 1 92]	[ 6 94]
[ 1 94]	[ 6 90]
[ 1 92]	[ 1 94]
[ 1 94]	[ 1 92]
[ 8 92]	[ 1 89]
[ 8 90]	[ 8 92]
[ 8 89]	[ 8 90]
[ 8 90]	[ 8 87]
[ 8 89]	[ 1 90]
[ 8 87]	[ 1 89]
[ 8 85]	[ 1 87]
[ 8 84]	[ 8 85]
[ 8 82]	[ 8 84]
[ 1 84]	[ 8 80]
[-1 -1]	[ 1 84]
[ 1 82]	[ 8 85]
[ 1 80]	[ 8 80]
[ 1 82]	[ 8 80]
[ 1 80]	[ 8 80]
[ 1 82]	[ 8 80]
[ 1 80]	[ 8 80]
[ 1 85]	[ 8 84]
[ 1 89]	[ 8 80]
[ 1 92]	[ 8 84]
[ 1 94]	[ 8 87]
[ 1 92]	[ 8 92]
[ 1 94]	[ 8 92]
[ 1 92]	[ 8 92]
[ 1 89]	[ 8 92]
[ 1 85]	[ 8 92]
[ 1 85]	[ 8 92]
[ 1 87]	[8 0]
[ 1 89]	[ 1 80]
[ 1 90]	[ 1 89]
[ 1 92]	[ 1 89]
[ 1 94]	[ 1 89]
[ 1 92]	[ 1 89]
[ 1 92]	[ 1 92]
[ 1 90]	[ 1 90]
[ 1 89]	[ 8 89]
[ 1 87]	[ 8 89]
[ 1 89]	[ 8 87]
[ 1 89]	[ 8 85]
[ 1 89]	[ 8 87]
[ 1 89]	[ 8 87]
[ 1 87]	[ 8 87]
[ 1 89]	[ 8 87]
[ 1 87]	[ 8 89]
[ 1 89]	[ 1 90]
[ 1 87]	[ 1 89]
[ 6 89]	[ 1 92]
[ 6 90]	[ 6 85]
[ 6 89]	[ 6 90]
[ 6 90]	[ 6 90]
[ 6 90]	[ 6 90]
[ 6 90]	[ 6 94]
[ 6 89]	[ 6 92]
[ 1 90]	[ 1 90]
[ 1 89]	[ 1 90]
[ 1 92]	[ 1 89]
[ 1 94]	[ 1 87]
[ 1 92]	[ 1 89]
[ 1 94]	[ 1 92]
[ 1 92]	[ 8 89]
[ 1 90]	[ 8 92]
[ 1 89]	[ 8 90]
[ 1 85]	[ 8 89]
[ 1 84]	[ 8 87]
[ 1 85]	[ 8 80]
[ 1 84]	[ 8 82]
[ 1 85]	[ 1 84]
[ 1 84]	[ 1 85]
[ 1 85]	[ 1 85]
[ 1 89]	[ 1 85]
[ 1 89]	[8 0]
[ 1 92]	[ 8 90]
[ 1 94]	[ 8 87]
[ 1 92]	[ 1 94]
[ 1 90]	[ 1 92]
[ 8 89]	[ 8 89]
[ 8 87]	[ 8 89]
[ 8 85]	[ 8 87]
[ 1 87]	[ 8 90]
[ 1 89]	[ 1 84]
[ 1 90]	[ 1 85]
[ 1 92]	[ 1 87]
[ 1 94]	[ 1 89]
[ 1 92]	[ 1 90]
[ 1 89]	[ 8 92]
[ 1 92]	[ 8 90]
[ 1 94]	[ 8 87]
[ 1 92]	[ 1 94]
[ 1 89]	[ 1 92]
[ 1 90]	[ 8 89]
[ 1 92]	[ 8 87]
[ 1 94]	[ 8 89]
[ 1 92]	[ 8 92]
[ 1 90]	[ 8 92]
[ 1 89]	[ 1 90]
[ 1 87]	[ 1 89]
[ 1 85]	[ 1 89]
[ 1 89]	[ 1 89]
[ 1 92]	[6 0]
[ 1 92]	[ 6 85]
[ 1 92]	[ 6 94]
[ 1 90]	[ 6 94]
[ 1 89]	[ 6 94]
[ 1 85]	[ 6 92]
[ 1 84]	[ 6 90]
[ 1 85]	[ 6 82]
[ 1 87]	[ 1 85]
[ 1 85]	[ 1 84]
[ 1 89]	[ 1 89]
[ 1 87]	[ 1 84]
[ 1 89]	[ 1 89]
[ 1 87]	[ 1 89]
[ 1 89]	[ 1 92]
[ 1 92]	[ 1 89]
[ 1 92]	[ 6 85]
[ 1 89]	[ 6 94]
[ 1 92]	[ 6 90]
[ 1 92]	[ 6 85]
[ 1 92]	[ 6 94]
[ 1 90]	[ 6 94]
[ 1 89]	[ 6 94]
[ 1 85]	[ 6 92]
[ 1 84]	[ 6 90]
[ 1 85]	[ 6 82]
[ 1 87]	[ 1 85]
[ 1 85]	[ 1 84]
[ 1 87]	[ 1 89]
[ 6 89]	[ 1 84]
[ 6 90]	[ 6 89]
[ 6 89]	[ 6 90]
[-1 -1]	[ 6 90]
[ 8 82]	[-1 90]
[ 8 80]	[-1 78]
[ 8 78]	[-1 80]
[ 8 77]	[20 78]
[ 8 78]	[20 77]
[ 8 77]	[ 1 75]
[ 1 75]	[ 1 77]
[ 1 77]	[ 1 75]
[ 1 80]	[ 1 77]
[ 1 82]	[ 6 73]
[ 1 80]	[ 6 78]
[ 1 82]	[ 6 80]
[ 1 80]	[ 1 78]
[ 1 82]	[ 1 80]
[ 6 80]	[ 1 77]
[ 6 82]	[ 6 80]
[ 6 80]	[ 1 82]
[ 8 82]	[ 6 85]
[ 8 80]	[ 6 78]
[ 8 78]	[ 6 80]
[ 8 77]	[20 78]
[ 8 78]	[20 77]
[ 8 77]	[ 1 75]
[ 1 75]	[ 1 77]
[ 1 77]	[ 1 75]
[ 1 80]	[ 1 77]
[ 1 82]	[ 6 73]
[ 1 80]	[ 6 78]
[ 1 82]	[ 6 80]
[ 1 80]	[ 1 82]
[ 1 77]	[ 1 80]
[ 1 73]	[ 1 77]
[ 1 75]	[ 8 73]
[ 6 77]	[ 1 75]
[ 6 78]	[ 1 73]
[ 6 82]	[ 1 78]
[ 6 80]	[ 1 80]
[ 6 82]	[ 6 82]
[ 6 80]	[ 6 82]
[ 6 82]	[ 6 80]
[ 6 82]	[ 6 82]
[ 6 84]	[ 6 82]
[ 6 85]	[ 6 80]
[ 1 82]	[ 6 82]
[ 1 80]	[ 6 82]
[ 1 78]	[ 6 80]
[ 1 77]	[ 1 78]
[ 1 80]	[ 1 77]
[ 1 82]	[ 1 78]
[ 1 80]	[ 1 80]
[ 1 82]	[ 1 80]
[ 1 80]	[ 1 85]
[ 1 82]	[ 1 80]
[ 1 80]	[ 1 82]
[ 6 77]	[ 1 80]
[ 6 78]	[ 1 80]
[ 6 77]	[ 1 78]
[ 6 78]	[ 6 77]
[ 6 82]	[ 6 78]
[ 6 80]	[ 6 80]
[ 6 82]	[ 6 82]
[ 6 80]	[ 6 82]
[ 6 82]	[ 6 80]
[ 6 82]	[ 6 82]
[ 6 84]	[ 6 82]
[ 6 85]	[ 6 80]
[ 1 82]	[ 6 82]
[ 1 80]	[ 6 82]
[ 1 80]	[ 6 80]
[ 1 82]	[ 1 78]
[ 1 80]	[ 1 77]
[ 1 82]	[ 1 80]
[ 1 80]	[22 85]
[ 1 77]	[22 80]
[ 1 73]	[22 77]
[-1 -1]	[ 8 73]
[ 1 94]	[-1 75]
[ 1 92]	[-1 92]
[ 1 89]	[ 1 92]
[ 1 87]	[ 1 92]
[ 1 85]	[ 1 89]
[ 1 84]	[ 1 85]
[ 1 82]	[ 1 80]
[ 1 80]	[ 1 82]
[ 1 82]	[ 1 80]
[ 1 80]	[ 1 80]
[ 1 82]	[ 1 80]
[ 1 80]	[ 1 77]
[ 1 82]	[ 1 80]
[ 1 80]	[ 1 85]
[ 1 82]	[ 1 80]
[ 1 80]	[ 1 77]
[ 1 82]	[ 1 80]
[ 8 80]	[ 1 85]
[ 8 82]	[ 8 80]
[ 8 80]	[ 8 78]
[ 8 82]	[ 8 80]
[ 8 80]	[ 8 84]
[ 8 92]	[ 8 80]
[ 8 94]	[ 8 78]
[ 8 92]	[ 8 92]
[ 8 90]	[ 8 92]
[ 8 89]	[ 8 92]
[ 8 87]	[ 8 90]
[ 8 84]	[ 8 87]
[ 8 82]	[ 8 80]
[ 8 80]	[ 8 82]
[ 8 82]	[ 8 80]
[ 8 80]	[ 8 80]
[ 8 82]	[ 8 80]
[ 8 80]	[ 8 78]
[ 8 82]	[ 8 80]
[ 8 80]	[ 8 84]
[ 8 82]	[ 8 80]
[ 1 84]	[ 8 78]
[ 1 82]	[ 8 80]
[ 1 80]	[ 8 84]
[ 1 82]	[ 1 80]
[ 1 80]	[ 1 77]
[ 1 82]	[ 1 80]
[ 1 80]	[ 1 85]
[ 1 82]	[ 1 80]
[ 1 80]	[ 8 77]
[ 1 82]	[ 8 80]
[ 1 80]	[ 8 79]
[ 1 82]	[ 8 80]
[ 1 80]	[ 8 82]
[ 1 85]	[ 8 80]
[ 1 84]	[ 8 82]
[ 1 85]	[ 1 84]
[ 1 84]	[ 1 85]
[ 1 85]	[ 1 85]
[ 8 89]	[ 5 85]
[ 8 87]	[8 0]
[ 8 85]	[ 8 87]
[ 8 84]	[ 8 84]
[ 8 85]	[ 8 87]
[ 8 84]	[ 8 82]
[ 8 85]	[ 8 87]
[ 8 84]	[ 8 80]
[ 8 85]	[ 3 87]
[ 8 84]	[ 3 78]
[ 8 85]	[ 3 87]
[ 8 87]	[ 3 82]
[ 8 89]	[ 3 87]
[ 8 87]	[ 3 90]
[ 8 87]	[ 3 87]
[ 8 89]	[ 3 85]
[ 8 87]	[ 3 87]
[ 8 89]	[ 3 87]
[ 8 87]	[ 3 85]
[ 8 85]	[ 3 87]
[ 8 84]	[ 3 84]
[ 8 85]	[ 3 87]
[ 8 84]	[ 3 82]
[ 8 85]	[ 8 87]
[ 8 87]	[ 8 80]
[ 8 89]	[ 8 87]
[ 8 90]	[ 8 84]
[ 8 89]	[ 8 87]
[ 8 87]	[ 8 92]
[ 8 89]	[ 8 87]
[ 8 87]	[ 8 84]
[ 8 85]	[ 8 87]
[ 8 84]	[ 8 87]
[ 8 84]	[ 8 84]
[ 8 85]	[ 8 87]
[ 8 84]	[ 8 82]
[ 8 84]	[ 8 87]
[ 8 80]	[ 8 80]
[ 8 89]	[ 3 87]
[ 8 87]	[ 3 78]
[ 8 89]	[ 3 87]
[ 8 90]	[ 3 85]
[ 8 89]	[ 3 87]
[ 1 87]	[ 3 90]
[ 1 89]	[ 3 87]
[ 1 89]	[ 3 85]
[ 1 89]	[ 3 87]
[ 1 87]	[ 3 87]
[ 1 89]	[ 3 85]
[ 1 85]	[ 3 89]
[ 1 84]	[ 3 87]
[ 1 85]	[ 3 85]
[ 1 85]	[ 8 82]
[ 1 85]	[ 8 80]
[ 1 85]	[ 8 84]
[ 1 84]	[ 8 80]
[ 6 85]	[6 0]
[ 6 87]	[ 6 85]
[ 6 85]	[ 6 82]
[ 6 85]	[ 6 85]
[ 6 87]	[ 6 90]
[ 6 89]	[ 6 82]
[ 6 87]	[ 6 85]
[ 6 85]	[ 6 90]
[ 6 87]	[ 6 85]
[ 6 85]	[ 6 82]
[ 6 85]	[ 6 85]
[ 6 87]	[ 6 90]
[ 6 89]	[ 6 82]
[ 6 87]	[ 6 85]
[ 6 85]	[ 6 90]
[ 6 87]	[ 6 85]
[ 6 85]	[ 6 82]
[ 6 85]	[ 6 85]
[ 6 87]	[ 6 90]
[ 6 89]	[ 6 82]
[ 6 87]	[ 6 85]
[ 8 85]	[ 1 90]
[ 1 87]	[ 1 85]
[ 1 89]	[ 1 84]
[ 1 85]	[ 1 85]
[ 1 84]	[ 1 92]
[ 1 85]	[ 1 84]
[ 1 84]	[ 1 85]
[ 1 85]	[ 1 89]
[ 1 87]	[ 1 85]
[ 1 89]	[ 1 84]
[ 1 85]	[ 1 85]
[ 1 84]	[ 1 92]
[ 1 85]	[ 1 84]
[ 1 84]	[ 1 85]
[ 1 85]	[ 1 89]
[ 1 87]	[ 1 85]
[ 1 89]	[ 1 84]
[ 1 85]	[ 1 85]
[ 1 84]	[ 1 92]
[ 1 85]	[ 1 84]
[ 1 84]	[ 1 85]
[ 1 85]	[ 1 89]
[ 1 87]	[ 1 85]
[ 1 89]	[ 1 84]
[ 1 85]	[ 1 85]
[ 1 84]	[ 1 92]
[ 1 85]	[ 1 84]
[ 1 84]	[ 1 85]
[ 6 85]	[ 6 89]
[ 6 87]	[ 6 85]
[ 6 85]	[ 6 82]
[ 6 84]	[ 6 85]
[ 6 85]	[ 6 90]
[ 6 90]	[ 6 82]
[ 6 89]	[ 6 85]
[ 6 87]	[ 6 90]
[ 6 85]	[ 6 90]
[ 6 87]	[ 6 85]
[ 6 85]	[ 6 82]
[ 6 85]	[ 6 85]
[ 6 87]	[ 6 90]
[ 6 89]	[ 6 82]
[ 6 87]	[ 6 85]
[ 6 85]	[ 6 90]
[ 6 87]	[ 6 85]
[ 6 85]	[ 6 82]
[ 6 85]	[ 6 85]
[ 6 87]	[ 6 90]
[ 6 89]	[ 6 82]
[ 6 87]	[ 6 85]
[ 6 85]	[ 6 90]
[ 6 87]	[ 6 85]
[ 6 85]	[ 6 82]
[ 6 84]	[ 6 85]
[ 8 82]	[ 6 90]
[ 1 84]	[ 6 82]
[ 1 85]	[ 6 84]
[ 1 89]	[11 85]
[ 1 89]	[11 89]
[ 1 85]	[11 87]
[ 8 89]	[11 87]
[ 8 87]	[11  0]
[ 8 89]	[11 87]
[ 8 87]	[11 84]
[ 8 87]	[11 87]
[ 8 89]	[11 92]
[ 8 87]	[11 84]
[ 1 84]	[11 87]
[ 1 85]	[ 6 92]
[ 1 87]	[ 6 85]
[ 1 89]	[ 6 82]
[ 1 85]	[ 6 85]
[ 1 87]	[ 6 90]
[ 1 89]	[ 6 82]
[ 1 87]	[ 6 85]
[ 1 85]	[ 1 90]
[ 1 89]	[ 1 85]
[ 1 87]	[ 1 84]
[ 8 85]	[ 1 92]
[ 8 84]	[ 1 85]
[ 8 80]	[ 1 84]
[ 8 80]	[ 6 80]
[-1 -1]	[ 6 78]
[ 6 78]	[ 8 82]
[ 6 77]	[ 8 75]
[ 6 78]	[ 6 77]
[ 6 77]	[ 6 78]
[ 6 78]	[ 6 78]
[ 6 77]	[ 6 78]
[ 6 78]	[ 6 78]
[ 6 77]	[ 6 78]
[ 6 78]	[ 6 78]
[ 6 77]	[ 6 75]
[ 6 78]	[ 6 77]
[ 6 77]	[ 6 78]
[ 6 78]	[ 6 78]
[ 6 78]	[ 6 78]
[ 6 77]	[ 6 78]
[ 1 78]	[ 6 78]
[ 1 77]	[ 6 78]
[ 1 80]	[ 6 77]
[ 1 82]	[ 8 78]
[ 1 80]	[ 8 80]
[ 1 82]	[ 8 80]
[ 1 80]	[ 8 80]
[ 1 82]	[ 8 80]
[ 6 80]	[ 8 80]
[ 6 82]	[ 8 80]
[ 6 80]	[ 8 82]
[ 6 78]	[ 6 80]
[ 6 77]	[ 6 78]
[ 6 78]	[ 6 78]
[ 6 77]	[ 6 78]
[ 6 78]	[ 6 78]
[ 1 82]	[ 6 78]
[ 1 80]	[ 6 78]
[ 1 78]	[ 6 80]
[ 1 77]	[ 1 78]
[ 1 75]	[ 1 77]
[ 1 73]	[ 1 77]
[ 1 73]	[ 1 77]
[ 1 75]	[ 1 77]
[ 1 77]	[ 1 77]
[ 1 78]	[ 1 77]
[ 8 77]	[ 1 78]
[ 8 75]	[ 8 77]
[ 8 75]	[ 8 75]
[ 8 77]	[ 8 75]
[ 8 75]	[ 8 75]
[ 8 77]	[ 8 75]
[ 8 78]	[ 8 75]
[ 8 77]	[ 8 75]
[ 1 75]	[ 8 77]
[ 1 77]	[ 1 75]
[ 8 73]	[ 6 73]
[ 8 72]	[ 8 78]
[ 8 68]	[ 6 72]
[ 8 70]	[ 6 70]
[ 8 68]	[ 6 70]
[ 8 72]	[ 6 72]
[ 8 75]	[ 8 70]
[ 8 77]	[ 8 75]
[ 8 75]	[ 8 77]
[ 8 75]	[ 8 75]
[ 8 77]	[ 8 73]
[ 1 75]	[ 8 72]
[ 1 73]	[ 1 75]
[ 1 73]	[ 1 73]
[ 1 75]	[ 1 73]
[ 1 73]	[ 1 73]
[ 1 75]	[ 1 73]
[ 8 73]	[ 1 75]
[ 8 72]	[ 1 73]
[ 1 75]	[ 1 72]
[ 1 73]	[ 1 70]
[ 6 68]	[ 8 77]
[ 6 70]	[ 8 75]
[ 6 73]	[ 8 70]
[ 6 78]	[ 8 66]
[ 6 77]	[ 6 70]
[ 6 78]	[ 6 78]
[ 6 77]	[ 6 78]
[ 6 78]	[ 6 78]
[ 6 77]	[ 6 78]
[ 6 78]	[ 6 77]
[ 6 80]	[ 6 78]
[ 6 78]	[ 6 82]
[ 1 75]	[ 6 82]
[ 1 77]	[ 1 82]
[ 1 78]	[ 1 73]
[ 1 77]	[ 1 75]
[ 1 80]	[ 1 77]
[ 1 82]	[ 8 78]
[ 1 80]	[ 8 80]
[ 1 82]	[ 8 80]
[ 6 80]	[ 8 80]
[ 6 82]	[ 8 80]
[ 6 80]	[ 8 78]
[ 6 82]	[ 6 80]
[ 6 80]	[ 6 82]
[ 6 82]	[ 6 82]
[ 8 85]	[ 6 82]
[ 8 84]	[ 6 82]
[ 8 82]	[ 6 84]
[ 8 80]	[ 6 82]
[ 8 78]	[ 6 80]
[ 8 77]	[ 6 78]
[ 8 78]	[ 8 77]
[ 8 77]	[ 8 75]
[ 8 75]	[ 8 77]
[ 8 75]	[ 8 75]
[ 8 77]	[ 8 73]
[ 1 75]	[ 8 72]
[ 1 73]	[ 1 75]
[ 1 73]	[ 1 73]
[ 1 75]	[ 1 73]
[ 1 73]	[ 1 73]
[ 1 75]	[ 1 73]
[ 8 73]	[ 1 75]
[ 8 72]	[ 1 73]
[ 1 75]	[ 1 72]
[ 1 73]	[ 1 70]
[ 6 68]	[ 8 77]
[ 6 70]	[ 8 75]
[ 6 73]	[ 8 70]
[ 6 78]	[ 8 66]
[ 6 77]	[ 6 70]
[ 6 78]	[ 6 78]
[ 6 77]	[ 6 78]
[ 6 78]	[ 6 78]
[ 6 77]	[ 6 78]
[ 6 78]	[ 6 77]
[ 1 82]	[ 6 78]
[ 1 80]	[ 8 82]
[ 1 77]	[ 8 80]
[ 6 73]	[ 8 80]
[ 6 78]	[ 8 80]
[ 6 77]	[ 6 70]
[ 6 78]	[ 6 78]
[ 6 73]	[ 6 78]
[ 1 75]	[ 6 78]
[ 1 73]	[ 1 70]
[ 1 75]	[ 1 77]
[ 8 73]	[ 1 77]
[ 8 75]	[ 1 77]
[ 8 77]	[ 8 70]
[ 8 75]	[ 8 75]
[-1 -1]	[ 8 75]
[ 1 78]	[ 1 75]
[ 1 80]	[ 1 85]
[ 1 82]	[ 1 77]
[ 1 80]	[ 1 82]
[ 1 77]	[ 1 80]
[ 1 80]	[ 8 77]
[ 8 85]	[ 8 78]
[ 8 84]	[ 8 80]
[ 8 82]	[ 8 84]
[ 8 80]	[ 8 84]
[ 8 80]	[ 8 84]
[ 8 82]	[ 8 78]
[ 8 80]	[ 8 82]
[ 1 78]	[ 8 80]
[ 1 80]	[ 1 78]
[ 1 85]	[ 1 77]
[ 1 89]	[ 8 85]
[ 1 85]	[ 8 84]
[ 1 80]	[ 1 87]
[ 1 80]	[ 1 85]
[ 1 82]	[ 1 77]
[ 1 80]	[ 1 82]
[ 1 77]	[ 1 80]
[ 1 80]	[ 8 77]
[ 8 85]	[ 8 78]
[ 8 84]	[ 8 80]
[ 8 82]	[ 8 84]
[ 8 80]	[ 8 84]
[ 8 80]	[ 8 84]
[ 8 80]	[ 8 78]
[ 8 82]	[ 8 82]
[ 1 84]	[ 8 80]
[ 1 85]	[ 1 84]
[ 6 80]	[ 6 85]
[ 6 82]	[ 6 85]
[ 6 82]	[ 6 82]
[ 6 80]	[ 6 78]
[ 6 82]	[ 6 85]
[ 6 84]	[ 6 82]
[ 1 82]	[ 1 78]
[ 1 80]	[ 1 82]
[ 1 80]	[ 1 80]
[ 1 82]	[ 1 77]
[ 1 80]	[ 1 82]
[ 1 80]	[ 1 80]
[ 8 77]	[ 8 77]
[ 8 78]	[ 8 78]
[ 8 77]	[ 8 75]
[ 8 75]	[ 8 80]
[ 8 73]	[ 8 78]
[ 1 72]	[ 8 75]
[ 1 73]	[ 1 72]
[ 1 77]	[ 1 73]
[ 1 78]	[ 1 77]
[ 1 80]	[ 1 80]
[ 6 80]	[ 6 77]
[ 6 82]	[ 6 85]
[ 6 82]	[ 6 82]
[ 6 80]	[ 6 78]
[ 6 82]	[ 6 85]
[ 6 84]	[ 6 82]
[ 1 82]	[ 1 78]
[ 1 80]	[ 1 82]
[ 1 80]	[ 1 80]
[ 1 82]	[ 1 77]
[ 1 80]	[ 1 82]
[ 1 80]	[ 1 80]
[ 8 77]	[ 8 77]
[ 8 78]	[ 8 78]
[ 8 77]	[ 8 75]
[ 8 75]	[ 8 80]
[ 8 73]	[ 8 78]
[-1 -1]	[ 8 75]
[ 8 89]	[-1 72]
[ 8 87]	[-1 87]
[ 8 85]	[-1 87]
[ 8 84]	[ 8 85]
[ 8 82]	[ 8 84]
[ 8 80]	[ 8 80]
[ 8 82]	[ 8 80]
[ 8 80]	[ 8 82]
[ 8 80]	[ 8 84]
[ 8 78]	[ 8 80]
[ 8 77]	[ 8 82]
[ 8 75]	[ 6 78]
[ 8 77]	[ 6 75]
[ 8 75]	[ 6 75]
[ 8 77]	[ 6 78]
[ 8 75]	[ 6 73]
[ 8 77]	[ 6 78]
[ 8 75]	[ 6 75]
[ 8 80]	[ 6 78]
[ 8 80]	[ 6 73]
[ 8 82]	[ 8 82]
[ 8 80]	[ 8 84]
[ 8 82]	[ 8 84]
[ 8 80]	[ 8 80]
[ 8 82]	[ 8 80]
[ 8 80]	[ 8 82]
[ 8 80]	[ 8 84]
[ 8 80]	[ 8 80]
[ 8 82]	[ 8 82]
[ 1 84]	[ 1 78]
[ 1 85]	[ 1 80]
[ 1 85]	[ 1 85]
[ 1 84]	[ 1 85]
[ 1 85]	[ 1 84]
[ 1 85]	[ 1 85]
[ 1 84]	[ 1 87]
[ 1 85]	[ 1 89]
[ 1 84]	[ 1 85]
[ 1 85]	[ 1 80]
[ 1 85]	[ 1 85]
[ 1 84]	[ 1 85]
[ 1 85]	[ 1 84]
[ 1 84]	[ 1 85]
[ 1 85]	[ 1 85]
[ 1 89]	[ 1 85]
[ 1 87]	[ 1 85]
[ 1 89]	[ 1 87]
[ 1 87]	[ 1 89]
[ 8 85]	[ 1 89]
[ 8 84]	[ 8 85]
[ 8 82]	[ 8 87]
[ 1 84]	[ 8 87]
[ 1 85]	[ 1 84]
[ 1 89]	[ 1 85]
[ 1 87]	[ 1 89]
[ 1 85]	[ 1 87]
[ 1 85]	[ 8 85]
[ 1 85]	[ 8 84]
[ 1 89]	[ 8 80]
[ 1 87]	[ 8 80]
[ 1 89]	[ 1 90]
[ 1 87]	[ 1 89]
[ 1 89]	[ 1 89]
[ 1 89]	[ 8 85]
[ 1 87]	[ 8 87]
[ 1 89]	[ 8 87]
[ 1 92]	[20 85]
[ 1 94]	[20 87]
[ 1 92]	[20 92]
[ 1 89]	[20 92]
[ 1 85]	[ 1 90]
[ 1 84]	[ 1 87]
[ 1 85]	[ 1 85]
[ 1 87]	[ 1 85]
[ 1 89]	[1 0]
[ 1 92]	[ 1 89]
[ 1 90]	[ 1 90]
[ 1 89]	[ 1 92]
[ 1 87]	[ 8 89]
[ 1 89]	[ 8 87]
[ 1 89]	[ 8 89]
[ 1 87]	[ 8 90]
[ 1 89]	[ 1 87]
[ 1 87]	[ 1 85]
[ 1 89]	[ 1 85]
[ 1 87]	[ 1 89]
[ 8 85]	[ 1 87]
[ 8 84]	[ 8 85]
[ 8 82]	[ 8 84]
[ 8 80]	[ 8 80]
[ 8 80]	[ 8 80]
[ 8 82]	[ 1 78]
[ 1 84]	[ 1 80]
[ 1 85]	[ 1 80]
[ 1 85]	[ 1 85]
[ 1 87]	[ 1 85]
[ 1 89]	[ 6 84]
[ 1 87]	[ 6 85]
[ 1 89]	[ 6 87]
[ 1 92]	[ 6 89]
[ 1 94]	[ 8 90]
[ 1 92]	[ 8 92]
[ 1 92]	[ 8 92]
[ 1 89]	[ 8 89]
[ 1 89]	[ 8 90]
[ 1 87]	[ 1 87]
[ 1 89]	[ 1 85]
[ 1 87]	[ 1 89]
[-1 -1]	[ 1 87]
[ 1 92]	[-1 85]
[ 1 92]	[-1 89]
[ 1 94]	[ 1 90]
[ 1 92]	[ 1 92]
[ 1 94]	[ 1 92]
[ 1 92]	[ 1 94]
[ 1 94]	[ 1 92]
[ 1 92]	[ 1 91]
[ 1 89]	[ 1 92]
[ 1 87]	[ 1 89]
[ 1 89]	[ 1 85]
[ 1 85]	[ 8 89]
[ 1 85]	[ 8 87]
[ 1 89]	[ 8 84]
[ 1 87]	[ 8 80]
[ 1 85]	[ 1 90]
[ 1 84]	[ 1 89]
[ 1 85]	[ 1 85]
[ 1 87]	[ 8 82]
[ 1 89]	[ 8 80]
[ 1 92]	[ 8 89]
[ 1 94]	[ 1 90]
[ 1 92]	[ 1 92]
[ 1 94]	[ 1 92]
[ 1 92]	[ 1 94]
[ 1 94]	[ 1 92]
[ 1 92]	[ 1 91]
[ 1 89]	[ 1 92]
[ 1 87]	[ 1 89]
[ 8 85]	[ 1 85]
[ 8 84]	[ 8 89]
[ 8 82]	[ 8 87]
[ 8 80]	[ 8 84]
[ 8 82]	[ 8 80]
[ 1 84]	[ 8 82]
[ 1 85]	[ 1 84]
[ 1 85]	[ 1 85]
[ 1 84]	[ 1 85]
[ 1 82]	[ 1 84]
[ 1 80]	[ 1 82]
[ 1 80]	[ 1 80]
[ 1 82]	[ 8 82]
[ 1 80]	[ 8 78]
[ 1 85]	[ 1 80]
[ 1 87]	[ 1 77]
[ 1 89]	[ 1 80]
[ 1 90]	[ 1 85]
[ 8 89]	[ 1 87]
[ 8 87]	[15 89]
[ 8 85]	[15 90]
[ 8 84]	[ 8 87]
[ 8 82]	[ 8 84]
[ 1 84]	[ 8 82]
[ 1 85]	[ 1 84]
[ 1 89]	[ 1 85]
[ 1 87]	[ 1 89]
[ 8 85]	[ 6 87]
[ 8 84]	[ 6 85]
[ 8 82]	[ 6 84]
[ 8 80]	[ 1 82]
[ 8 80]	[ 1 80]
[ 8 82]	[ 8 82]
[ 8 80]	[ 8 78]
[ 8 82]	[ 1 80]
[ 1 84]	[ 1 77]
[ 1 85]	[ 1 80]
[ 1 87]	[ 1 85]
[ 8 89]	[ 1 87]
[ 8 87]	[ 6 89]
[ 8 85]	[ 6 90]
[ 8 84]	[ 8 87]
[ 8 82]	[ 8 84]
[ 1 84]	[ 8 82]
[-1 -1]	[ 1 84]
[ 6 80]	[-1 85]
[ 6 82]	[-1 77]
[ 6 90]	[ 1 78]
[ 6 89]	[ 1 80]
[ 6 87]	[ 1 89]
[ 6 85]	[ 1 87]
[ 6 84]	[ 1 85]
[ 6 82]	[ 6 84]
[ 6 80]	[ 6 85]
[ 6 82]	[ 6 82]
[ 6 84]	[ 1 78]
[ 1 82]	[ 1 80]
[ 1 80]	[ 1 82]
[ 1 77]	[ 1 80]
[ 1 80]	[ 1 77]
[ 1 82]	[ 1 73]
[ 1 84]	[ 1 77]
[ 1 85]	[ 1 80]
[ 1 87]	[ 8 85]
[ 1 89]	[ 8 84]
[ 1 87]	[ 8 85]
[ 1 89]	[ 8 87]
[ 1 89]	[ 8 89]
[ 1 85]	[ 8 90]
[ 1 84]	[ 8 87]
[ 1 85]	[ 1 84]
[ 1 84]	[ 1 85]
[ 1 82]	[ 1 89]
[ 1 80]	[ 8 85]
[ 1 77]	[ 8 80]
[ 1 80]	[ 8 80]
[ 1 85]	[ 1 78]
[ 1 84]	[ 1 85]
[ 1 85]	[ 1 87]
[ 1 89]	[ 1 85]
[ 1 87]	[ 1 84]
[ 8 85]	[ 1 85]
[ 8 84]	[ 1 85]
[ 8 80]	[ 6 84]
[ 8 80]	[ 6 82]
[ 8 84]	[ 6 82]
[ 8 85]	[ 6 78]
[ 8 87]	[ 6 82]
[ 8 89]	[ 6 84]
[ 8 87]	[ 6 85]
[ 8 85]	[ 6 87]
[ 8 84]	[ 6 85]
[ 8 82]	[ 6 84]
[ 1 84]	[ 1 82]
[ 1 85]	[ 1 80]
[ 1 87]	[ 1 85]
[ 1 89]	[ 1 87]
[ 1 90]	[ 1 89]
[ 8 89]	[ 1 89]
[ 8 87]	[ 8 92]
[ 8 85]	[ 8 90]
[ 8 84]	[ 8 87]
[ 8 84]	[ 8 84]
[ 8 82]	[ 8 80]
[ 8 80]	[ 8 82]
[ 8 78]	[ 8 80]
[ 8 77]	[ 8 78]
[ 1 75]	[ 8 77]
[ 1 73]	[ 1 75]
[ 1 77]	[ 1 73]
[ 1 80]	[ 1 77]
[ 1 82]	[ 1 78]
[ 1 84]	[ 1 80]
[ 8 85]	[ 1 80]
[ 8 84]	[ 1 85]
[ 8 80]	[ 6 84]
[ 8 80]	[ 6 82]
[ 8 80]	[ 6 82]
[ 8 82]	[ 6 78]
[ 1 84]	[ 6 82]
[ 1 85]	[ 6 84]
[ 1 84]	[ 6 85]
[ 1 85]	[ 6 87]
[ 1 84]	[ 6 85]
[ 1 85]	[ 6 84]
[ 1 87]	[ 1 82]
[ 1 89]	[ 1 80]
[ 1 90]	[ 1 85]
[ 1 92]	[ 1 87]
[ 1 94]	[ 1 89]
[ 1 92]	[ 1 89]
[ 1 94]	[ 8 92]
[ 1 92]	[ 8 90]
[ 1 90]	[ 8 92]
[ 1 89]	[ 8 90]
[ 1 87]	[ 8 89]
[ 1 85]	[ 8 87]
[ 1 84]	[ 8 85]
[ 1 85]	[ 8 84]
[ 1 82]	[ 8 85]
[ 1 80]	[ 8 84]
[ 1 85]	[ 8 80]
[ 1 84]	[ 8 82]
[ 1 85]	[ 1 84]
[ 1 89]	[ 1 85]
[-1 -1]	[ 1 89]
[ 8 84]	[ 1 87]
[ 8 87]	[ 1 85]
[ 8 89]	[ 8 82]
[ 8 90]	[ 8 87]
[ 8 89]	[ 8 87]
[ 1 87]	[ 8 89]
[ 1 85]	[ 8 87]
[ 1 84]	[ 8 85]
[ 1 85]	[ 8 82]
[ 1 84]	[ 1 85]
[ 1 82]	[ 1 85]
[ 1 80]	[ 1 82]
[ 1 78]	[ 1 80]
[ 1 77]	[ 1 77]
[ 1 75]	[ 1 77]
[ 1 73]	[ 1 73]
[ 1 73]	[ 1 77]
[ 1 77]	[ 1 77]
[ 1 80]	[ 1 75]
[ 1 80]	[ 1 73]
[ 1 85]	[ 1 85]
[ 1 89]	[ 8 82]
[ 1 87]	[ 8 87]
[ 1 89]	[ 8 87]
[ 1 87]	[ 8 89]
[ 1 85]	[ 8 87]
[ 1 84]	[ 8 85]
[ 1 85]	[ 8 82]
[ 1 87]	[ 8 85]
[ 1 89]	[ 1 85]
[ 1 89]	[ 1 89]
[ 1 87]	[ 1 87]
[ 6 85]	[ 1 87]
[ 6 82]	[ 1 85]
[ 6 84]	[ 1 82]
[ 6 85]	[ 1 84]
[ 1 82]	[ 1 85]
[ 1 80]	[ 1 82]
[ 1 77]	[ 1 80]
[ 1 77]	[ 1 77]
[ 1 80]	[ 1 75]
[ 1 80]	[ 1 73]
[ 1 82]	[ 1 85]
[ 1 80]	[ 1 82]
[ 8 77]	[ 1 80]
[ 8 75]	[ 1 77]
[ 8 77]	[ 1 75]
[ 8 75]	[ 1 73]
[ 8 77]	[ 1 75]
[ 8 75]	[ 1 75]
[ 8 77]	[ 1 75]
[ 8 75]	[ 1 75]
[ 8 77]	[ 1 75]
[ 8 75]	[ 1 75]
[ 8 77]	[ 1 75]
[ 1 75]	[ 1 73]
[ 1 73]	[ 1 75]
[ 1 75]	[ 1 73]
[ 1 73]	[ 1 70]
[ 8 77]	[ 1 73]
[ 8 78]	[ 1 73]
[ 8 77]	[ 1 75]
[ 8 75]	[ 1 77]
[ 8 77]	[ 1 75]
[ 8 75]	[ 1 75]
[ 8 77]	[ 1 75]
[ 1 75]	[ 1 73]
[ 1 73]	[ 1 75]
[ 1 75]	[ 1 73]
[ 1 73]	[ 1 70]
[ 1 70]	[ 8 73]
[ 1 68]	[ 8 75]
[ 1 73]	[ 8 68]
[ 1 73]	[ 8 68]
[ 1 75]	[ 8 75]
[ 1 77]	[ 8 77]
[ 1 75]	[ 8 77]
[ 1 73]	[ 8 78]
[ 1 73]	[ 8 77]
[ 1 73]	[ 8 77]
[ 1 68]	[ 8 75]
[ 1 70]	[ 8 73]
[ 1 68]	[ 8 70]
[ 1 68]	[ 1 68]
[ 1 70]	[ 1 73]
[ 1 68]	[ 1 70]
[-1 -1]	[ 1 68]
[ 1 82]	[-1 65]
[ 1 80]	[-1 84]
[ 1 80]	[-1 80]
[ 1 82]	[-1 77]
[ 1 80]	[-1 82]
[ 1 78]	[-1 80]
[ 1 77]	[-1 79]
[ 1 75]	[-1 77]
[ 8 73]	[-1 76]
[ 8 72]	[-1 73]
[ 8 70]	[-1 72]
[ 8 68]	[-1 68]
[ 8 70]	[-1 72]
[ 8 68]	[-1 70]
[ 8 72]	[17 68]
[ 8 73]	[17 68]
[ 8 75]	[17 68]
[ 8 75]	[17 72]
[ 8 80]	[17 77]
[ 8 80]	[17 77]
[ 8 82]	[17 78]
[ 8 80]	[17 80]
[ 8 80]	[17 80]
[ 8 82]	[17 82]
[ 8 80]	[17 79]
[ 8 78]	[17 84]
[ 8 77]	[17 82]
[ 8 75]	[17 80]
[ 8 77]	[17 75]
[ 8 78]	[17 75]
[ 8 77]	[17 78]
[ 8 75]	[17 80]
[ 8 73]	[17 75]
[ 8 72]	[17 78]
[ 8 82]	[17 70]
[ 8 80]	[17 70]
[ 1 78]	[17 84]
[ 1 80]	[17 80]
[ 1 82]	[17 77]
[ 1 80]	[17 82]
[ 1 78]	[17 80]
[ 1 77]	[17 79]
[ 1 75]	[17 77]
[ 8 73]	[17 76]
[ 8 72]	[17 73]
[ 8 70]	[17 72]
[ 8 68]	[17 68]
[ 8 70]	[17 72]
[ 8 68]	[17 70]
[ 8 72]	[17 68]
[ 8 73]	[17 68]
[ 1 75]	[17 68]
[ 1 73]	[17 72]
[ 1 77]	[17 77]
[ 1 80]	[17 77]
[ 1 82]	[17 78]
[ 1 80]	[17 80]
[ 1 80]	[17 80]
[ 1 80]	[ 3 82]
[ 1 82]	[ 3 79]
[ 1 80]	[ 3 78]
[ 1 80]	[ 3 80]
[ 6 77]	[ 3 77]
[ 6 75]	[ 3 77]
[ 6 77]	[ 3 78]
[ 6 78]	[ 3 76]
[ 6 77]	[ 3 75]
[ 6 78]	[ 3 78]
[ 6 77]	[ 3 78]
[ 6 78]	[ 3 78]
[ 1 78]	[ 3 78]
[ 1 77]	[3 0]
[ 1 78]	[ 3 77]
[ 8 77]	[ 3 77]
[ 8 75]	[ 3 77]
[ 8 77]	[ 3 78]
[ 8 78]	[ 3 76]
[ 8 77]	[ 3 75]
[ 8 78]	[ 3 78]
[ 8 77]	[ 3 78]
[ 8 78]	[ 3 78]
[ 8 77]	[ 3 78]
[ 8 75]	[ 3 77]
[ 8 77]	[ 3 78]
[ 8 75]	[ 3 76]
[ 8 73]	[ 3 75]
[ 8 75]	[ 3 77]
[ 8 77]	[ 3 72]
[ 8 75]	[ 3 77]
[ 8 77]	[ 3 78]
[ 8 75]	[ 3 75]
[ 8 73]	[ 3 75]
[ 8 75]	[ 3 77]
[ 8 77]	[ 3 72]
[ 1 75]	[ 3 72]
[ 1 73]	[ 3 75]
[ 1 75]	[ 3 77]
[ 1 77]	[ 3 77]
[ 1 80]	[ 3 77]
[ 1 82]	[ 3 78]
[ 6 80]	[ 3 80]
[ 6 82]	[ 3 80]
[ 6 84]	[ 3 82]
[ 8 85]	[ 3 78]
[ 8 84]	[ 3 82]
[ 8 82]	[ 3 84]
[ 8 80]	[ 3 80]
[ 8 80]	[ 3 80]
[ 8 80]	[ 3 82]
[ 8 82]	[ 3 78]
[ 8 80]	[ 3 82]
[ 8 82]	[ 3 84]
[ 8 80]	[ 3 80]
[ 8 80]	[ 3 80]
[ 8 80]	[ 3 82]
[ 8 82]	[ 3 78]
[ 8 80]	[ 3 78]
[ 8 80]	[ 3 80]
[ 8 82]	[ 3 82]
[ 1 84]	[ 3 82]
[ 1 85]	[ 3 84]
[ 1 89]	[ 3 85]
[ 1 89]	[ 3 85]
[ 1 87]	[ 8 87]
[ 1 89]	[ 8 87]
[ 1 87]	[ 8 89]
[ 1 85]	[ 8 87]
[ 1 87]	[ 8 85]
[ 1 89]	[ 8 84]
[ 1 90]	[ 8 89]
[ 1 89]	[ 8 90]
[ 8 85]	[ 8 92]
[ 8 87]	[ 8 92]
[ 8 85]	[ 8 84]
[ 8 84]	[ 8 85]
[ 8 85]	[ 8 84]
[ 8 87]	[ 8 82]
[ 8 89]	[ 8 84]
[ 8 87]	[ 8 89]
[ 8 87]	[ 8 87]
[ 8 89]	[ 8 86]
[ 8 90]	[ 8 87]
[ 8 89]	[ 8 87]
[ 8 87]	[ 3 89]
[ 8 84]	[ 3 90]
[ 8 85]	[ 3 90]
[ 8 84]	[ 3 82]
[ 8 82]	[ 3 84]
[ 8 80]	[ 3 82]
[ 8 84]	[ 3 80]
[ 8 87]	[ 8 82]
[ 8 85]	[ 8 82]
[ 8 84]	[ 8 85]
[ 8 82]	[ 8 84]
[ 1 84]	[ 8 82]
[ 1 85]	[ 8 84]
[ 1 87]	[ 8 85]
[ 1 85]	[ 8 87]
[ 1 82]	[ 8 89]
[ 1 80]	[ 8 89]
[ 1 82]	[ 8 80]
[ 1 80]	[ 8 82]
[ 1 82]	[ 8 80]
[ 1 80]	[ 8 78]
[ 1 82]	[ 8 80]
[ 1 80]	[ 8 85]
[ 1 82]	[ 8 84]
[ 1 80]	[ 8 82]
[ 1 78]	[ 8 80]
[ 1 77]	[ 8 79]
[ 1 75]	[ 8 77]
[ 1 73]	[ 8 76]
[ 1 75]	[ 8 77]
[ 8 73]	[ 8 77]
[ 8 75]	[ 8 77]
[ 8 72]	[ 8 72]
[ 8 68]	[ 8 76]
[ 8 70]	[17 70]
[ 8 68]	[17 70]
[ 8 72]	[17 68]
[ 8 75]	[17 68]
[ 8 77]	[17 68]
[ 8 75]	[17 77]
[ 8 75]	[17 78]
[ 8 73]	[17 77]
[ 8 75]	[17 77]
[ 8 72]	[17 72]
[ 8 68]	[17 76]
[ 8 68]	[17 70]
[ 8 70]	[17 70]
[ 8 68]	[17 68]
[ 8 80]	[17 68]
[ 8 82]	[17 68]
[ 8 80]	[17  0]
[ 8 82]	[17 80]
[ 8 80]	[17 80]
[ 8 80]	[17 84]
[ 8 78]	[17 82]
[ 8 75]	[17 78]
[ 8 73]	[17 80]
[ 8 70]	[17 77]
[ 1 72]	[17 72]
[ 1 73]	[17 68]
[ 1 73]	[17 73]
[ 1 75]	[17 77]
[ 1 77]	[17 75]
[ 6 80]	[17 73]
[ 6 82]	[17 76]
[ 6 80]	[17 78]
[ 6 82]	[17 78]
[ 6 80]	[17 82]
[ 1 78]	[17 80]
[ 1 77]	[17 78]
[ 1 75]	[17 77]
[ 8 73]	[17 76]
[ 8 75]	[17 77]
[ 8 77]	[17 72]
[ 8 75]	[17 75]
[ 8 73]	[17 78]
[ 8 72]	[17 75]
[ 8 73]	[17 72]
[ 8 75]	[17 68]
[ 8 80]	[17 72]
[ 8 82]	[17 77]
[ 8 80]	[17 80]
[ 8 82]	[17 80]
[ 8 80]	[17 80]
[ 8 80]	[17 84]
[ 8 78]	[17 82]
[ 8 75]	[17 78]
[ 8 73]	[17 80]
[ 8 70]	[17 77]
[ 1 72]	[17 72]
[ 1 73]	[17 68]
[ 1 73]	[17 73]
[ 1 75]	[17 77]
[ 1 77]	[17 75]
[ 1 78]	[17 73]
[ 1 77]	[17 76]
[ 1 80]	[17 77]
[ 1 80]	[17 77]
[ 1 78]	[17 85]
[ 1 80]	[17 82]
[ 1 85]	[17 77]
[ 1 82]	[17 77]
[ 1 80]	[17 84]
[ 1 77]	[17 80]
[ 6 80]	[17 77]
[ 6 82]	[17 76]
[ 6 80]	[17 78]
[-1 -1]	[17 84]
[ 6 78]	[-1 82]
[ 1 82]	[-1 77]
[ 1 80]	[ 1 78]
[ 1 80]	[ 1 80]
[ 1 85]	[ 1 77]
[ 1 84]	[ 1 80]
[ 1 85]	[ 1 89]
[ 1 84]	[ 1 85]
[ 1 85]	[ 1 85]
[ 1 82]	[ 1 85]
[ 1 80]	[1 0]
[ 1 82]	[ 1 80]
[ 1 80]	[ 1 82]
[ 1 77]	[ 1 80]
[ 1 78]	[ 1 77]
[ 1 77]	[ 1 73]
[ 8 73]	[ 1 77]
[ 8 75]	[ 8 80]
[ 8 73]	[ 8 72]
[ 8 75]	[ 8 72]
[ 8 77]	[ 8 72]
[ 8 78]	[8 0]
[ 8 77]	[ 8 75]
[ 8 78]	[ 8 77]
[ 8 80]	[ 8 78]
[ 8 87]	[ 8 77]
[ 8 89]	[ 8 78]
[ 8 90]	[ 8 84]
[ 8 89]	[ 8 87]
[ 8 87]	[ 8 87]
[ 8 87]	[ 8 87]
[ 8 85]	[8 0]
[ 8 84]	[ 8 85]
[ 8 82]	[ 8 84]
[ 8 80]	[ 8 82]
[ 1 78]	[ 8 80]
[ 1 77]	[ 1 78]
[ 1 75]	[ 1 77]
[ 1 73]	[ 1 77]
[ 1 75]	[ 1 77]
[ 1 77]	[1 0]
[ 1 80]	[ 1 77]
[ 1 85]	[ 1 78]
[ 1 84]	[ 1 80]
[ 1 85]	[ 1 84]
[ 1 84]	[ 1 85]
[ 1 85]	[ 1 84]
[ 1 89]	[ 1 85]
[ 1 87]	[ 1 89]
[ 1 85]	[ 1 87]
[ 1 87]	[ 1 85]
[ 6 89]	[1 0]
[ 6 87]	[ 6 85]
[ 6 85]	[ 6 87]
[ 6 82]	[ 6 85]
[ 6 85]	[ 6 82]
[ 6 84]	[ 6 78]
[ 1 82]	[ 6 82]
[ 1 80]	[ 1 85]
[ 1 82]	[ 1 80]
[ 1 84]	[ 1 77]
[ 1 85]	[ 1 80]
[ 1 85]	[ 8 85]
[ 1 85]	[ 8 84]
[ 1 89]	[ 8 80]
[ 1 87]	[ 8 84]
[ 1 85]	[ 1 90]
[ 1 85]	[ 1 89]
[ 1 87]	[ 1 85]
[ 6 89]	[1 0]
[ 6 87]	[ 6 85]
[ 6 85]	[ 6 87]
[ 6 82]	[ 6 85]
[ 6 85]	[ 6 82]
[ 6 84]	[ 6 78]
[ 1 82]	[ 6 82]
[ 1 80]	[ 1 85]
[ 1 82]	[ 1 80]
[ 1 84]	[ 1 77]
[ 1 85]	[ 1 80]
[ 1 85]	[ 8 85]
[ 1 85]	[ 8 84]
[ 1 89]	[ 8 80]
[ 1 85]	[ 8 84]
[ 1 84]	[ 1 92]
[ 1 85]	[ 1 85]
[ 1 84]	[ 1 85]
[ 1 85]	[ 1 85]
[ 1 84]	[ 1 85]
[ 1 85]	[1 0]
[1 0]	[ 1 85]
[1 0]	[ 1 85]
[ 1 80]	[1 0]
[ 1 85]	[6 0]
[ 1 85]	[ 6 82]
[ 1 84]	[ 6 84]
[ 1 85]	[ 6 85]
[ 1 84]	[ 6 82]
[ 1 85]	[ 6 84]
[ 1 89]	[ 1 85]
[ 1 87]	[ 1 85]
[ 8 85]	[ 1 89]
[ 8 84]	[ 1 89]
[ 8 82]	[ 1 87]
[ 1 84]	[ 1 84]
[ 1 85]	[ 1 84]
[ 1 89]	[ 1 85]
[ 1 90]	[ 1 85]
[ 8 89]	[ 1 89]
[ 8 87]	[ 1 89]
[ 8 85]	[ 1 87]
[ 8 87]	[ 1 84]
[ 8 85]	[ 1 84]
[ 8 87]	[ 1 85]
[ 8 89]	[ 1 84]
[ 1 87]	[ 1 87]
[ 6 85]	[ 1 87]
[ 6 84]	[ 6 85]
[ 6 82]	[ 6 82]
[ 6 80]	[ 6 82]
[ 6 82]	[ 6 78]
[ 6 84]	[ 6 82]
[ 6 85]	[ 6 84]
[ 8 82]	[ 6 85]
[ 1 84]	[ 6 82]
[ 1 85]	[ 6 84]
[ 1 89]	[ 1 85]
[ 1 87]	[ 1 85]
[ 8 85]	[ 1 89]
[ 8 84]	[ 1 89]
[ 8 82]	[ 1 87]
[ 1 84]	[ 1 84]
[ 1 85]	[ 1 84]
[ 1 89]	[ 1 85]
[ 1 87]	[ 1 89]
[ 1 85]	[ 1 87]
[ 1 84]	[ 1 85]
[ 1 82]	[ 1 84]
[ 1 80]	[ 1 82]
[ 1 77]	[ 6 80]
[ 6 80]	[ 6 78]
[ 6 82]	[ 6 73]
[ 6 87]	[ 6 78]
[ 6 89]	[ 6 82]
[ 6 90]	[ 6 85]
[-1 -1]	[ 6 90]
[ 1 70]	[1 0]
[ 1 68]	[ 1 73]
[ 1 68]	[ 1 68]
[ 1 70]	[ 1 70]
[ 1 68]	[ 1 73]
[ 1 68]	[ 1 68]
[ 1 68]	[ 1 70]
[ 1 68]	[ 1 73]
[ 1 65]	[ 1 70]
[ 1 66]	[ 1 68]
[ 1 65]	[ 1 66]
[ 1 61]	[ 1 65]
[ 1 65]	[ 8 61]
[ 8 73]	[ 8 61]
[ 8 75]	[ 8 61]
[ 8 77]	[ 8 75]
[ 8 75]	[ 8 77]
[ 8 77]	[ 8 75]
[ 8 78]	[ 8 73]
[ 8 77]	[ 8 75]
[ 1 75]	[ 8 77]
[ 1 73]	[ 8 75]
[ 1 73]	[ 8 73]
[ 1 75]	[ 1 70]
[ 1 77]	[ 1 73]
[ 1 78]	[ 1 73]
[ 1 77]	[ 1 75]
[ 1 78]	[ 1 77]
[ 8 77]	[ 1 77]
[ 8 75]	[ 1 77]
[ 8 77]	[ 1 75]
[ 1 75]	[ 1 73]
[ 1 73]	[ 1 75]
[ 1 73]	[ 1 77]
[ 1 68]	[ 1 75]
[ 1 65]	[ 1 73]
[ 1 66]	[ 1 70]
[ 8 65]	[ 1 68]
[ 1 63]	[ 1 65]
[ 1 65]	[ 1 63]
[ 1 66]	[ 1 61]
[ 1 65]	[ 1 63]
[ 1 68]	[ 1 65]
[ 1 68]	[ 1 66]
[ 1 70]	[ 1 68]
[ 1 68]	[ 1 65]
[ 1 68]	[ 8 68]
[ 1 68]	[ 8 70]
[ 1 68]	[ 8 73]
[ 1 70]	[ 1 73]
[ 1 68]	[ 1 73]
[ 1 70]	[ 1 68]
[ 1 68]	[ 1 70]
[ 1 68]	[ 8 72]
[ 1 68]	[ 8 70]
[ 1 73]	[ 8 73]
[ 1 75]	[ 1 70]
[ 8 73]	[ 1 73]
[ 8 72]	[ 8 73]
[ 8 75]	[ 8 75]
[ 8 77]	[ 8 68]
[ 1 75]	[ 8 75]
[ 1 73]	[ 1 75]
[ 1 73]	[ 1 77]
[ 1 68]	[ 1 75]
[ 1 70]	[ 1 73]
[ 1 68]	[ 1 70]
[ 8 73]	[ 1 68]
[ 8 72]	[ 8 65]
[ 8 75]	[ 8 75]
[ 8 77]	[ 8 68]
[ 8 78]	[ 8 75]
[ 8 77]	[ 1 75]
[ 1 75]	[ 1 77]
[ 1 73]	[ 1 75]
[ 1 73]	[ 1 73]
[ 1 75]	[ 1 70]
[ 1 73]	[ 1 73]
[ 8 77]	[ 1 73]
[ 8 78]	[ 1 75]
[ 8 77]	[ 1 75]
[ 8 78]	[ 1 77]
[ 8 77]	[ 1 75]
[ 8 75]	[ 1 77]
[ 8 77]	[ 1 75]
[ 1 75]	[ 1 73]
[ 1 73]	[ 1 75]
[ 1 73]	[ 1 77]
[ 1 68]	[ 1 75]
[ 1 65]	[ 1 73]
[ 1 66]	[ 1 70]
[ 8 65]	[ 1 68]
[ 1 63]	[ 1 65]
[ 1 65]	[ 1 63]
[ 1 66]	[ 1 61]
[ 1 65]	[ 1 63]
[ 1 68]	[ 1 65]
[ 1 68]	[ 1 66]
[ 1 70]	[ 1 68]
[ 1 68]	[ 1 65]
[ 1 68]	[ 8 68]
[ 1 68]	[ 8 70]
[ 1 68]	[ 8 73]
[ 1 68]	[ 1 70]
[ 1 68]	[ 1 73]
[ 1 68]	[ 1 73]
[ 1 68]	[ 8 73]
[ 1 68]	[ 8 70]
[ 1 73]	[ 8 73]
[-1 -1]	[ 1 70]
[ 1 92]	[-1 73]
[ 1 92]	[-1 89]
[ 1 94]	[ 1 90]
[ 1 92]	[ 1 92]
[ 1 89]	[ 1 92]
[ 1 87]	[ 1 94]
[ 1 85]	[ 1 92]
[ 1 84]	[ 1 89]
[ 1 82]	[ 1 87]
[ 1 80]	[ 1 85]
[ 1 82]	[ 1 80]
[ 1 80]	[ 1 77]
[ 1 78]	[ 6 80]
[ 1 77]	[ 6 78]
[ 1 78]	[ 6 77]
[ 1 77]	[ 6 78]
[ 1 78]	[ 6 77]
[ 1 80]	[ 6 75]
[ 1 82]	[ 6 77]
[ 1 80]	[ 6 78]
[ 1 82]	[ 8 80]
[ 1 80]	[ 8 82]
[ 1 85]	[ 8 80]
[ 1 87]	[ 8 80]
[ 1 89]	[ 8 80]
[ 1 92]	[ 8 89]
[ 1 94]	[ 1 90]
[ 1 92]	[ 1 92]
[ 1 89]	[ 1 92]
[ 1 87]	[ 1 94]
[ 1 85]	[ 1 92]
[ 1 84]	[ 1 89]
[ 1 82]	[ 1 87]
[ 1 80]	[ 1 85]
[ 1 82]	[ 1 80]
[ 1 80]	[ 1 77]
[ 1 78]	[ 6 80]
[ 1 80]	[ 6 78]
[ 1 85]	[ 6 77]
[ 1 89]	[ 6 78]
[ 1 87]	[ 8 87]
[ 1 85]	[ 8 87]
[ 1 84]	[ 8 85]
[ 1 85]	[ 1 84]
[ 1 84]	[ 1 85]
[ 1 85]	[ 1 85]
[ 1 84]	[ 1 82]
[ 1 85]	[ 1 84]
[ 1 84]	[ 1 85]
[ 1 82]	[ 1 84]
[ 1 80]	[ 1 82]
[ 1 80]	[ 1 80]
[ 1 85]	[ 1 77]
[ 1 84]	[ 1 82]
[ 8 85]	[ 1 84]
[ 8 84]	[ 1 85]
[ 8 82]	[ 1 84]
[ 8 80]	[ 1 82]
[ 8 80]	[ 1 80]
[ 8 80]	[ 1 77]
[ 8 78]	[ 6 78]
[ 8 77]	[ 6 78]
[ 8 78]	[ 6 77]
[ 8 77]	[ 6 78]
[ 8 78]	[ 6 77]
[ 8 80]	[ 6 75]
[ 8 82]	[ 6 77]
[ 8 80]	[ 6 78]
[ 8 82]	[ 8 80]
[ 8 80]	[ 8 82]
[ 8 82]	[ 8 80]
[ 8 80]	[ 8 80]
[ 8 82]	[ 8 80]
[ 1 84]	[ 8 82]
[ 1 85]	[ 1 84]
[ 1 84]	[ 1 85]
[ 1 82]	[ 1 84]
[ 1 80]	[ 1 82]
[ 6 80]	[ 1 80]
[ 6 82]	[ 1 77]
[ 6 84]	[ 1 82]
[ 6 85]	[ 1 84]
[ 6 84]	[ 1 85]
[ 1 82]	[ 1 84]
[ 1 80]	[ 1 82]
[ 1 78]	[ 1 80]
[ 1 77]	[ 1 77]
[ 1 78]	[ 6 77]
[ 1 80]	[ 6 78]
[ 1 85]	[ 6 77]
[ 1 89]	[ 6 78]
[ 1 87]	[ 8 87]
[ 1 85]	[ 8 87]
[ 1 84]	[ 8 85]
[-1 -1]	[ 1 84]
[ 6 89]	[-1 85]
[ 6 87]	[ 6 85]
[ 6 85]	[ 6 90]
[ 6 84]	[ 6 85]
[ 1 82]	[ 6 85]
[ 1 80]	[ 6 82]
[ 1 80]	[ 6 80]
[ 1 85]	[ 1 78]
[ 1 84]	[ 1 77]
[ 1 85]	[ 1 85]
[ 1 84]	[ 1 85]
[ 1 85]	[ 1 84]
[ 1 89]	[ 1 85]
[ 1 87]	[ 1 77]
[ 8 85]	[ 1 85]
[ 8 84]	[ 1 85]
[ 8 82]	[ 1 84]
[ 8 80]	[ 1 82]
[ 1 84]	[ 6 80]
[ 1 85]	[ 6 78]
[ 1 84]	[ 6 85]
[ 1 85]	[ 6 85]
[ 1 87]	[ 6 82]
[ 6 89]	[6 0]
[ 6 87]	[ 6 85]
[ 6 85]	[ 6 90]
[ 6 84]	[ 6 85]
[ 1 82]	[ 6 85]
[ 1 80]	[ 6 82]
[ 1 80]	[ 6 80]
[ 1 85]	[ 1 78]
[ 1 84]	[ 1 77]
[ 1 85]	[ 1 85]
[ 1 84]	[ 1 85]
[ 1 85]	[ 1 84]
[ 1 89]	[ 1 85]
[ 1 87]	[ 1 89]
[ 8 85]	[ 1 87]
[ 8 84]	[ 1 85]
[ 8 82]	[ 1 84]
[ 8 80]	[ 1 82]
[ 8 80]	[ 6 80]
[ 8 80]	[ 6 78]
[ 8 80]	[ 6 78]
[8 0]	[ 6 78]
[8 0]	[ 6 78]
[-1 -1]	[6 0]
[ 1 94]	[1 0]
[ 1 92]	[ 1 97]
[ 1 90]	[ 1 92]
[ 1 92]	[ 1 94]
[ 1 89]	[ 8 89]
[ 1 89]	[ 8 92]
[ 1 87]	[ 8 87]
[ 6 89]	[ 8 90]
[ 6 90]	[ 8 89]
[ 6 94]	[ 8 90]
[ 6 92]	[ 8 90]
[ 6 94]	[ 8 94]
[ 6 92]	[ 8 94]
[ 1 90]	[ 8 92]
[ 1 92]	[ 1 90]
[ 1 92]	[ 1 89]
[ 1 92]	[ 1 97]
[ 1 94]	[ 1 97]
[ 1 92]	[ 1 92]
[ 1 94]	[ 1 92]
[ 1 92]	[ 1 97]
[ 1 90]	[ 1 92]
[ 1 92]	[ 1 94]
[ 1 89]	[ 8 89]
[ 1 89]	[ 8 92]
[ 1 87]	[ 8 87]
[ 6 89]	[ 8 90]
[ 6 90]	[ 8 89]
[ 6 90]	[ 8 90]
[ 6 90]	[ 8 90]
[ 8 89]	[ 8 94]
[ 8 87]	[ 8 94]
[ 8 87]	[ 8 87]
[ 1 84]	[ 8 96]
[ 1 85]	[ 1 96]
[ 1 84]	[ 1 85]
[ 1 85]	[ 1 89]
[ 1 87]	[ 1 85]
[ 8 89]	[3 0]
[ 8 87]	[ 3 89]
[ 8 89]	[ 3 87]
[ 1 87]	[ 3 86]
[ 1 89]	[ 3 87]
[ 1 92]	[ 3 89]
[ 1 94]	[ 8 90]
[ 1 92]	[ 8 94]
[ 1 94]	[ 8 92]
[ 1 92]	[ 8 90]
[ 1 94]	[ 8 92]
[ 1 92]	[ 8 94]
[ 1 89]	[ 3 96]
[ 1 87]	[ 3 97]
[ 1 89]	[ 3 90]
[ 1 92]	[ 3 89]
[ 1 94]	[ 8 90]
[ 1 92]	[ 8 94]
[ 1 94]	[ 8 92]
[ 1 92]	[ 8 90]
[ 8 89]	[ 3 92]
[ 8 87]	[ 3 89]
[ 8 89]	[ 3 87]
[ 1 87]	[ 3 86]
[ 1 89]	[ 3 87]
[ 1 92]	[ 3 89]
[ 1 94]	[ 8 90]
[ 1 92]	[ 8 94]
[ 1 94]	[ 8 92]
[ 1 92]	[ 8 90]
[ 1 94]	[ 8 92]
[ 1 92]	[ 8 94]
[ 1 92]	[ 3 96]
[ 1 94]	[ 3 97]
[ 1 92]	[ 3 90]
[ 1 94]	[ 3 96]
[ 1 92]	[ 8 94]
[ 1 94]	[ 8 92]
[ 1 92]	[ 8 92]
[ 1 92]	[ 8 92]
[ 1 89]	[6 0]
[ 1 87]	[ 6 94]
[ 1 89]	[ 6 90]
[ 1 92]	[ 6 85]
[ 1 97]	[ 6 90]
[ 1 96]	[ 6 94]
[ 1 94]	[ 1 99]
[ 1 92]	[ 1 97]
[ 1 94]	[ 1 92]
[ 1 92]	[ 1 96]
[ 1 92]	[ 1 92]
[ 1 90]	[ 1 90]
[ 1 89]	[ 1 89]
[ 1 90]	[ 1 89]
[ 1 92]	[ 1 87]
[ 1 89]	[ 1 89]
[ 1 90]	[ 1 96]
[ 1 89]	[ 1 87]
[ 1 87]	[ 1 92]
[ 1 89]	[ 1 90]
[ 1 87]	[ 1 89]
[ 1 89]	[ 1 87]
[ 1 89]	[ 6 85]
[ 1 87]	[ 6 90]
[ 6 89]	[ 6 97]
[ 6 90]	[ 6 85]
[ 6 89]	[ 6 90]
[ 6 87]	[ 6 94]
[ 6 89]	[ 6 90]
[ 6 90]	[ 6 85]
[ 1 94]	[ 6 90]
[ 1 92]	[ 6 94]
[ 1 94]	[ 1 99]
[ 1 92]	[ 1 97]
[ 1 94]	[ 1 92]
[ 1 92]	[ 1 96]
[ 1 90]	[ 1 92]
[ 1 92]	[ 1 90]
[ 1 94]	[ 1 89]
[ 1 92]	[ 6 97]
[ 1 92]	[ 6 96]
[ 1 92]	[ 6 94]
[ 1 92]	[ 1 90]
[ 8 97]	[ 1 94]
[ 8 96]	[ 1 92]
[ 8 94]	[ 1 96]
[ 8 92]	[ 1 94]
[ 8 92]	[ 6 92]
[ 8 92]	[ 6 90]
[8 0]	[ 6 94]
[8 0]	[ 6 90]
[ 8 87]	[6 0]
[ 8 89]	[11  0]
[ 8 87]	[11 87]
[ 8 89]	[11 87]
[ 1 90]	[11 86]
[ 1 89]	[11 87]
[ 6 92]	[ 6 90]
[ 6 94]	[ 6 85]
[ 6 94]	[ 6 94]
[ 6 92]	[ 6 93]
[ 1 90]	[ 6 94]
[ 1 92]	[ 1 90]
[ 1 89]	[ 1 89]
[ 1 92]	[ 1 96]
[ 1 89]	[ 1 87]
[ 1 92]	[ 6 96]
[ 1 89]	[ 6 85]
[ 8 92]	[ 6 94]
[ 8 90]	[ 6 85]
[ 8 89]	[11 90]
[ 8 87]	[11 87]
[ 8 89]	[11 87]
[ 8 87]	[11 86]
[ 8 87]	[11 87]
[ 8 96]	[ 6 90]
[ 8 94]	[ 6 85]
[ 8 92]	[ 6 94]
[ 8 92]	[ 6 92]
[ 8 90]	[ 6 94]
[ 8 90]	[ 1 90]
[ 8 89]	[ 1 89]
[ 1 87]	[ 1 96]
[ 6 89]	[ 1 87]
[ 6 90]	[ 6 89]
[ 6 89]	[ 6 90]
[ 6 90]	[ 6 90]
[-1 -1]	[ 6 90]
[ 6 89]	[-1  0]
[ 6 87]	[-1 89]
[ 6 85]	[-1 87]
[ 6 82]	[ 8 85]
[ 6 80]	[ 8 84]
[ 6 82]	[ 6 84]
[ 6 85]	[ 6 82]
[ 6 84]	[ 6 81]
[ 1 82]	[ 6 82]
[ 1 80]	[ 1 85]
[ 1 82]	[ 1 80]
[ 1 80]	[ 1 80]
[ 1 82]	[ 1 80]
[ 1 84]	[ 1 77]
[ 8 85]	[ 1 80]
[ 8 84]	[ 8 85]
[ 8 80]	[ 8 84]
[ 8 82]	[ 8 80]
[ 8 80]	[ 8 78]
[ 8 82]	[ 8 80]
[ 8 84]	[ 8 84]
[ 8 82]	[ 8 80]
[ 1 84]	[ 8 87]
[ 1 82]	[ 1 80]
[ 1 80]	[ 1 85]
[ 1 80]	[ 1 80]
[ 1 85]	[ 1 77]
[ 1 87]	[ 1 78]
[ 6 89]	[ 1 85]
[ 6 87]	[ 1 89]
[ 6 85]	[ 1 87]
[ 6 82]	[ 8 85]
[ 6 80]	[ 8 84]
[ 6 82]	[ 6 84]
[ 6 85]	[ 6 82]
[ 6 84]	[ 6 81]
[ 1 82]	[ 6 82]
[ 1 80]	[ 1 85]
[ 1 85]	[ 1 80]
[ 1 80]	[ 1 80]
[ 1 82]	[1 0]
[ 6 80]	[ 1 79]
[ 6 82]	[ 1 80]
[ 6 82]	[17 82]
[ 6 82]	[17 84]
[ 6 84]	[12 84]
[ 1 82]	[12 84]
[ 1 80]	[12 82]
[ 1 80]	[12 80]
[ 1 85]	[17 79]
[ 1 87]	[17 77]
[ 1 89]	[17  0]
[ 1 85]	[17 89]
[ 1 80]	[17 87]
[ 1 77]	[17 85]
[ 1 75]	[17 77]
[ 1 73]	[17 75]
[ 1 77]	[17 77]
[ 1 78]	[ 8 77]
[ 1 77]	[ 8 78]
[ 1 73]	[ 8 77]
[ 1 77]	[ 8 78]
[ 1 78]	[8 0]
[ 1 80]	[ 8 75]
[ 1 82]	[ 8 77]
[ 1 80]	[ 1 78]
[ 1 80]	[ 1 80]
[ 1 85]	[ 1 77]
[ 1 84]	[ 1 80]
[ 1 85]	[1 0]
[ 1 89]	[ 1 85]
[ 1 87]	[ 1 84]
[ 8 85]	[ 8 85]
[ 8 84]	[ 8 89]
[ 8 85]	[ 8 87]
[ 8 87]	[ 8 80]
[ 8 89]	[ 8 84]
[ 8 87]	[ 1 87]
[ 8 87]	[ 1 87]
[ 8 85]	[ 1 85]
[ 8 84]	[ 1 89]
[ 8 80]	[ 1 87]
[ 8 78]	[ 8 85]
[ 8 77]	[ 8 78]
[ 8 75]	[ 8 77]
[ 8 77]	[ 8 78]
[ 1 75]	[8 0]
[ 1 77]	[ 8 75]
[ 1 77]	[ 8 77]
[ 1 80]	[ 1 78]
[ 1 82]	[ 1 80]
[ 1 80]	[ 1 77]
[ 1 80]	[ 1 80]
[ 1 82]	[1 0]
[ 1 84]	[ 1 77]
[ 1 85]	[ 1 80]
[ 1 85]	[ 8 85]
[ 1 84]	[ 8 89]
[ 1 85]	[ 8 87]
[ 1 85]	[ 8 82]
[ 1 89]	[ 8 85]
[ 1 87]	[ 8 84]
[ 1 85]	[ 1 87]
[ 1 85]	[ 1 85]
[1 0]	[ 1 89]
[1 0]	[ 1 85]
[ 6 80]	[1 0]
[ 6 82]	[6 0]
[ 6 80]	[ 6 82]
[ 6 82]	[ 1 82]
[ 6 80]	[ 1 82]
[ 6 82]	[ 1 84]
[ 6 78]	[ 1 82]
[ 6 73]	[ 6 80]
[ 6 75]	[ 6 78]
[ 6 77]	[ 6 70]
[ 6 78]	[ 6 73]
[ 8 82]	[ 6 78]
[ 8 80]	[ 6 78]
[ 8 78]	[ 6 80]
[ 8 80]	[20 78]
[ 8 82]	[20 77]
[ 8 80]	[20 84]
[ 8 82]	[20 84]
[ 8 80]	[20 75]
[ 8 82]	[20 84]
[ 1 84]	[20 84]
[ 8 85]	[20 84]
[ 8 84]	[20 85]
[ 8 82]	[20 84]
[ 8 80]	[ 1 82]
[ 8 82]	[ 1 80]
[ 8 80]	[ 1 80]
[ 8 78]	[ 1 80]
[ 8 77]	[ 1 78]
[ 1 75]	[ 1 77]
[ 1 73]	[ 1 75]
[ 1 77]	[ 1 73]
[ 1 80]	[ 1 77]
[ 6 80]	[ 1 80]
[ 6 82]	[ 6 85]
[ 6 80]	[ 6 82]
[ 6 82]	[ 6 84]
[ 6 78]	[ 6 82]
[ 6 73]	[ 6 80]
[ 6 75]	[ 6 78]
[ 6 77]	[ 6 70]
[ 6 78]	[ 6 73]
[ 6 82]	[ 6 78]
[ 6 80]	[ 6 82]
[ 6 82]	[ 1 82]
[ 6 80]	[ 1 82]
[ 6 82]	[ 1 84]
[ 6 78]	[ 1 82]
[ 6 77]	[ 6 80]
[ 6 78]	[ 6 78]
[ 6 73]	[ 6 78]
[ 6 75]	[ 6 78]
[ 6 77]	[ 6 70]
[ 6 78]	[ 6 73]
[ 6 82]	[ 6 78]
[ 6 84]	[ 6 82]
[ 8 82]	[ 6 82]
[ 8 80]	[ 6 82]
[ 8 78]	[ 6 80]
[ 8 77]	[ 6 78]
[ 8 80]	[11 77]
[ 8 82]	[11 75]
[ 8 80]	[11 84]
[ 8 82]	[11 84]
[ 8 80]	[11 75]
[ 8 82]	[11 84]
[ 8 80]	[11 82]
[ 1 78]	[11 84]
[ 1 77]	[11 82]
[ 6 80]	[ 6 80]
[ 6 82]	[ 6 73]
[ 6 80]	[ 6 82]
[ 6 82]	[ 6 81]
[ 6 80]	[ 6 82]
[ 1 78]	[ 6 80]
[ 1 80]	[ 1 78]
[ 1 85]	[ 1 77]
[ 1 89]	[ 1 80]
[ 1 87]	[ 1 84]
[ 8 85]	[ 1 87]
[ 8 84]	[ 1 85]
[ 8 82]	[ 1 84]
[ 8 80]	[ 1 82]
[ 8 80]	[ 6 80]
[ 8 80]	[ 6 78]
[8 0]	[ 6 82]
[-1 -1]	[ 6 78]
[ 1 84]	[-1  0]
[ 1 85]	[ 1 80]
[ 1 89]	[ 1 85]
[ 1 87]	[ 1 85]
[ 1 89]	[ 1 87]
[ 1 87]	[ 1 89]
[ 1 89]	[ 6 87]
[ 1 87]	[ 6 85]
[ 1 85]	[ 6 87]
[ 1 84]	[ 6 85]
[ 1 82]	[ 6 84]
[ 1 80]	[ 1 82]
[ 1 85]	[ 1 80]
[ 1 87]	[ 1 77]
[ 1 89]	[ 1 80]
[ 1 87]	[ 1 89]
[ 1 89]	[22 87]
[ 1 87]	[22 85]
[ 8 85]	[22 87]
[ 8 84]	[22 85]
[ 8 82]	[22 84]
[ 8 80]	[ 1 82]
[ 8 78]	[ 1 80]
[ 8 80]	[ 1 78]
[ 8 80]	[ 6 77]
[ 8 82]	[ 6 78]
[ 8 80]	[ 6 82]
[ 8 78]	[ 6 80]
