Accuracy: 0.4340793489318413

n_chords: 1
n_melody: 1
t_prior: 22.5
e_prior: 30.0
dataset: All
keys: mixolydian
filter_train_set: True
filter_val_set: True

~ First 3000 predicted states ~
Predicted	True
[-1 -1]	[-1 -1]
[ 1 80]	[ 1 -1]
[ 1 82]	[ 1 80]
[ 1 80]	[ 1 82]
[ 1 78]	[ 1 83]
[ 1 80]	[ 1 82]
[ 1 78]	[ 1 80]
[ 1 77]	[ 1 78]
[ 1 80]	[ 1 77]
[ 1 85]	[ 1 80]
[ 1 85]	[ 1 82]
[ 1 80]	[ 1 83]
[ 1 78]	[ 1 83]
[ 1 77]	[ 1 82]
[ 1 78]	[ 1 80]
[ 1 80]	[ 1 80]
[ 1 82]	[ 1 80]
[ 1 80]	[ 1 82]
[ 1 78]	[ 1 83]
[ 1 77]	[ 1 82]
[ 1 73]	[ 1 80]
[ 1 73]	[ 1 78]
[ 1 73]	[ 1 77]
[ 1 73]	[ 1 73]
[ 1 73]	[ 1 77]
[ 1 73]	[12 75]
[ 1 73]	[12 71]
[ 1 73]	[ 1 71]
[ 1 73]	[ 1 73]
[ 1 73]	[ 1 73]
[ 1 73]	[ 1 73]
[ 1 73]	[ 1 73]
[ 1 73]	[ 1 73]
[ 1 73]	[ 1 73]
[ 1 77]	[ 1 73]
[ 1 73]	[ 1 80]
[ 1 73]	[ 1 78]
[ 1 73]	[ 1 77]
[ 1 73]	[ 1 73]
[ 1 73]	[ 1 73]
[ 1 73]	[ 1 73]
[ 1 73]	[ 1 73]
[ 1 73]	[12 77]
[ 1 73]	[12 75]
[ 1 73]	[ 1 75]
[ 1 73]	[ 1 73]
[ 1 73]	[ 1 73]
[ 1 73]	[ 1 73]
[ 1 77]	[ 1 73]
[ 1 73]	[ 1 80]
[ 1 73]	[ 1 78]
[ 1 73]	[ 1 77]
[ 1 73]	[ 1 77]
[ 1 73]	[ 1 73]
[ 1 73]	[12 77]
[ 1 73]	[12 75]
[ 1 73]	[ 1 71]
[ 1 73]	[ 1 73]
[ 1 73]	[ 1 73]
[ 1 73]	[ 1 73]
[-1 -1]	[ 1 80]
[ 1 73]	[-1 80]
[ 1 73]	[ 1 78]
[ 1 73]	[ 1 77]
[ 1 73]	[ 1 73]
[ 1 73]	[12 77]
[ 1 77]	[12 75]
[ 1 73]	[12 71]
[ 1 73]	[12 78]
[ 1 73]	[ 1 75]
[ 1 73]	[ 1 77]
[ 1 73]	[ 1 73]
[ 1 73]	[ 1 77]
[ 1 73]	[ 1 75]
[ 1 73]	[ 6 73]
[ 1 73]	[ 6 85]
[ 1 73]	[ 1 80]
[ 1 73]	[ 1 77]
[ 1 73]	[ 1 73]
[ 1 73]	[12 77]
[ 1 77]	[12 75]
[ 1 73]	[12 71]
[ 1 73]	[12 78]
[ 1 77]	[ 1 75]
[ 1 73]	[ 1 77]
[ 1 73]	[ 1 78]
[ 1 73]	[ 8 80]
[ 1 73]	[ 8 75]
[ 1 73]	[ 1 77]
[ 1 77]	[ 1 73]
[ 1 78]	[ 1 73]
[ 1 77]	[ 1 78]
[ 1 78]	[ 1 77]
[ 1 80]	[ 1 80]
[ 1 73]	[ 1 80]
[ 1 73]	[12 82]
[ 1 77]	[12 83]
[ 1 73]	[12 71]
[ 1 73]	[12 78]
[ 1 73]	[ 1 75]
[ 1 80]	[ 1 77]
[ 1 82]	[ 1 80]
[ 1 80]	[ 1 82]
[ 1 78]	[ 1 83]
[ 1 80]	[ 1 85]
[ 1 78]	[ 1 80]
[ 1 80]	[ 1 85]
[ 1 78]	[ 1 80]
[ 1 77]	[ 1 77]
[ 1 80]	[ 1 80]
[ 1 73]	[ 1 80]
[ 1 73]	[12 82]
[ 1 77]	[12 83]
[ 1 73]	[12 71]
[ 1 73]	[12 78]
[ 1 77]	[ 1 75]
[ 1 73]	[ 1 77]
[ 1 73]	[ 1 78]
[ 1 73]	[ 8 80]
[ 1 73]	[ 8 75]
[-1 -1]	[ 1 77]
[ 1 77]	[-1 73]
[ 1 73]	[-1 80]
[ 1 73]	[ 1 78]
[ 1 73]	[ 1 77]
[ 1 73]	[ 1 80]
[ 1 73]	[ 1 73]
[ 1 73]	[ 1 73]
[ 1 73]	[ 1 73]
[ 1 77]	[ 1 73]
[ 1 80]	[ 1 73]
[ 1 78]	[ 1 78]
[ 1 77]	[ 1 80]
[ 1 73]	[12 80]
[ 1 73]	[12 78]
[ 1 73]	[12 75]
[ 1 73]	[ 1 80]
[ 1 73]	[ 1 73]
[ 1 73]	[ 1 73]
[ 1 73]	[ 1 73]
[ 1 77]	[20 73]
[ 1 73]	[20 80]
[ 1 73]	[20 78]
[ 1 73]	[ 1 75]
[ 1 73]	[ 1 77]
[ 1 73]	[ 1 80]
[ 1 73]	[ 1 73]
[ 1 73]	[ 1 73]
[ 1 73]	[ 1 73]
[ 1 73]	[ 1 73]
[ 1 77]	[ 1 73]
[ 1 78]	[ 6 77]
[ 1 80]	[20 78]
[ 1 85]	[12 80]
[ 1 85]	[12 83]
[ 1 85]	[12 85]
[ 1 80]	[ 1 87]
[ 1 78]	[ 1 85]
[ 1 77]	[ 1 83]
[ 1 73]	[20 80]
[ 1 73]	[20 78]
[ 1 73]	[20 75]
[ 1 73]	[ 1 80]
[ 1 73]	[ 1 73]
[ 1 73]	[ 1 73]
[ 1 73]	[ 1 73]
[ 1 80]	[ 1 73]
[ 1 82]	[ 1 77]
[ 1 80]	[ 1 80]
[ 1 78]	[ 1 83]
[ 1 80]	[ 1 80]
[ 1 78]	[ 1 80]
[ 1 80]	[ 1 78]
[ 1 77]	[ 6 77]
[ 1 80]	[ 6 78]
[ 1 80]	[ 6 78]
[ 1 78]	[ 6 78]
[ 1 80]	[ 6 78]
[ 1 78]	[ 6 77]
[ 1 80]	[20 78]
[ 1 85]	[20 80]
[ 1 85]	[20 85]
[ 1 82]	[20 85]
[ 1 80]	[20 83]
[ 1 78]	[20 80]
[ 1 80]	[ 1 78]
[ 1 78]	[ 1 80]
[ 1 80]	[ 1 85]
[ 1 85]	[ 1 80]
[ 1 85]	[ 1 85]
[ 1 85]	[ 1 87]
[ 1 85]	[ 1 89]
[ 1 80]	[ 1 87]
[ 1 78]	[20 85]
[ 1 77]	[20 83]
[ 1 73]	[20 80]
[ 1 73]	[ 1 78]
[ 1 73]	[ 1 75]
[ 1 77]	[ 1 77]
[ 1 73]	[12 77]
[ 1 73]	[12 78]
[ 1 80]	[12 75]
[ 1 82]	[ 1 80]
[ 1 80]	[ 1 85]
[ 1 77]	[ 1 83]
[ 1 73]	[12 80]
[ 1 73]	[12 78]
[ 1 73]	[12 75]
[ 1 73]	[ 1 80]
[ 1 73]	[ 1 73]
[ 1 73]	[ 1 73]
[ 1 73]	[ 1 73]
[ 1 73]	[ 1 73]
[ 1 73]	[15 73]
[ 1 77]	[15 75]
[ 1 73]	[15 75]
[ 1 73]	[15 78]
[ 1 73]	[15 77]
[ 1 73]	[ 1 75]
[ 1 73]	[ 1 73]
[ 1 73]	[ 1 73]
[ 1 73]	[ 1 73]
[ 1 73]	[ 1 73]
[ 1 73]	[ 1 73]
[ 1 77]	[15 73]
[ 1 78]	[15 75]
[ 1 77]	[15 78]
[ 1 78]	[15 77]
[ 1 80]	[15 75]
[ 1 77]	[15 80]
[ 1 73]	[15 82]
[ 1 73]	[ 1 78]
[ 1 73]	[ 1 80]
[ 1 73]	[ 1 77]
[ 1 73]	[15 73]
[ 1 77]	[15 75]
[ 1 73]	[15 75]
[ 1 73]	[15 78]
[ 1 73]	[15 77]
[ 1 73]	[ 1 75]
[ 1 73]	[ 1 73]
[ 1 73]	[ 1 75]
[ 1 73]	[ 1 77]
[ 1 73]	[ 1 73]
[ 1 77]	[ 1 75]
[ 1 73]	[ 6 77]
[ 1 73]	[ 6 78]
[ 1 73]	[ 1 75]
[ 1 73]	[ 1 77]
[ 1 73]	[ 1 75]
[ 1 73]	[ 1 73]
[ 1 73]	[ 1 77]
[ 1 73]	[ 1 75]
[ 1 85]	[15 73]
[ 1 85]	[15 75]
[ 1 80]	[15 87]
[ 1 80]	[15 85]
[ 1 73]	[15 82]
[ 1 73]	[15 82]
[ 1 73]	[15 80]
[ 1 73]	[ 1 77]
[ 1 73]	[ 1 75]
[ 1 73]	[ 1 73]
[ 1 73]	[ 1 73]
[ 1 85]	[ 1 75]
[ 1 85]	[15 77]
[ 1 80]	[15 87]
[ 1 80]	[15 85]
[ 1 78]	[15 82]
[ 1 80]	[15 82]
[ 1 78]	[15 80]
[ 1 80]	[ 1 77]
[ 1 78]	[ 1 80]
[ 1 80]	[ 1 77]
[ 1 85]	[ 1 80]
[ 1 85]	[ 1 85]
[ 1 85]	[15 89]
[ 1 80]	[15 87]
[ 1 80]	[15 85]
[ 1 73]	[15 82]
[ 1 73]	[15 82]
[ 1 73]	[15 80]
[ 1 73]	[15 77]
[ 1 73]	[15 75]
[ 1 73]	[ 1 73]
[ 1 73]	[ 1 73]
[ 1 77]	[ 1 75]
[ 1 73]	[ 6 77]
[ 1 73]	[ 6 78]
[ 1 73]	[ 1 75]
[ 1 73]	[ 1 77]
[ 1 73]	[ 1 75]
[ 1 73]	[ 1 73]
[ 1 73]	[ 1 77]
[ 1 73]	[ 1 75]
[ 1 85]	[15 73]
[ 1 87]	[15 75]
[ 1 89]	[15 87]
[ 1 85]	[15 89]
[ 1 85]	[15 90]
[ 1 80]	[15 87]
[ 1 85]	[15 85]
[ 1 82]	[12 82]
[ 1 80]	[12 83]
[ 1 77]	[15 80]
[ 1 73]	[15 82]
[ 1 77]	[15 78]
[ 1 78]	[15 75]
[ 1 80]	[15 78]
[ 1 80]	[15 77]
[ 1 85]	[ 6 78]
[ 1 80]	[ 6 82]
[ 1 80]	[ 6 85]
[ 1 78]	[ 6 82]
[ 1 80]	[ 6 82]
[ 1 78]	[ 6 80]
[ 1 80]	[ 1 78]
[ 1 85]	[ 1 80]
[ 1 85]	[ 1 82]
[ 1 87]	[15 85]
[ 1 89]	[15 87]
[ 1 85]	[15 89]
[ 1 85]	[15 90]
[ 1 80]	[15 87]
[ 1 82]	[15 85]
[ 1 80]	[20 82]
[ 1 78]	[20 83]
[ 1 80]	[20 82]
[ 1 77]	[15 80]
[ 1 73]	[15 82]
[ 1 77]	[15 78]
[ 1 78]	[15 75]
[ 1 80]	[15 78]
[ 1 80]	[15 77]
[ 1 85]	[ 6 78]
[ 1 80]	[ 6 82]
[ 1 78]	[ 6 85]
[ 1 80]	[15 82]
[ 1 77]	[15 80]
[ 1 80]	[15 78]
[ 1 80]	[ 6 78]
[ 1 80]	[ 6 78]
[ 1 78]	[ 6 82]
[ 1 80]	[15 85]
[ 1 80]	[15 80]
[ 1 77]	[15 78]
[ 1 73]	[ 6 78]
[ 1 73]	[ 6 78]
[ 1 77]	[ 6 73]
[ 1 80]	[ 6 73]
[ 1 85]	[ 6 78]
[ 1 89]	[ 6 82]
[ 1 87]	[15 85]
[ 1 89]	[15 90]
[ 1 90]	[15 89]
[ 1 89]	[ 1 90]
[ 1 87]	[ 1 92]
[ 1 89]	[ 1 90]
[ 1 87]	[15 89]
[ 1 89]	[15 90]
[ 1 85]	[15 89]
[ 1 85]	[15 90]
[ 1 85]	[15 89]
[ 1 85]	[22 87]
[ 1 80]	[22 89]
[ 1 82]	[22 85]
[ 1 80]	[20 82]
[ 1 78]	[20 83]
[ 1 80]	[20 82]
[ 1 77]	[15 80]
[ 1 73]	[15 82]
[ 1 77]	[15 78]
[ 1 80]	[ 6 75]
[ 1 85]	[ 6 78]
[ 1 89]	[ 6 82]
[ 1 87]	[ 6 85]
[ 1 89]	[ 6 90]
[ 1 90]	[ 6 89]
[ 1 89]	[ 1 90]
[ 1 87]	[ 1 92]
[ 1 89]	[ 1 90]
[ 1 87]	[15 89]
[ 1 89]	[15 90]
[ 1 87]	[ 6 89]
[ 1 89]	[ 6 90]
[ 1 85]	[ 6 89]
[ 1 85]	[ 6 90]
[ 1 85]	[ 6 82]
[ 1 80]	[ 6 83]
[ 1 78]	[ 6 85]
[ 1 80]	[15 82]
[ 1 80]	[15 80]
[ 1 77]	[15 78]
[ 1 73]	[ 6 78]
[ 1 73]	[ 6 78]
[ 1 77]	[15 73]
[ 1 80]	[15 80]
[ 1 77]	[15 78]
[ 1 80]	[ 6 78]
[ 1 85]	[ 6 78]
[-1 -1]	[ 6 82]
[ 1 78]	[ 1 85]
[ 1 80]	[ 1 80]
[ 1 85]	[ 1 80]
[ 1 85]	[ 1 85]
[ 1 85]	[ 1 85]
[ 1 85]	[ 1 85]
[ 1 85]	[ 1 83]
[ 1 85]	[ 1 85]
[ 1 85]	[ 1 87]
[ 1 85]	[ 1 87]
[ 1 82]	[ 1 85]
[ 1 80]	[ 1 83]
[ 1 78]	[ 8 80]
[ 1 80]	[ 8 78]
[ 1 82]	[ 8 80]
[ 1 80]	[12 80]
[ 1 78]	[12 83]
[ 1 77]	[12 82]
[ 1 73]	[12 80]
[ 1 73]	[ 6 78]
[ 1 73]	[ 6 75]
[ 1 73]	[ 6 73]
[ 1 73]	[ 6 71]
[ 1 73]	[ 8 66]
[ 1 73]	[ 8 68]
[ 1 73]	[ 8 71]
[ 1 73]	[ 8 73]
[ 1 73]	[ 1 75]
[ 1 73]	[ 1 73]
[ 1 73]	[ 8 73]
[ 1 73]	[ 8 68]
[ 1 73]	[ 8 71]
[ 1 73]	[ 8 73]
[ 1 73]	[ 1 75]
[ 1 73]	[ 1 73]
[ 1 73]	[ 1 73]
[ 1 73]	[ 1 73]
[ 1 73]	[ 1 73]
[ 1 73]	[ 1 77]
[ 1 73]	[ 1 75]
[ 1 73]	[ 1 73]
[ 1 73]	[ 1 73]
[ 1 73]	[ 1 75]
[ 1 73]	[ 1 77]
[ 1 73]	[ 1 77]
[ 1 73]	[ 1 75]
[ 1 73]	[ 1 73]
[ 1 73]	[ 8 71]
[ 1 73]	[ 8 68]
[ 1 73]	[ 8 66]
[ 1 73]	[ 8 68]
[ 1 73]	[12 70]
[ 1 73]	[12 71]
[ 1 73]	[12 73]
[ 1 73]	[12 71]
[ 1 73]	[ 6 66]
[ 1 73]	[ 6 68]
[ 1 73]	[ 6 66]
[ 1 73]	[ 6 65]
[ 1 73]	[ 8 66]
[ 1 73]	[ 8 68]
[ 1 73]	[ 8 68]
[ 1 73]	[ 8 71]
[ 1 73]	[ 8 73]
[ 1 73]	[ 1 75]
[ 1 73]	[ 1 73]
[ 1 73]	[ 1 73]
[ 1 73]	[ 1 73]
[ 1 73]	[ 1 73]
[ 1 77]	[ 1 75]
[ 1 78]	[ 1 77]
[ 1 77]	[ 1 78]
[ 1 80]	[ 1 80]
[ 1 82]	[ 1 80]
[ 1 80]	[12 82]
[ 1 78]	[12 83]
[ 1 77]	[12 82]
[ 1 73]	[12 80]
[ 1 73]	[ 6 78]
[ 1 73]	[ 6 75]
[ 1 73]	[ 6 73]
[ 1 73]	[ 6 71]
[ 1 73]	[ 8 66]
[ 1 73]	[ 8 68]
[ 1 73]	[ 8 71]
[ 1 73]	[ 8 73]
[ 1 73]	[ 1 75]
[ 1 73]	[ 1 73]
[ 1 73]	[ 1 73]
[ 1 73]	[ 1 73]
[ 1 73]	[ 1 73]
[ 1 73]	[ 1 77]
[ 1 73]	[ 1 75]
[ 1 73]	[ 1 73]
[ 1 73]	[ 1 73]
[ 1 73]	[ 1 75]
[ 1 73]	[ 1 77]
[ 1 73]	[ 1 77]
[ 1 73]	[ 1 75]
[ 1 73]	[ 1 73]
[ 1 73]	[ 8 71]
[ 1 73]	[ 8 68]
[ 1 73]	[ 8 66]
[ 1 73]	[ 8 68]
[ 1 73]	[12 70]
[ 1 73]	[12 71]
[ 1 73]	[12 70]
[ 1 73]	[12 71]
[ 1 73]	[ 6 70]
[ 1 73]	[ 6 68]
[ 1 73]	[ 6 66]
[ 1 73]	[ 6 65]
[ 1 73]	[ 8 66]
[ 1 73]	[ 8 68]
[ 1 73]	[ 8 68]
[ 1 73]	[ 8 71]
[ 1 73]	[ 8 73]
[ 1 73]	[ 1 75]
[ 1 73]	[ 1 73]
[ 1 73]	[ 1 73]
[ 1 73]	[ 1 73]
[ 1 73]	[ 1 73]
[ 1 77]	[ 1 75]
[ 1 78]	[ 1 77]
[ 1 77]	[ 1 78]
[ 1 80]	[ 1 80]
[ 1 82]	[ 1 80]
[ 1 80]	[12 82]
[ 1 78]	[12 83]
[ 1 77]	[12 82]
[ 1 73]	[12 80]
[ 1 73]	[ 6 78]
[ 1 73]	[ 6 75]
[ 1 73]	[ 6 73]
[ 1 73]	[ 6 71]
[ 1 73]	[ 8 66]
[ 1 73]	[ 8 68]
[ 1 73]	[ 8 71]
[ 1 73]	[ 8 73]
[ 1 73]	[ 1 75]
[-1 -1]	[ 1 73]
[ 1 73]	[-1 73]
[ 1 73]	[ 1 68]
[ 1 73]	[ 1 68]
[ 1 73]	[ 1 73]
[ 1 73]	[ 1 73]
[ 1 77]	[ 1 75]
[ 1 78]	[ 1 77]
[ 1 80]	[ 1 78]
[ 1 78]	[ 1 80]
[ 1 80]	[ 1 82]
[ 1 80]	[ 1 80]
[ 1 78]	[ 6 77]
[ 1 77]	[ 6 78]
[ 1 73]	[ 6 77]
[ 1 73]	[ 1 78]
[ 1 73]	[ 1 80]
[ 1 73]	[ 1 73]
[ 1 73]	[ 1 73]
[ 1 73]	[ 1 75]
[ 1 73]	[ 1 77]
[ 1 73]	[12 73]
[ 1 73]	[12 75]
[ 1 73]	[12 73]
[ 1 73]	[12 68]
[ 1 73]	[12 70]
[ 1 73]	[12 71]
[ 1 73]	[ 1 68]
[ 1 73]	[ 1 68]
[ 1 73]	[ 1 73]
[ 1 73]	[ 1 73]
[ 1 77]	[ 1 75]
[ 1 78]	[ 1 77]
[ 1 80]	[ 1 78]
[ 1 78]	[ 1 80]
[ 1 80]	[ 1 82]
[ 1 80]	[ 1 80]
[ 1 78]	[ 6 77]
[ 1 80]	[ 6 78]
[ 1 78]	[ 6 77]
[ 1 80]	[ 1 78]
[ 1 85]	[ 1 80]
[ 1 80]	[12 85]
[ 1 78]	[12 85]
[ 1 77]	[12 82]
[ 1 73]	[12 80]
[ 1 73]	[ 1 78]
[ 1 77]	[ 1 77]
[ 1 78]	[ 1 73]
[ 1 80]	[ 1 73]
[ 1 82]	[ 1 80]
[ 1 80]	[12 82]
[ 1 82]	[12 83]
[ 1 80]	[12 82]
[ 1 85]	[12 83]
[ 1 82]	[12 85]
[ 1 80]	[12 83]
[ 1 82]	[12 80]
[ 1 80]	[12 82]
[ 1 78]	[12 83]
[ 1 80]	[12 82]
[ 1 80]	[12 80]
[ 1 78]	[ 6 77]
[ 1 77]	[ 6 78]
[ 1 73]	[ 6 77]
[ 1 73]	[ 1 78]
[ 1 73]	[ 1 80]
[ 1 73]	[ 1 73]
[ 1 73]	[ 1 73]
[ 1 73]	[ 1 75]
[ 1 73]	[ 1 77]
[ 1 73]	[12 73]
[ 1 73]	[12 75]
[ 1 73]	[12 73]
[ 1 73]	[12 68]
[ 1 73]	[12 70]
[ 1 73]	[12 71]
[ 1 73]	[ 1 68]
[ 1 73]	[ 1 68]
[ 1 73]	[ 1 73]
[ 1 73]	[ 1 73]
[ 1 77]	[ 1 75]
[ 1 78]	[ 1 77]
[ 1 80]	[ 1 78]
[ 1 78]	[ 1 80]
[ 1 80]	[ 1 82]
[ 1 80]	[ 1 80]
[ 1 78]	[ 6 77]
[ 1 80]	[ 6 78]
[ 1 78]	[ 6 77]
[ 1 80]	[ 1 78]
[ 1 85]	[ 1 80]
[ 1 80]	[12 85]
[ 1 78]	[12 85]
[ 1 77]	[12 82]
[ 1 73]	[12 80]
[ 1 73]	[ 1 78]
[-1 -1]	[ 1 77]
[ 1 77]	[-1 73]
[ 1 80]	[ 1 80]
[ 1 78]	[ 1 73]
[ 1 77]	[ 1 82]
[ 1 73]	[ 1 80]
[ 1 73]	[ 1 73]
[ 1 73]	[ 1 77]
[ 1 73]	[12 73]
[ 1 73]	[12 75]
[ 1 73]	[12 75]
[ 1 73]	[12 83]
[ 1 73]	[12 75]
[ 1 73]	[12 85]
[ 1 73]	[12 75]
[ 1 73]	[12 83]
[ 1 73]	[ 1 75]
[ 1 73]	[ 1 73]
[ 1 80]	[ 1 77]
[ 1 85]	[ 1 80]
[ 1 85]	[ 1 85]
[ 1 85]	[ 1 89]
[ 1 80]	[ 1 87]
[ 1 78]	[20 85]
[ 1 77]	[20 83]
[ 1 73]	[20 80]
[ 1 73]	[20 78]
[ 1 73]	[20 75]
[ 1 73]	[20 75]
[ 1 73]	[20 73]
[ 1 73]	[ 1 75]
[ 1 73]	[ 1 73]
[ 1 73]	[ 1 77]
[ 1 73]	[ 1 73]
[ 1 73]	[ 1 80]
[ 1 73]	[ 1 73]
[ 1 73]	[ 1 77]
[ 1 73]	[12 73]
[ 1 73]	[12 75]
[ 1 73]	[12 75]
[ 1 73]	[12 83]
[ 1 73]	[12 75]
[ 1 73]	[12 85]
[ 1 73]	[12 75]
[ 1 73]	[12 83]
[ 1 73]	[ 1 75]
[ 1 73]	[ 1 73]
[ 1 80]	[ 1 77]
[ 1 85]	[ 1 80]
[ 1 85]	[ 1 85]
[ 1 85]	[ 1 89]
[ 1 80]	[ 1 87]
[ 1 78]	[20 85]
[ 1 77]	[20 83]
[ 1 73]	[20 80]
[ 1 73]	[20 78]
[ 1 73]	[ 1 75]
[ 1 73]	[ 1 75]
[ 1 85]	[ 1 73]
[ 1 85]	[ 1 73]
[ 1 85]	[ 1 87]
[ 1 85]	[ 1 89]
[ 1 85]	[ 1 85]
[ 1 87]	[ 1 85]
[ 1 89]	[ 1 87]
[ 1 85]	[ 1 89]
[ 1 85]	[ 1 92]
[ 1 85]	[ 1 92]
[ 1 85]	[20 89]
[ 1 85]	[20 87]
[ 1 85]	[20 83]
[ 1 87]	[12 83]
[ 1 89]	[12 87]
[ 1 85]	[12 89]
[ 1 85]	[12 90]
[ 1 85]	[ 1 87]
[ 1 85]	[ 1 89]
[ 1 85]	[ 1 85]
[ 1 85]	[ 1 85]
[ 1 85]	[ 1 85]
[ 1 85]	[ 1 89]
[ 1 80]	[ 1 87]
[ 1 78]	[12 85]
[ 1 77]	[12 83]
[ 1 73]	[12 80]
[ 1 73]	[12 78]
[ 1 73]	[20 75]
[ 1 73]	[20 75]
[ 1 85]	[20 73]
[ 1 85]	[20 73]
[ 1 85]	[ 1 87]
[ 1 85]	[ 1 89]
[ 1 85]	[ 1 85]
[ 1 87]	[ 1 85]
[ 1 89]	[ 1 87]
[ 1 85]	[ 1 89]
[ 1 85]	[ 1 90]
[ 1 85]	[ 1 92]
[ 1 85]	[12 89]
[ 1 85]	[12 87]
[ 1 85]	[12 83]
[ 1 87]	[12 83]
[ 1 89]	[12 87]
[ 1 85]	[12 89]
[ 1 85]	[12 90]
[ 1 85]	[ 1 87]
[ 1 85]	[ 1 85]
[ 1 85]	[ 1 89]
[ 1 85]	[ 1 87]
[ 1 87]	[ 1 90]
[ 1 89]	[ 1 89]
[ 1 85]	[ 1 92]
[ 1 85]	[ 1 90]
[ 1 87]	[20 94]
[ 1 89]	[20 92]
[ 1 85]	[20 89]
[ 1 85]	[20 90]
[ 1 85]	[ 1 87]
[ 1 85]	[ 1 89]
[ 1 85]	[ 1 85]
[ 1 85]	[ 1 85]
[ 1 87]	[ 1 85]
[ 1 89]	[ 1 87]
[ 1 90]	[ 1 89]
[ 1 89]	[ 1 92]
[ 1 85]	[ 1 92]
[ 1 85]	[ 1 90]
[ 1 85]	[ 1 89]
[ 1 85]	[ 1 85]
[ 1 85]	[ 1 85]
[ 1 87]	[12 89]
[ 1 89]	[12 87]
[ 1 85]	[12 89]
[ 1 85]	[12 90]
[ 1 85]	[20 89]
[ 1 85]	[20 87]
[ 1 85]	[20 83]
[ 1 87]	[20 83]
[ 1 89]	[ 1 87]
[ 1 90]	[ 1 89]
[ 1 89]	[ 1 92]
[ 1 85]	[ 1 92]
[ 1 85]	[22 90]
[ 1 85]	[22 89]
[ 1 80]	[22 85]
[ 1 82]	[22 85]
[ 1 80]	[12 82]
[ 1 77]	[12 83]
[ 1 73]	[12 80]
[ 1 73]	[12 78]
[ 1 73]	[20 75]
[ 1 73]	[20 75]
[ 1 85]	[20 73]
[ 1 87]	[20 73]
[ 1 89]	[ 1 87]
[ 1 90]	[ 1 89]
[ 1 89]	[ 1 92]
[ 1 85]	[ 1 92]
[ 1 85]	[ 1 90]
[ 1 85]	[ 1 89]
[ 1 85]	[ 1 85]
[ 1 87]	[12 85]
[ 1 89]	[12 87]
[ 1 85]	[12 89]
[ 1 85]	[12 90]
[ 1 85]	[20 89]
[ 1 85]	[20 87]
[ 1 85]	[20 83]
[ 1 85]	[20 83]
[ 1 85]	[ 1 87]
[ 1 85]	[ 1 85]
[ 1 85]	[ 1 89]
[ 1 85]	[ 1 87]
[ 1 87]	[ 1 90]
[ 1 89]	[ 1 89]
[ 1 85]	[ 1 92]
[ 1 85]	[ 1 90]
[ 1 87]	[20 94]
[ 1 89]	[20 92]
[ 1 85]	[20 89]
[ 1 85]	[20 90]
[ 1 85]	[ 1 87]
[ 1 85]	[ 1 89]
[ 1 85]	[ 1 85]
[ 1 85]	[ 1 85]
[ 1 85]	[ 1 85]
[ 1 85]	[ 1 87]
[ 1 85]	[ 1 89]
[ 1 85]	[ 1 85]
[ 1 85]	[ 1 89]
[ 1 85]	[ 1 89]
[ 1 85]	[ 1 85]
[ 1 85]	[15 89]
[ 1 85]	[15 87]
[ 1 85]	[15 83]
[ 1 85]	[15 87]
[ 1 85]	[15 87]
[ 1 85]	[15 87]
[ 1 85]	[15 87]
[ 1 85]	[15 83]
[ 1 85]	[ 1 87]
[ 1 85]	[ 1 89]
[ 1 85]	[ 1 85]
[ 1 85]	[ 1 89]
[ 1 85]	[ 1 89]
[ 1 85]	[ 1 85]
[ 1 80]	[ 1 87]
[ 1 78]	[ 8 85]
[ 1 77]	[ 8 83]
[ 1 73]	[ 8 80]
[ 1 73]	[ 8 78]
[ 1 73]	[ 1 75]
[ 1 73]	[ 1 75]
[ 1 85]	[ 1 73]
[ 1 85]	[ 1 73]
[ 1 85]	[ 1 87]
[ 1 85]	[ 1 89]
[ 1 85]	[ 1 85]
[ 1 85]	[ 1 89]
[ 1 85]	[ 1 85]
[ 1 85]	[ 1 89]
[ 1 85]	[ 1 85]
[ 1 85]	[15 89]
[ 1 85]	[15 87]
[ 1 85]	[15 83]
[ 1 85]	[15 87]
[ 1 85]	[15 83]
[ 1 85]	[15 87]
[ 1 85]	[15 83]
[ 1 85]	[ 1 87]
[ 1 85]	[ 1 85]
[ 1 85]	[ 1 89]
[ 1 85]	[ 1 87]
[ 1 87]	[ 1 90]
[ 1 89]	[ 1 89]
[ 1 85]	[ 1 92]
[ 1 85]	[ 1 90]
[ 1 87]	[ 8 94]
[ 1 89]	[ 8 92]
[ 1 85]	[ 8 89]
[ 1 85]	[ 8 90]
[ 1 85]	[ 1 87]
[-1 -1]	[ 1 89]
[ 1 77]	[-1 85]
[ 1 73]	[-1 80]
[ 1 73]	[ 1 78]
[ 1 73]	[ 1 77]
[ 1 73]	[ 1 73]
[ 1 73]	[ 1 73]
[ 1 77]	[ 1 75]
[ 1 73]	[12 77]
[ 1 73]	[12 78]
[ 1 73]	[12 75]
[ 1 77]	[12 75]
[ 1 73]	[12 80]
[ 1 73]	[ 1 78]
[ 1 73]	[ 1 77]
[ 1 73]	[ 1 73]
[ 1 73]	[ 1 73]
[ 1 77]	[ 1 75]
[ 1 73]	[12 77]
[ 1 73]	[12 78]
[ 1 73]	[12 77]
[ 1 73]	[12 75]
[ 1 73]	[12 73]
[ 1 73]	[ 1 71]
[ 1 73]	[ 1 77]
[ 1 73]	[ 1 73]
[ 1 73]	[12 77]
[ 1 73]	[12 75]
[ 1 73]	[12 71]
[ 1 73]	[ 1 75]
[ 1 77]	[ 1 73]
[ 1 78]	[ 1 80]
[ 1 77]	[ 1 78]
[ 1 78]	[ 1 77]
[ 1 80]	[ 1 80]
[ 1 77]	[ 1 80]
[ 1 73]	[12 83]
[ 1 73]	[12 78]
[ 1 73]	[12 75]
[ 1 77]	[12 71]
[ 1 78]	[12 75]
[ 1 80]	[12 78]
[ 1 78]	[12 80]
[ 1 77]	[ 1 78]
[ 1 78]	[ 1 77]
[ 1 80]	[ 1 80]
[ 1 82]	[ 1 80]
[ 1 80]	[ 1 82]
[ 1 82]	[ 1 83]
[ 1 80]	[ 1 85]
[ 1 78]	[ 1 83]
[ 1 80]	[ 1 82]
[ 1 73]	[ 1 80]
[ 1 73]	[ 1 85]
[ 1 73]	[ 1 77]
[ 1 73]	[ 1 73]
[ 1 73]	[12 77]
[ 1 73]	[12 75]
[-1 -1]	[12 71]
[ 1 78]	[ 1 75]
[ 1 77]	[ 1 73]
[ 1 78]	[ 1 80]
[ 1 77]	[ 1 80]
[ 1 73]	[ 1 80]
[ 1 77]	[ 1 78]
[ 1 73]	[12 75]
[ 1 77]	[12 78]
[ 1 78]	[12 75]
[ 1 77]	[12 78]
[ 1 73]	[12 80]
[ 1 73]	[12 78]
[ 1 73]	[ 1 75]
[ 1 77]	[ 1 73]
[ 1 78]	[ 1 80]
[ 1 77]	[ 1 80]
[ 1 73]	[ 1 80]
[ 1 77]	[ 1 78]
[ 1 73]	[12 75]
[ 1 73]	[12 78]
[ 1 73]	[12 75]
[ 1 73]	[12 71]
[ 1 73]	[12 71]
[ 1 73]	[12 71]
[ 1 73]	[ 1 80]
[ 1 77]	[ 1 73]
[ 1 78]	[ 1 80]
[ 1 77]	[ 1 80]
[ 1 73]	[ 1 80]
[ 1 77]	[ 1 78]
[ 1 73]	[12 75]
[ 1 77]	[12 78]
[ 1 78]	[12 75]
[ 1 80]	[12 78]
[ 1 85]	[12 80]
[ 1 85]	[12 78]
[ 1 80]	[12 80]
[ 1 78]	[12 83]
[ 1 77]	[12 82]
[ 1 73]	[12 80]
[ 1 77]	[12 78]
[ 1 78]	[12 75]
[ 1 77]	[ 1 78]
[ 1 80]	[ 1 80]
[ 1 78]	[ 1 80]
[ 1 77]	[ 1 85]
[ 1 80]	[ 1 80]
[ 1 78]	[12 80]
[ 1 80]	[12 83]
[ 1 85]	[12 80]
[ 1 80]	[ 1 78]
[ 1 78]	[ 1 85]
[ 1 80]	[ 1 80]
[ 1 78]	[12 80]
[ 1 80]	[12 83]
[ 1 78]	[ 1 80]
[ 1 77]	[ 1 85]
[ 1 80]	[ 1 80]
[ 1 78]	[12 80]
[ 1 80]	[12 83]
[ 1 77]	[12 80]
[ 1 73]	[12 78]
[ 1 73]	[12 78]
[ 1 73]	[12 75]
[ 1 73]	[12 71]
[ 1 73]	[12 71]
[ 1 73]	[12 71]
[ 1 77]	[ 1 80]
[ 1 78]	[ 1 85]
[ 1 80]	[ 1 80]
[ 1 78]	[12 80]
[ 1 80]	[12 83]
[ 1 80]	[12 80]
[ 1 78]	[ 1 78]
[ 1 80]	[ 1 85]
[ 1 82]	[ 1 80]
[ 1 80]	[12 80]
[ 1 82]	[12 83]
[ 1 80]	[12 80]
[ 1 78]	[12 83]
[ 1 77]	[12 82]
[ 1 73]	[12 80]
[ 1 77]	[12 78]
[ 1 78]	[12 75]
[ 1 77]	[ 1 78]
[ 1 73]	[ 1 80]
[ 1 77]	[ 1 80]
[ 1 78]	[ 1 73]
[ 1 77]	[12 80]
[ 1 73]	[12 80]
[ 1 77]	[12 78]
[ 1 73]	[12 75]
[ 1 77]	[12 78]
[ 1 78]	[12 75]
[ 1 77]	[ 1 78]
[ 1 73]	[ 1 80]
[ 1 73]	[ 1 78]
[ 1 77]	[ 1 80]
[ 1 78]	[ 1 73]
[ 1 77]	[12 80]
[ 1 73]	[12 80]
[ 1 77]	[12 78]
[ 1 73]	[12 75]
[ 1 73]	[12 78]
[ 1 73]	[12 75]
[ 1 73]	[12 71]
[ 1 73]	[12 71]
[ 1 73]	[12 71]
[ 1 77]	[ 1 75]
[ 1 78]	[ 1 73]
[ 1 80]	[12 80]
[ 1 85]	[12 80]
[ 1 80]	[12 78]
[ 1 85]	[12 87]
[ 1 80]	[12 78]
[ 1 78]	[12 87]
[ 1 80]	[ 1 78]
[ 1 85]	[ 1 80]
[ 1 85]	[ 1 78]
[ 1 80]	[12 80]
[ 1 78]	[12 83]
[ 1 77]	[12 82]
[ 1 73]	[12 80]
[ 1 77]	[12 78]
[ 1 78]	[12 75]
[ 1 77]	[ 1 78]
[ 1 78]	[ 1 80]
[ 1 80]	[ 1 80]
[ 1 85]	[ 1 80]
[ 1 85]	[ 1 85]
[ 1 82]	[12 85]
[ 1 80]	[12 83]
[ 1 78]	[12 80]
[ 1 80]	[ 1 78]
[ 1 85]	[ 1 80]
[ 1 85]	[ 1 85]
[ 1 80]	[12 85]
[ 1 78]	[12 83]
[ 1 80]	[ 1 78]
[ 1 85]	[ 1 80]
[ 1 85]	[ 1 85]
[ 1 82]	[12 85]
[ 1 80]	[12 83]
[ 1 77]	[12 80]
[ 1 73]	[12 78]
[ 1 73]	[12 78]
[ 1 73]	[12 75]
[ 1 73]	[12 71]
[ 1 77]	[12 71]
[ 1 78]	[12 71]
[ 1 80]	[ 1 80]
[ 1 85]	[ 1 80]
[ 1 85]	[ 1 85]
[ 1 82]	[12 85]
[ 1 80]	[12 83]
[ 1 78]	[12 80]
[ 1 80]	[ 1 78]
[ 1 85]	[ 1 80]
[ 1 85]	[ 1 85]
[ 1 85]	[12 85]
[ 1 85]	[12 83]
[ 1 80]	[12 80]
[ 1 78]	[12 83]
[ 1 77]	[12 82]
[ 1 73]	[12 80]
[ 1 77]	[12 78]
[ 1 78]	[12 75]
[-1 -1]	[ 1 78]
[ 1 73]	[-1 80]
[ 1 73]	[-1 68]
[ 1 73]	[-1 73]
[ 1 73]	[-1 73]
[ 1 73]	[-1 75]
[ 1 77]	[-1 77]
[ 1 78]	[-1 77]
[ 1 80]	[-1 78]
[ 1 78]	[-1 80]
[ 1 77]	[-1 85]
[ 1 73]	[-1 80]
[ 1 73]	[-1 78]
[ 1 73]	[-1 77]
[ 1 73]	[-1 73]
[ 1 73]	[-1 73]
[ 1 80]	[-1 75]
[ 1 77]	[-1 77]
[ 1 73]	[-1 78]
[ 1 73]	[-1 78]
[ 1 73]	[-1 75]
[ 1 73]	[-1 71]
[ 1 73]	[-1 68]
[ 1 73]	[-1 73]
[ 1 73]	[-1 73]
[ 1 73]	[-1 75]
[ 1 77]	[-1 77]
[ 1 78]	[-1 77]
[ 1 80]	[-1 78]
[ 1 78]	[-1 80]
[ 1 77]	[-1 85]
[ 1 73]	[-1 80]
[ 1 73]	[-1 78]
[ 1 73]	[-1 77]
[ 1 73]	[-1 75]
[ 1 73]	[-1 73]
[ 1 73]	[-1 75]
[ 1 73]	[-1 73]
[ 1 73]	[-1 71]
[ 1 85]	[-1 73]
[ 1 80]	[-1 73]
[ 1 78]	[-1 83]
[ 1 80]	[-1 82]
[ 1 85]	[-1 80]
[ 1 85]	[-1 85]
[ 1 80]	[-1 85]
[ 1 78]	[-1 83]
[ 1 80]	[-1 82]
[ 1 85]	[-1 80]
[ 1 80]	[-1 85]
[ 1 73]	[-1 85]
[ 1 73]	[-1 78]
[ 1 73]	[-1 77]
[ 1 73]	[-1 73]
[ 1 73]	[-1 73]
[ 1 80]	[-1 75]
[ 1 77]	[-1 77]
[ 1 73]	[-1 78]
[ 1 73]	[-1 78]
[ 1 85]	[-1 75]
[ 1 80]	[-1 71]
[ 1 78]	[-1 83]
[ 1 80]	[-1 82]
[ 1 85]	[-1 80]
[ 1 85]	[-1 85]
[ 1 80]	[-1 85]
[ 1 78]	[-1 83]
[ 1 80]	[-1 82]
[ 1 85]	[-1 80]
[ 1 80]	[-1 85]
[ 1 73]	[-1 85]
[ 1 73]	[-1 78]
[ 1 73]	[-1 77]
[ 1 73]	[-1 75]
[ 1 73]	[-1 73]
[ 1 73]	[-1 71]
[ 1 73]	[-1 73]
[ 1 73]	[-1 75]
[ 1 73]	[-1 71]
[ 1 85]	[-1 73]
[ 1 80]	[-1 73]
[ 1 78]	[-1 83]
[ 1 80]	[-1 82]
[ 1 85]	[-1 80]
[ 1 85]	[-1 85]
[ 1 80]	[-1 85]
[ 1 78]	[-1 83]
[ 1 80]	[-1 82]
[ 1 78]	[-1 80]
[ 1 77]	[-1 85]
[ 1 73]	[-1 80]
[ 1 73]	[-1 78]
[ 1 73]	[-1 77]
[ 1 73]	[-1 73]
[ 1 73]	[-1 73]
[ 1 80]	[-1 75]
[ 1 77]	[-1 77]
[ 1 73]	[-1 78]
[ 1 73]	[-1 78]
[ 1 73]	[-1 75]
[ 1 73]	[-1 71]
[ 1 73]	[-1 68]
[ 1 73]	[-1 73]
[ 1 73]	[-1 73]
[ 1 73]	[-1 75]
[ 1 77]	[-1 77]
[ 1 78]	[-1 77]
[ 1 80]	[-1 78]
[ 1 78]	[-1 80]
[ 1 77]	[-1 85]
[ 1 73]	[-1 80]
[ 1 73]	[-1 78]
[ 1 73]	[-1 77]
[ 1 73]	[-1 75]
[ 1 73]	[-1 73]
[ 1 73]	[-1 75]
[ 1 73]	[-1 73]
[ 1 73]	[ 1 71]
[-1 -1]	[ 1 73]
[ 1 73]	[12 73]
[ 1 73]	[12 71]
[ 1 77]	[12 73]
[ 1 73]	[12 75]
[ 1 73]	[ 1 78]
[ 1 80]	[ 1 77]
[ 1 78]	[ 1 73]
[ 1 77]	[ 1 82]
[ 1 73]	[15 80]
[ 1 80]	[15 78]
[ 1 82]	[15 75]
[ 1 80]	[15 82]
[ 1 77]	[15 83]
[ 1 73]	[15 82]
[ 1 73]	[15 78]
[ 1 73]	[15 75]
[ 1 73]	[12 73]
[ 1 73]	[12 71]
[ 1 77]	[12 73]
[ 1 78]	[12 75]
[ 1 80]	[12 78]
[ 1 78]	[12 80]
[ 1 77]	[12 82]
[ 1 73]	[12 80]
[ 1 73]	[ 1 78]
[ 1 73]	[ 1 77]
[ 1 73]	[ 1 73]
[ 1 73]	[ 1 73]
[ 1 73]	[ 1 75]
[ 1 77]	[ 1 73]
[ 1 73]	[ 6 77]
[ 1 77]	[ 6 78]
[ 1 78]	[ 6 73]
[ 1 80]	[ 1 78]
[ 1 78]	[ 1 77]
[ 1 80]	[ 1 78]
[ 1 77]	[ 1 80]
[ 1 80]	[ 6 77]
[ 1 78]	[ 6 78]
[ 1 80]	[ 6 82]
[ 1 77]	[ 6 80]
[ 1 73]	[15 77]
[ 1 73]	[15 78]
[ 1 73]	[15 77]
[ 1 73]	[15 73]
[ 1 73]	[ 1 75]
[ 1 73]	[ 1 77]
[ 1 73]	[ 1 75]
[ 1 73]	[ 1 73]
[ 1 73]	[20 70]
[ 1 77]	[20 71]
[ 1 73]	[20 68]
[ 1 73]	[20 78]
[ 1 73]	[ 1 77]
[ 1 73]	[ 1 73]
[ 1 73]	[ 1 73]
[ 1 73]	[ 1 75]
[ 1 73]	[12 73]
[ 1 77]	[12 71]
[ 1 73]	[12 75]
[ 1 73]	[12 78]
[ 1 73]	[12 75]
[ 1 73]	[13 71]
[ 1 73]	[13 76]
[ 1 73]	[13 75]
[ 1 73]	[12 73]
[ 1 73]	[12 75]
[ 1 73]	[12 71]
[ 1 73]	[12 73]
[ 1 73]	[ 1 75]
[ 1 77]	[ 1 77]
[ 1 78]	[ 1 73]
[ 1 80]	[ 1 80]
[ 1 78]	[ 1 80]
[ 1 77]	[ 1 78]
[ 1 78]	[ 1 77]
[ 1 80]	[ 1 73]
[ 1 78]	[ 1 80]
[ 1 77]	[ 1 82]
[ 1 73]	[ 1 80]
[ 1 73]	[ 1 78]
[ 1 77]	[ 1 77]
[ 1 80]	[ 6 73]
[ 1 80]	[ 6 78]
[ 1 78]	[ 6 82]
[ 1 80]	[ 1 78]
[ 1 78]	[ 1 77]
[ 1 80]	[ 1 78]
[ 1 77]	[ 1 80]
[ 1 80]	[15 77]
[ 1 78]	[15 78]
[ 1 80]	[15 82]
[ 1 77]	[15 80]
[ 1 73]	[ 1 77]
[ 1 73]	[ 1 78]
[ 1 73]	[ 1 77]
[ 1 73]	[ 1 73]
[ 1 73]	[ 1 75]
[ 1 73]	[ 1 77]
[ 1 73]	[ 1 75]
[ 1 73]	[ 1 73]
[ 1 73]	[20 70]
[ 1 77]	[20 71]
[ 1 73]	[20 68]
[ 1 73]	[20 78]
[ 1 73]	[ 1 77]
[ 1 73]	[ 1 73]
[-1 -1]	[ 1 73]
[ 1 78]	[ 1 75]
[ 1 77]	[ 1 77]
[ 1 73]	[ 1 80]
[ 1 73]	[ 1 78]
[ 1 73]	[ 1 77]
[ 1 73]	[ 1 77]
[ 1 73]	[ 1 77]
[ 1 73]	[ 1 73]
[ 1 85]	[ 1 77]
[ 1 80]	[ 1 73]
[ 1 78]	[ 1 83]
[ 1 77]	[ 1 82]
[ 1 78]	[ 1 80]
[ 1 80]	[ 1 80]
[ 1 85]	[ 1 80]
[ 1 85]	[ 6 77]
[ 1 80]	[ 6 85]
[ 1 80]	[ 6 83]
[ 1 82]	[ 6 82]
[ 1 80]	[ 6 78]
[ 1 78]	[ 6 83]
[ 1 80]	[ 8 82]
[ 1 77]	[ 8 80]
[ 1 73]	[ 8 77]
[ 1 73]	[ 8 78]
[ 1 73]	[ 1 75]
[ 1 73]	[ 1 77]
[ 1 73]	[ 1 77]
[ 1 73]	[ 1 77]
[ 1 73]	[ 1 73]
[ 1 73]	[ 8 73]
[ 1 77]	[ 8 80]
[ 1 73]	[ 8 77]
[ 1 73]	[ 8 78]
[ 1 80]	[ 1 75]
[ 1 82]	[ 6 77]
[ 1 80]	[ 6 85]
[ 1 80]	[ 6 83]
[ 1 82]	[ 6 82]
[ 1 80]	[ 6 78]
[ 1 78]	[ 6 83]
[ 1 80]	[ 1 82]
[ 1 82]	[ 1 80]
[ 1 80]	[ 1 77]
[ 1 78]	[ 1 83]
[ 1 77]	[ 1 82]
[ 1 78]	[ 1 80]
[ 1 80]	[ 1 80]
[ 1 80]	[ 1 80]
[ 1 78]	[ 1 77]
[ 1 77]	[ 1 82]
[ 1 80]	[ 1 80]
[ 1 78]	[ 1 80]
[ 1 80]	[ 1 77]
[ 1 77]	[ 1 80]
[ 1 73]	[ 8 82]
[ 1 73]	[ 8 78]
[ 1 77]	[ 8 75]
[ 1 73]	[ 8 80]
[ 1 73]	[ 1 78]
[ 1 73]	[ 1 77]
[ 1 73]	[ 1 77]
[ 1 77]	[ 1 77]
[ 1 73]	[ 8 73]
[ 1 73]	[ 8 78]
[ 1 77]	[ 8 75]
[ 1 73]	[ 8 80]
[ 1 73]	[ 1 78]
[ 1 73]	[ 6 77]
[ 1 73]	[ 6 70]
[ 1 73]	[ 6 66]
[ 1 73]	[ 6 70]
[ 1 73]	[ 6 71]
[ 1 73]	[ 6 73]
[ 1 73]	[ 6 77]
[ 1 73]	[ 6 75]
[ 1 73]	[24 73]
[ 1 73]	[24 73]
[ 1 73]	[24 71]
[ 1 73]	[24 70]
[ 1 73]	[24 71]
[ 1 73]	[24 73]
[ 1 77]	[24 75]
[ 1 80]	[24 77]
[ 1 82]	[24 78]
[ 1 80]	[24 80]
[ 1 78]	[24 83]
[ 1 77]	[24 82]
[ 1 80]	[24 80]
[ 1 78]	[24 80]
[ 1 80]	[24 78]
[ 1 80]	[24 77]
[ 1 78]	[24 78]
[ 1 77]	[24 82]
[ 1 73]	[24 80]
[ 1 73]	[24 78]
[ 1 73]	[24 77]
[ 1 73]	[24 75]
[ 1 73]	[24 73]
[ 1 73]	[ 6 71]
[ 1 73]	[ 6 70]
[ 1 73]	[ 6 66]
[ 1 73]	[ 6 70]
[ 1 73]	[ 6 71]
[ 1 73]	[ 6 73]
[ 1 73]	[ 6 77]
[ 1 73]	[ 6 75]
[ 1 73]	[24 73]
[ 1 73]	[24 73]
[ 1 73]	[24 71]
[ 1 73]	[24 70]
[ 1 73]	[24 71]
[ 1 73]	[24 73]
[ 1 77]	[24 75]
[ 1 80]	[24 77]
[ 1 82]	[24 78]
[ 1 80]	[24 80]
[ 1 78]	[24 83]
[ 1 77]	[24 82]
[ 1 73]	[24 80]
[ 1 73]	[24 78]
[ 1 73]	[24 77]
[ 1 73]	[24 75]
[-1 -1]	[24 73]
[ 1 85]	[-1 71]
[ 1 85]	[-1 90]
[ 1 80]	[ 1 87]
[ 1 85]	[ 1 85]
[ 1 85]	[ 1 82]
[ 1 80]	[ 1 80]
[ 1 77]	[ 6 83]
[ 1 80]	[ 6 82]
[ 1 78]	[ 6 78]
[ 1 80]	[ 6 78]
[ 1 82]	[ 6 80]
[ 1 80]	[ 6 82]
[ 1 78]	[ 6 83]
[ 1 80]	[ 6 82]
[ 1 85]	[15 80]
[ 1 85]	[15 82]
[ 1 85]	[15 90]
[ 1 80]	[ 1 87]
[ 1 85]	[ 1 85]
[ 1 85]	[ 1 82]
[ 1 80]	[ 1 80]
[ 1 77]	[ 6 83]
[ 1 80]	[ 6 82]
[ 1 80]	[ 6 78]
[ 1 85]	[ 6 78]
[ 1 85]	[20 82]
[ 1 87]	[20 80]
[ 1 89]	[20 92]
[ 1 90]	[20 92]
[ 1 89]	[ 1 90]
[ 1 85]	[ 1 92]
[ 1 85]	[ 1 90]
[ 1 80]	[ 1 87]
[ 1 85]	[ 1 85]
[ 1 85]	[ 1 82]
[ 1 80]	[ 1 80]
[ 1 77]	[ 6 83]
[ 1 80]	[ 6 82]
[ 1 78]	[ 6 78]
[ 1 80]	[ 6 78]
[ 1 82]	[ 6 80]
[ 1 80]	[ 6 82]
[ 1 78]	[ 6 83]
[ 1 80]	[ 6 82]
[ 1 77]	[15 80]
[ 1 80]	[15 82]
[ 1 85]	[15 78]
[ 1 80]	[ 1 82]
[ 1 85]	[ 1 85]
[ 1 85]	[ 1 82]
[ 1 80]	[ 1 80]
[ 1 77]	[ 6 83]
[ 1 80]	[ 6 82]
[ 1 85]	[ 6 78]
[ 1 85]	[ 6 82]
[ 1 85]	[20 85]
[ 1 87]	[20 87]
[ 1 89]	[20 92]
[ 1 85]	[20 92]
[ 1 85]	[ 1 90]
[ 1 85]	[ 1 92]
[ 1 87]	[ 1 92]
[ 1 89]	[ 1 87]
[ 1 87]	[ 6 89]
[ 1 89]	[ 6 90]
[ 1 85]	[ 6 89]
[ 1 85]	[ 6 90]
[ 1 85]	[ 6 87]
[ 1 85]	[ 6 90]
[ 1 85]	[ 6 94]
[ 1 89]	[ 6 92]
[ 1 87]	[ 6 87]
[ 1 89]	[ 6 90]
[ 1 85]	[ 6 89]
[ 1 85]	[ 6 90]
[ 1 85]	[15 92]
[ 1 85]	[15 94]
[ 1 87]	[15 87]
[ 1 89]	[15 87]
[ 1 87]	[ 6 89]
[ 1 89]	[ 6 90]
[ 1 85]	[ 6 89]
[ 1 85]	[ 6 90]
[ 1 87]	[15 92]
[ 1 89]	[15 94]
[ 1 85]	[15 92]
[ 1 85]	[15 90]
[ 1 85]	[20 89]
[ 1 87]	[20 87]
[ 1 89]	[20 92]
[ 1 85]	[20 92]
[ 1 85]	[ 1 90]
[ 1 87]	[ 1 92]
[ 1 89]	[ 1 87]
[ 1 87]	[ 6 89]
[ 1 89]	[ 6 90]
[ 1 85]	[ 6 89]
[ 1 85]	[ 6 90]
[ 1 85]	[ 6 87]
[ 1 85]	[ 6 90]
[ 1 85]	[ 6 94]
[ 1 89]	[ 6 92]
[ 1 87]	[ 6 87]
[ 1 89]	[ 6 90]
[ 1 85]	[ 6 89]
[ 1 85]	[ 6 90]
[ 1 85]	[15 92]
[ 1 85]	[15 94]
[ 1 85]	[15 87]
[ 1 80]	[15 87]
[ 1 78]	[ 6 90]
[ 1 80]	[ 6 82]
[ 1 85]	[ 6 80]
[ 1 87]	[ 6 78]
[ 1 89]	[ 6 92]
[ 1 85]	[15 89]
[ 1 85]	[15 90]
[ 1 85]	[15 89]
[ 1 85]	[15 87]
[ 1 85]	[20 85]
[ 1 87]	[20 87]
[ 1 89]	[20 92]
[ 1 90]	[20 92]
[-1 -1]	[ 1 90]
[ 1 73]	[-1 92]
[ 1 73]	[ 1 75]
[ 1 73]	[ 1 73]
[ 1 73]	[ 1 73]
[ 1 73]	[ 1 75]
[ 1 73]	[ 1 80]
[ 1 73]	[ 1 73]
[ 1 73]	[ 1 85]
[ 1 73]	[ 1 73]
[ 1 77]	[ 1 73]
[ 1 73]	[12 80]
[ 1 73]	[12 78]
[ 1 73]	[12 75]
[ 1 73]	[12 71]
[ 1 73]	[ 1 75]
[ 1 73]	[ 1 73]
[ 1 73]	[ 1 73]
[ 1 73]	[ 1 75]
[ 1 73]	[ 1 73]
[ 1 77]	[ 1 75]
[ 1 78]	[ 1 77]
[ 1 80]	[12 78]
[ 1 77]	[12 80]
[ 1 73]	[12 83]
[ 1 73]	[12 78]
[ 1 73]	[12 83]
[ 1 73]	[12 75]
[ 1 73]	[12 71]
[ 1 73]	[12 71]
[ 1 80]	[ 1 75]
[ 1 82]	[ 1 73]
[ 1 80]	[ 1 85]
[ 1 73]	[ 1 83]
[ 1 73]	[ 1 85]
[ 1 73]	[ 1 73]
[ 1 80]	[ 1 75]
[ 1 80]	[ 1 73]
[ 1 73]	[12 85]
[ 1 73]	[12 82]
[ 1 73]	[12 83]
[ 1 73]	[12 75]
[ 1 80]	[ 1 71]
[ 1 80]	[ 1 73]
[ 1 80]	[ 1 85]
[ 1 78]	[ 1 82]
[ 1 80]	[ 1 78]
[ 1 78]	[ 1 80]
[ 1 80]	[ 1 82]
[ 1 82]	[12 80]
[ 1 80]	[12 78]
[ 1 77]	[12 83]
[ 1 73]	[12 82]
[ 1 73]	[12 78]
[ 1 73]	[12 83]
[ 1 73]	[ 1 71]
[ 1 73]	[ 1 73]
[ 1 80]	[ 1 85]
[ 1 82]	[ 1 73]
[ 1 80]	[ 1 85]
[ 1 78]	[ 1 83]
[ 1 80]	[ 1 85]
[ 1 82]	[ 1 80]
[ 1 80]	[12 85]
[ 1 82]	[12 83]
[ 1 80]	[12 80]
[ 1 73]	[12 83]
[ 1 77]	[12 83]
[ 1 73]	[12 71]
[ 1 73]	[12 78]
[ 1 73]	[ 1 75]
[ 1 73]	[ 1 73]
[ 1 77]	[ 1 75]
[ 1 73]	[ 1 77]
[ 1 73]	[ 1 78]
[ 1 73]	[ 1 80]
[ 1 73]	[ 1 73]
[ 1 73]	[ 1 77]
[ 1 73]	[ 1 85]
[ 1 73]	[ 1 73]
[ 1 80]	[ 1 75]
[ 1 77]	[ 1 77]
[ 1 73]	[12 78]
[ 1 73]	[12 78]
[ 1 73]	[12 71]
[ 1 73]	[12 75]
[ 1 73]	[ 1 85]
[ 1 73]	[ 1 73]
[ 1 77]	[ 1 75]
[ 1 78]	[ 1 77]
[ 1 80]	[ 1 78]
[ 1 78]	[ 1 80]
[ 1 80]	[ 1 78]
[ 1 78]	[ 1 77]
[ 1 80]	[ 6 78]
[ 1 77]	[ 6 80]
[ 1 73]	[ 6 77]
[ 1 73]	[ 6 78]
[ 1 73]	[12 73]
[ 1 73]	[12 75]
[ 1 73]	[12 71]
[ 1 77]	[ 1 71]
[ 1 78]	[ 1 73]
[ 1 80]	[ 1 80]
[ 1 80]	[ 1 77]
[ 1 78]	[ 1 82]
[ 1 80]	[ 1 78]
[ 1 77]	[ 1 80]
[ 1 73]	[ 1 77]
[ 1 73]	[ 1 78]
[ 1 73]	[ 1 75]
[ 1 73]	[ 1 77]
[ 1 73]	[12 73]
[ 1 73]	[12 75]
[ 1 73]	[12 71]
[ 1 73]	[12 71]
[ 1 73]	[ 1 75]
[ 1 73]	[ 1 85]
[ 1 73]	[ 1 85]
[ 1 73]	[ 1 83]
[ 1 73]	[ 1 73]
[ 1 73]	[ 1 80]
[ 1 73]	[ 1 77]
[ 1 73]	[ 1 85]
[ 1 73]	[12 85]
[ 1 77]	[12 83]
[ 1 73]	[12 71]
[ 1 80]	[12 78]
[ 1 85]	[12 75]
[ 1 85]	[12 85]
[ 1 80]	[12 85]
[ 1 78]	[12 83]
[ 1 80]	[12 85]
[ 1 82]	[12 80]
[ 1 80]	[12 85]
[ 1 82]	[12 83]
[ 1 80]	[12 80]
[ 1 73]	[12 83]
[ 1 77]	[12 83]
[ 1 73]	[12 71]
[ 1 80]	[12 78]
[ 1 85]	[ 1 75]
[ 1 82]	[ 1 85]
[ 1 80]	[ 1 83]
[ 1 77]	[ 1 80]
[ 1 78]	[ 1 85]
[ 1 80]	[ 1 73]
[ 1 82]	[ 1 80]
[ 1 80]	[ 1 85]
[ 1 73]	[ 1 83]
[ 1 73]	[12 80]
[ 1 73]	[12 83]
[ 1 80]	[12 71]
[ 1 85]	[ 1 75]
[ 1 80]	[ 1 85]
[ 1 78]	[ 1 85]
[ 1 80]	[ 1 82]
[ 1 82]	[ 1 80]
[ 1 80]	[ 1 82]
[ 1 78]	[ 1 83]
[ 1 80]	[ 1 85]
[12 82]	[ 1 80]
[12 83]	[ 1 82]
[12 80]	[ 1 83]
[12 78]	[ 1 82]
[12 75]	[12 78]
[-1 -1]	[12 83]
[ 1 73]	[-1 71]
[ 1 73]	[ 1 80]
[ 1 73]	[ 1 73]
[ 1 77]	[ 1 75]
[ 1 73]	[ 1 77]
[ 1 73]	[ 1 78]
[ 1 73]	[ 1 80]
[ 1 77]	[ 1 77]
[ 1 73]	[ 1 73]
[ 1 73]	[ 1 78]
[ 1 73]	[ 1 77]
[ 1 73]	[ 1 73]
[ 1 73]	[ 1 80]
[ 1 73]	[ 8 77]
[ 1 73]	[ 8 77]
[ 1 73]	[ 8 75]
[ 1 73]	[ 8 75]
[ 1 73]	[ 1 80]
[ 1 73]	[ 1 73]
[ 1 77]	[ 1 75]
[ 1 73]	[ 1 77]
[ 1 73]	[ 1 78]
[ 1 73]	[ 1 80]
[ 1 73]	[ 1 77]
[ 1 73]	[ 1 73]
[ 1 77]	[ 1 75]
[ 1 73]	[12 77]
[ 1 73]	[12 78]
[ 1 73]	[12 75]
[ 1 73]	[12 71]
[ 1 73]	[ 1 75]
[ 1 73]	[ 1 75]
[ 1 85]	[ 1 73]
[ 1 80]	[ 1 73]
[ 1 78]	[ 1 83]
[ 1 80]	[ 1 82]
[ 1 80]	[ 1 80]
[ 1 78]	[ 1 85]
[ 1 80]	[ 1 82]
[ 1 80]	[ 1 80]
[ 1 82]	[ 1 77]
[ 1 80]	[ 1 73]
[ 1 78]	[ 1 83]
[ 1 80]	[ 1 82]
[ 1 73]	[ 1 80]
[ 1 73]	[ 1 85]
[ 1 73]	[ 8 77]
[ 1 73]	[ 8 77]
[ 1 85]	[ 8 75]
[ 1 80]	[ 8 75]
[ 1 78]	[ 1 83]
[ 1 80]	[ 1 82]
[ 1 80]	[ 1 80]
[ 1 73]	[ 1 85]
[ 1 73]	[ 1 82]
[ 1 73]	[ 1 80]
[ 1 73]	[ 1 77]
[ 1 73]	[ 1 73]
[ 1 77]	[ 1 75]
[ 1 73]	[12 77]
[ 1 73]	[12 78]
[ 1 73]	[12 75]
[ 1 73]	[12 71]
[ 1 73]	[ 1 75]
[ 1 73]	[ 1 75]
[ 1 73]	[ 1 73]
[ 1 85]	[ 1 73]
[ 1 80]	[ 1 73]
[ 1 78]	[ 1 83]
[ 1 80]	[ 1 82]
[ 1 80]	[ 1 80]
[ 1 78]	[ 1 85]
[ 1 80]	[ 1 82]
[ 1 80]	[ 1 80]
[ 1 82]	[ 1 77]
[ 1 80]	[ 1 73]
[ 1 78]	[ 1 83]
[ 1 80]	[ 1 82]
[ 1 73]	[ 1 80]
[ 1 73]	[ 1 85]
[ 1 73]	[ 8 77]
[ 1 73]	[ 8 77]
[ 1 85]	[ 8 75]
[ 1 80]	[ 8 75]
[ 1 78]	[ 1 83]
[ 1 80]	[ 1 82]
[ 1 77]	[ 6 80]
[ 1 73]	[ 6 82]
[ 1 73]	[ 1 78]
[ 1 73]	[ 1 80]
[ 1 73]	[ 1 77]
[ 1 73]	[ 1 73]
[ 1 77]	[ 1 75]
[ 1 73]	[12 77]
[ 1 73]	[12 78]
[ 1 73]	[12 75]
[ 1 73]	[12 71]
[ 1 73]	[ 1 75]
[ 1 73]	[ 1 75]
[-1 -1]	[ 1 73]
[ 1 78]	[-1 73]
[ 1 77]	[ 1 80]
[ 1 73]	[ 1 80]
[ 1 73]	[ 1 80]
[ 1 73]	[ 1 77]
[ 1 73]	[ 1 73]
[ 1 73]	[ 1 75]
[ 1 73]	[ 1 73]
[ 1 73]	[ 1 71]
[ 1 73]	[ 1 68]
[ 1 73]	[ 1 71]
[ 1 73]	[ 1 68]
[ 1 73]	[ 4 66]
[ 1 73]	[ 4 64]
[ 1 73]	[ 4 65]
[ 1 73]	[ 4 65]
[ 1 73]	[ 4 71]
[ 1 73]	[ 4 73]
[ 1 73]	[ 4 71]
[ 1 73]	[ 4 66]
[ 1 73]	[ 4 64]
[ 1 73]	[ 4 65]
[ 1 73]	[ 4 65]
[ 1 73]	[ 1 71]
[ 1 73]	[ 1 77]
[ 1 77]	[ 1 73]
[ 1 78]	[ 1 73]
[ 1 80]	[ 1 80]
[ 1 85]	[ 1 80]
[ 1 85]	[ 1 78]
[ 1 85]	[ 1 80]
[ 1 85]	[ 1 83]
[ 1 85]	[ 1 85]
[ 1 85]	[ 1 87]
[ 1 82]	[ 1 85]
[ 1 80]	[ 1 83]
[ 1 85]	[ 1 80]
[ 1 85]	[ 1 78]
[ 1 85]	[ 1 80]
[ 1 85]	[ 1 83]
[ 1 85]	[ 1 85]
[ 1 85]	[ 1 87]
[ 1 82]	[ 1 85]
[ 1 80]	[12 83]
[ 1 78]	[12 80]
[ 1 80]	[12 78]
[ 1 82]	[12 80]
[ 1 80]	[12 82]
[ 1 82]	[12 83]
[ 1 80]	[12 85]
[ 1 78]	[12 83]
[ 1 80]	[12 82]
[ 1 78]	[12 80]
[ 1 80]	[12 78]
[ 1 85]	[12 80]
[ 1 85]	[12 82]
[ 1 85]	[12 83]
[ 1 85]	[ 1 80]
[ 1 85]	[ 1 85]
[ 1 85]	[ 1 85]
[ 1 85]	[ 1 85]
[ 1 85]	[ 1 87]
[ 1 85]	[ 1 85]
[ 1 85]	[ 1 83]
[ 1 85]	[ 1 80]
[ 1 85]	[ 1 83]
[ 1 85]	[ 1 85]
[ 1 85]	[ 1 87]
[ 1 82]	[ 1 85]
[ 1 80]	[12 83]
[ 1 78]	[12 80]
[ 1 80]	[12 78]
[ 1 82]	[12 80]
[ 1 80]	[12 82]
[ 1 85]	[12 83]
[ 1 85]	[12 85]
[-1 -1]	[12 83]
[ 1 73]	[ 1 80]
[ 1 73]	[ 1 73]
[ 1 73]	[ 1 73]
[ 1 73]	[ 1 71]
[ 1 73]	[ 1 68]
[ 1 73]	[ 1 73]
[ 1 77]	[ 1 71]
[ 1 78]	[ 1 73]
[ 1 80]	[20 80]
[ 1 85]	[20 80]
[ 1 85]	[20 78]
[ 1 80]	[20 80]
[ 1 77]	[ 6 83]
[ 1 80]	[ 6 82]
[ 1 82]	[ 6 78]
[ 1 80]	[ 6 82]
[ 1 73]	[ 6 83]
[ 1 73]	[ 6 78]
[ 1 73]	[ 1 75]
[ 1 73]	[ 1 73]
[ 1 73]	[ 1 73]
[ 1 73]	[ 1 73]
[ 1 73]	[ 1 71]
[ 1 73]	[ 1 68]
[ 1 77]	[ 1 73]
[ 1 78]	[ 1 77]
[ 1 80]	[ 1 78]
[ 1 73]	[ 1 80]
[ 1 73]	[ 1 82]
[ 1 73]	[ 1 83]
[ 1 73]	[ 1 73]
[ 1 73]	[ 1 73]
[ 1 73]	[ 1 85]
[ 1 73]	[ 1 73]
[ 1 73]	[ 1 73]
[ 1 73]	[ 6 83]
[ 1 80]	[ 6 73]
[ 1 82]	[ 6 73]
[ 1 80]	[12 82]
[ 1 73]	[12 83]
[ 1 73]	[12 78]
[ 1 73]	[ 1 75]
[ 1 80]	[ 1 73]
[ 1 78]	[ 1 73]
[ 1 80]	[ 1 82]
[ 1 80]	[ 1 80]
[ 1 82]	[ 1 82]
[ 1 80]	[20 82]
[ 1 78]	[20 83]
[ 1 77]	[20 80]
[ 1 73]	[20 80]
[ 1 73]	[20 78]
[ 1 77]	[20 75]
[ 1 78]	[20 83]
[ 1 77]	[20 80]
[ 1 73]	[20 80]
[ 1 77]	[20 78]
[ 1 80]	[ 4 75]
[ 1 77]	[ 4 78]
[ 1 80]	[ 4 78]
[ 1 78]	[ 4 78]
[ 1 77]	[ 4 78]
[ 1 73]	[12 80]
[ 1 73]	[12 78]
[ 1 73]	[12 75]
[ 1 80]	[12 73]
[ 1 82]	[12 75]
[ 1 80]	[20 78]
[ 1 78]	[20 83]
[ 1 77]	[20 80]
[ 1 73]	[20 80]
[ 1 73]	[20 78]
[ 1 77]	[20 75]
[ 1 78]	[20 83]
[ 1 77]	[20 80]
[ 1 73]	[20 80]
[ 1 85]	[20 78]
[ 1 85]	[ 4 75]
[ 1 85]	[ 4 83]
[ 1 85]	[ 6 83]
[ 1 85]	[ 6 83]
[ 1 85]	[ 6 83]
[ 1 80]	[12 85]
[ 1 73]	[12 87]
[ 1 73]	[12 78]
[ 1 80]	[12 73]
[ 1 82]	[12 75]
[ 1 80]	[20 78]
[ 1 78]	[20 83]
[ 1 77]	[20 80]
[ 1 73]	[20 80]
[ 1 73]	[20 78]
[ 1 77]	[20 75]
[ 1 78]	[20 83]
[ 1 77]	[20 80]
[ 1 73]	[20 80]
[ 1 85]	[20 78]
[ 1 85]	[ 4 75]
[ 1 80]	[ 4 83]
[ 1 85]	[ 4 83]
[ 1 85]	[ 4 78]
[ 1 85]	[ 4 80]
[ 1 80]	[ 1 83]
[ 1 78]	[ 1 85]
[ 1 77]	[ 1 78]
[ 1 78]	[ 8 80]
[ 1 80]	[ 8 80]
[ 1 78]	[ 8 80]
[ 1 77]	[ 8 92]
[ 1 78]	[ 8 80]
[ 1 77]	[ 8 80]
[ 1 78]	[ 8 90]
[ 1 80]	[ 8 80]
[ 1 78]	[ 8 80]
[ 1 80]	[ 8 89]
[ 1 85]	[ 8 80]
[ 1 85]	[ 8 80]
[ 1 80]	[ 8 87]
[ 1 78]	[ 8 84]
[ 1 80]	[ 8 82]
[ 1 78]	[ 8 80]
[ 1 77]	[ 8 82]
[ 1 73]	[ 8 80]
[ 1 73]	[ 8 78]
[ 1 73]	[ 8 75]
[ 1 73]	[ 8 80]
[ 1 73]	[ 8 75]
[ 1 73]	[ 8 73]
[-1 -1]	[ 8 71]
[ 1 73]	[ 6 68]
[ 1 77]	[ 6 73]
[ 1 78]	[ 6 75]
[ 1 80]	[ 1 78]
[ 1 78]	[ 1 80]
[ 1 80]	[ 1 78]
[ 1 78]	[ 6 80]
[ 1 80]	[ 6 82]
[ 1 78]	[ 6 80]
[ 1 80]	[ 1 78]
[ 1 78]	[ 1 80]
[ 1 80]	[ 1 78]
[ 1 78]	[ 6 80]
[ 1 80]	[ 6 82]
[ 1 77]	[ 6 80]
[ 1 73]	[15 78]
[ 1 73]	[15 78]
[ 1 73]	[15 75]
[ 1 77]	[22 73]
[ 1 78]	[22 73]
[ 1 80]	[20 73]
[ 1 82]	[20 80]
[ 1 80]	[20 82]
[ 1 85]	[ 1 83]
[ 1 85]	[ 1 85]
[ 1 80]	[ 1 87]
[ 1 82]	[ 6 85]
[ 1 80]	[ 6 85]
[ 1 78]	[ 6 83]
[ 1 80]	[ 1 82]
[ 1 77]	[ 1 80]
[ 1 78]	[ 1 78]
[ 1 80]	[20 75]
[ 1 82]	[20 80]
[ 1 80]	[20 82]
[ 1 85]	[ 1 83]
[ 1 80]	[ 1 85]
[ 1 82]	[ 1 87]
[ 1 80]	[12 85]
[ 1 78]	[ 6 83]
[ 1 80]	[ 6 82]
[ 1 78]	[ 6 80]
[ 1 80]	[20 78]
[ 1 82]	[20 80]
[ 1 80]	[20 82]
[ 1 85]	[ 1 83]
[ 1 85]	[ 1 85]
[ 1 80]	[ 1 87]
[ 1 82]	[ 6 85]
[ 1 80]	[ 6 85]
[ 1 78]	[ 6 83]
[ 1 80]	[ 1 82]
[ 1 78]	[ 1 80]
[ 1 80]	[ 1 78]
[ 1 78]	[ 6 80]
[ 1 80]	[ 6 82]
[ 1 77]	[ 6 80]
[ 1 73]	[15 78]
[ 1 73]	[15 78]
[ 1 73]	[15 75]
[ 1 73]	[22 73]
[-1 -1]	[22 73]
[ 1 80]	[20 73]
[ 1 78]	[20 83]
[ 1 80]	[20 82]
[ 1 78]	[20 80]
[ 1 80]	[ 1 78]
[ 1 78]	[ 1 77]
[ 1 80]	[ 1 78]
[ 1 80]	[ 1 80]
[ 1 78]	[15 77]
[ 1 80]	[15 78]
[ 1 77]	[15 80]
[ 1 73]	[15 82]
[ 1 73]	[ 1 78]
[ 1 73]	[ 1 80]
[ 1 73]	[ 1 73]
[ 1 73]	[ 1 75]
[ 1 73]	[ 1 73]
[ 1 73]	[1 0]
[ 1 73]	[ 1 77]
[ 1 73]	[ 1 73]
[ 1 73]	[ 1 75]
[ 1 73]	[ 1 73]
[ 1 73]	[1 0]
[ 1 73]	[ 1 77]
[ 1 73]	[ 1 80]
[ 1 80]	[20  0]
[ 1 82]	[20 80]
[ 1 80]	[20 82]
[ 1 78]	[20 83]
[ 1 80]	[20 82]
[ 1 78]	[20 80]
[ 1 80]	[ 1 78]
[ 1 78]	[ 1 77]
[ 1 80]	[ 1 78]
[ 1 80]	[ 1 80]
[ 1 78]	[15 77]
[ 1 80]	[15 78]
[ 1 80]	[15 80]
[ 1 78]	[15 82]
[ 1 80]	[20 78]
[ 1 85]	[20 80]
[ 1 82]	[20 82]
[ 1 80]	[20 83]
[ 1 80]	[ 6 80]
[ 1 78]	[ 6 82]
[ 1 80]	[ 6 78]
[ 1 78]	[6 0]
[ 1 80]	[ 6 78]
[ 1 82]	[6 0]
[ 1 80]	[20 82]
[ 1 82]	[20 83]
[ 1 80]	[20 82]
[ 1 85]	[20 83]
[ 1 85]	[15 85]
[ 1 85]	[15 87]
[ 1 87]	[15 90]
[ 1 89]	[15 87]
[ 1 90]	[15 89]
[ 1 89]	[ 1 90]
[ 1 85]	[ 1 92]
[ 1 85]	[ 1 90]
[ 1 85]	[ 1 89]
[ 1 85]	[ 1 87]
[ 1 85]	[ 1 85]
[ 1 85]	[ 1 87]
[ 1 85]	[ 1 89]
[ 1 87]	[15 85]
[ 1 89]	[15 87]
[ 1 85]	[15 89]
[ 1 85]	[15 90]
[ 1 85]	[20 87]
[ 1 80]	[20 92]
[ 1 78]	[20  0]
[ 1 80]	[20 80]
[ 1 82]	[20 80]
[ 1 80]	[20 82]
[ 1 82]	[20 83]
[ 1 80]	[20 82]
[ 1 85]	[20 83]
[ 1 85]	[15 85]
[ 1 85]	[15 87]
[ 1 87]	[15 90]
[ 1 89]	[15 87]
[ 1 90]	[15 89]
[ 1 89]	[ 1 90]
[ 1 85]	[ 1 92]
[ 1 85]	[ 1 90]
[ 1 85]	[ 1 89]
[ 1 85]	[ 1 87]
[ 1 85]	[ 1 85]
[ 1 80]	[ 1 87]
[ 1 78]	[ 1 89]
[ 1 80]	[20 85]
[ 1 85]	[20 80]
[ 1 82]	[20 82]
[ 1 80]	[20 83]
[ 1 77]	[ 6 80]
[ 1 73]	[ 6 82]
[ 1 77]	[ 6 78]
[-1 -1]	[6 0]
[ 1 77]	[-1 78]
[ 1 73]	[ 1 82]
[ 1 73]	[ 1 80]
[ 1 73]	[ 1 77]
[ 1 77]	[ 1 73]
[ 1 73]	[ 1 77]
[ 1 73]	[ 1 78]
[ 1 73]	[ 1 80]
[ 1 73]	[ 1 77]
[ 1 73]	[ 1 73]
[ 1 73]	[ 1 80]
[ 1 73]	[ 1 77]
[ 1 73]	[ 1 73]
[ 1 80]	[ 8 77]
[ 1 73]	[ 8 80]
[ 1 73]	[ 1 82]
[ 1 73]	[ 1 80]
[ 1 73]	[ 1 77]
[ 1 77]	[ 1 73]
[ 1 73]	[ 1 77]
[ 1 73]	[ 1 78]
[ 1 73]	[ 1 80]
[ 1 77]	[ 1 77]
[ 1 73]	[12 73]
[ 1 73]	[12 78]
[ 1 73]	[12 75]
[ 1 77]	[12 71]
[ 1 80]	[12 75]
[ 1 73]	[12 78]
[ 1 73]	[ 1 82]
[ 1 73]	[ 1 80]
[ 1 73]	[ 1 77]
[ 1 77]	[ 1 73]
[ 1 73]	[ 1 77]
[ 1 73]	[ 1 78]
[ 1 73]	[ 1 80]
[ 1 73]	[ 1 77]
[ 1 73]	[ 1 73]
[ 1 73]	[ 1 80]
[ 1 73]	[ 1 77]
[ 1 73]	[ 1 73]
[ 1 73]	[ 1 77]
[ 1 80]	[ 1 80]
[ 1 82]	[ 1 73]
[ 1 80]	[ 1 85]
[ 1 78]	[ 1 83]
[ 1 77]	[ 1 82]
[ 1 73]	[ 1 80]
[ 1 73]	[ 1 73]
[ 1 73]	[ 1 77]
[ 1 73]	[ 1 73]
[ 1 73]	[ 1 77]
[ 1 73]	[ 1 80]
[ 1 73]	[ 1 73]
[ 1 77]	[ 1 77]
[ 1 73]	[12 73]
[ 1 73]	[12 78]
[ 1 73]	[12 75]
[ 1 77]	[12 71]
[ 1 80]	[12 75]
[ 1 80]	[12 78]
[ 1 78]	[12 82]
[ 1 80]	[ 1 82]
[ 1 78]	[ 1 80]
[ 1 80]	[ 1 85]
[ 1 78]	[ 1 77]
[ 1 80]	[ 1 85]
[ 1 78]	[ 1 80]
[ 1 80]	[ 1 85]
[ 1 82]	[ 1 77]
[ 1 80]	[ 1 85]
[ 1 78]	[ 1 83]
[ 1 80]	[ 1 82]
[ 1 78]	[ 1 80]
[ 1 77]	[ 1 85]
[ 1 80]	[ 8 77]
[ 1 78]	[ 8 80]
[ 1 80]	[ 8 82]
[ 1 78]	[ 8 80]
[ 1 80]	[ 8 85]
[ 1 78]	[ 8 77]
[ 1 80]	[ 8 85]
[ 1 82]	[ 8 80]
[ 1 80]	[ 8 82]
[ 1 77]	[ 8 83]
[ 1 73]	[12 80]
[ 1 73]	[12 78]
[ 1 73]	[12 77]
[ 1 73]	[12 75]
[ 1 77]	[12 83]
[ 1 80]	[12 75]
[ 1 78]	[12 78]
[ 1 80]	[ 1 82]
[ 1 78]	[ 1 80]
[ 1 80]	[ 1 85]
[ 1 78]	[ 1 77]
[ 1 80]	[ 1 85]
[ 1 78]	[ 1 80]
[ 1 80]	[ 1 85]
[ 1 82]	[ 1 77]
[ 1 80]	[ 1 85]
[ 1 78]	[ 1 83]
[ 1 80]	[ 1 82]
[ 1 78]	[ 1 80]
[ 1 80]	[ 1 85]
[ 1 82]	[ 8 77]
[ 1 80]	[ 8 80]
[ 1 82]	[ 8 83]
[ 1 80]	[ 8 85]
[ 1 85]	[ 8 83]
[ 1 82]	[ 8 82]
[ 1 80]	[ 8 83]
[ 1 80]	[ 8 80]
[ 1 73]	[ 8 82]
[ 1 73]	[ 8 85]
[ 1 73]	[ 8 73]
[ 1 77]	[ 8 80]
[ 1 73]	[12 77]
[ 1 73]	[12 78]
[ 1 73]	[12 77]
[ 1 73]	[12 75]
[ 1 77]	[12 83]
[ 1 80]	[12 75]
[ 1 85]	[12 78]
[ 1 85]	[12 82]
[ 1 80]	[12 83]
[ 1 78]	[12 85]
[ 1 80]	[ 1 85]
[ 1 78]	[ 1 80]
[ 1 77]	[ 1 77]
[ 1 78]	[ 1 80]
[ 1 80]	[ 1 73]
[ 1 78]	[ 1 80]
[ 1 77]	[ 1 77]
[ 1 78]	[ 1 80]
[ 1 80]	[ 1 73]
[ 1 78]	[ 1 80]
[ 1 77]	[ 1 77]
[ 1 78]	[ 1 80]
[ 1 80]	[ 1 73]
[ 1 80]	[ 1 80]
[ 1 78]	[ 1 85]
[ 1 80]	[ 1 78]
[ 1 78]	[ 1 80]
[ 1 77]	[ 1 77]
[ 1 78]	[ 1 80]
[ 1 80]	[ 1 73]
[ 1 78]	[ 1 80]
[ 1 77]	[ 1 77]
[ 1 73]	[12 80]
[ 1 73]	[12 78]
[ 1 73]	[12 77]
[ 1 73]	[12 75]
[ 1 77]	[12 83]
[ 1 80]	[12 75]
[ 1 78]	[12 78]
[ 1 80]	[ 1 82]
[ 1 78]	[ 1 80]
[ 1 77]	[ 1 77]
[ 1 78]	[ 1 80]
[ 1 80]	[ 1 73]
[ 1 78]	[ 1 80]
[ 1 77]	[ 1 77]
[ 1 78]	[ 1 80]
[ 1 80]	[ 1 73]
[ 1 78]	[ 1 80]
[ 1 77]	[ 1 77]
[ 1 78]	[ 1 80]
[ 1 80]	[ 1 73]
[ 1 78]	[ 1 80]
[ 1 80]	[ 1 85]
[ 1 78]	[ 1 80]
[ 1 80]	[ 1 85]
[ 1 78]	[ 1 77]
[ 1 80]	[ 1 85]
[ 1 78]	[ 1 80]
[ 1 80]	[ 1 85]
[ 1 77]	[ 1 77]
[ 1 73]	[12 85]
[ 1 73]	[12 78]
[ 1 73]	[12 77]
[ 1 73]	[12 75]
[ 1 77]	[12 83]
[ 1 80]	[12 75]
[ 1 80]	[12 78]
[ 1 78]	[12 82]
[ 1 80]	[ 1 82]
[ 1 85]	[ 1 80]
[ 1 85]	[ 1 85]
[ 1 80]	[ 1 85]
[ 1 78]	[ 1 83]
[ 1 80]	[ 1 82]
[ 1 78]	[ 1 80]
[ 1 80]	[ 1 85]
[ 1 78]	[ 1 80]
[ 1 80]	[ 1 77]
[ 1 78]	[ 1 80]
[ 1 80]	[ 1 85]
[ 1 78]	[ 1 80]
[ 1 80]	[ 1 77]
[ 1 78]	[ 1 80]
[ 1 80]	[ 1 82]
[ 1 80]	[ 1 80]
[ 1 78]	[ 1 85]
[ 1 80]	[ 1 85]
[ 1 80]	[ 1 80]
[ 1 73]	[ 1 82]
[ 1 73]	[ 1 85]
[ 1 73]	[ 1 73]
[ 1 77]	[ 1 80]
[ 1 73]	[12 77]
[ 1 73]	[12 78]
[ 1 73]	[12 77]
[ 1 73]	[12 75]
[ 1 77]	[12 83]
[ 1 80]	[12 75]
[ 1 78]	[12 78]
[ 1 80]	[ 1 82]
[ 1 85]	[ 1 80]
[ 1 85]	[ 1 85]
[ 1 80]	[ 1 85]
[ 1 78]	[ 1 83]
[ 1 80]	[ 1 82]
[ 1 78]	[ 1 80]
[ 1 80]	[ 1 85]
[ 1 77]	[ 1 80]
[ 1 78]	[ 1 85]
[ 1 80]	[ 1 73]
[ 1 78]	[ 1 80]
[ 1 77]	[ 1 78]
[ 1 78]	[ 1 77]
[ 1 80]	[ 1 80]
[ 1 82]	[ 1 80]
[ 1 80]	[ 1 82]
[ 1 82]	[ 1 83]
[ 1 80]	[ 1 85]
[ 1 85]	[ 1 83]
[ 1 82]	[ 1 82]
[ 1 80]	[ 1 83]
[ 1 80]	[ 1 80]
[ 1 73]	[ 1 82]
[ 1 73]	[ 1 85]
[ 1 73]	[ 1 73]
[ 1 77]	[ 1 80]
[ 1 73]	[12 77]
[ 1 73]	[12 78]
[ 1 73]	[12 77]
[ 1 73]	[12 75]
[ 1 77]	[12 83]
[ 1 80]	[12 75]
[-1 -1]	[12 78]
[ 1 77]	[ 1 82]
[ 1 78]	[ 1 73]
[ 1 80]	[ 1 75]
[ 1 78]	[ 1 77]
[ 1 80]	[ 1 78]
[ 1 78]	[ 1 80]
[ 1 80]	[ 1 85]
[ 1 78]	[ 1 80]
[ 1 80]	[ 1 85]
[ 1 78]	[ 1 80]
[ 1 80]	[ 1 78]
[ 1 73]	[ 1 80]
[ 1 73]	[12 82]
[ 1 85]	[12 71]
[ 1 80]	[12 75]
[ 1 82]	[12 83]
[ 1 80]	[12 82]
[ 1 77]	[12 83]
[ 1 73]	[12 80]
[ 1 73]	[12 78]
[ 1 77]	[12 75]
[ 1 78]	[12 77]
[ 1 80]	[12 78]
[ 1 78]	[12 77]
[ 1 80]	[ 1 78]
[ 1 78]	[ 1 80]
[ 1 80]	[ 1 85]
[ 1 78]	[ 1 80]
[ 1 80]	[ 1 85]
[ 1 78]	[ 1 80]
[ 1 80]	[ 1 78]
[ 1 82]	[ 1 80]
[ 1 80]	[12 82]
[ 1 82]	[12 83]
[ 1 80]	[12 82]
[ 1 85]	[12 83]
[ 1 82]	[12 85]
[ 1 80]	[12 87]
[ 1 82]	[12 80]
[ 1 80]	[12 82]
[ 1 78]	[12 83]
[ 1 77]	[12 82]
[ 1 73]	[12 80]
[ 1 73]	[13 78]
[ 1 77]	[13 76]
[ 1 78]	[13 73]
[ 1 80]	[ 1 73]
[ 1 85]	[ 1 80]
[ 1 85]	[ 1 85]
[ 1 85]	[ 1 85]
[ 1 85]	[ 1 85]
[ 1 85]	[ 1 85]
[ 1 85]	[ 1 87]
[ 1 82]	[ 1 85]
[ 1 80]	[ 1 83]
[ 1 78]	[ 1 80]
[ 1 80]	[ 1 78]
[ 1 78]	[ 1 77]
[ 1 80]	[12 78]
[ 1 78]	[12 80]
[ 1 80]	[12 78]
[ 1 82]	[12 80]
[ 1 80]	[12 82]
[ 1 82]	[12 83]
[ 1 80]	[12 82]
[ 1 78]	[12 83]
[ 1 77]	[12 82]
[ 1 73]	[12 80]
[ 1 77]	[12 78]
[ 1 78]	[12 75]
[ 1 77]	[12 78]
[ 1 73]	[12 80]
[ 1 73]	[13 80]
[ 1 73]	[13 73]
[ 1 73]	[13 75]
[ 1 73]	[13 73]
[ 1 73]	[13 71]
[ 1 73]	[13 68]
[ 1 73]	[13 71]
[ 1 73]	[13 73]
[ 1 73]	[13 75]
[ 1 73]	[13 76]
[ 1 73]	[13 73]
[ 1 73]	[13 80]
[ 1 73]	[13 73]
[ 1 73]	[ 1 75]
[ 1 77]	[ 1 77]
[ 1 78]	[ 1 77]
[ 1 80]	[ 1 78]
[ 1 78]	[ 1 80]
[ 1 80]	[ 1 78]
[ 1 73]	[ 1 80]
[ 1 73]	[12 82]
[ 1 73]	[12 83]
[-1 -1]	[ 1 75]
[ 1 73]	[ 6 73]
[ 1 73]	[ 6 73]
[ 1 73]	[ 6 75]
[ 1 73]	[ 1 73]
[ 1 73]	[ 1 73]
[ 1 73]	[ 1 71]
[ 1 73]	[ 1 70]
[ 1 73]	[ 1 68]
[ 1 73]	[ 1 66]
[ 1 73]	[ 6 65]
[ 1 77]	[ 6 66]
[ 1 78]	[ 6 73]
[ 1 80]	[ 6 78]
[ 1 82]	[ 6 80]
[ 1 80]	[ 6 82]
[ 1 78]	[ 6 83]
[ 1 80]	[ 6 82]
[ 1 78]	[ 6 80]
[ 1 77]	[ 6 78]
[ 1 73]	[ 1 77]
[ 1 73]	[ 1 78]
[ 1 77]	[ 1 73]
[ 1 78]	[ 6 73]
[ 1 80]	[ 6 78]
[ 1 82]	[ 6 80]
[ 1 80]	[ 6 82]
[ 1 78]	[ 6 83]
[ 1 80]	[ 6 82]
[ 1 78]	[ 6 80]
[ 1 77]	[ 6 78]
[ 1 73]	[ 1 77]
[ 1 73]	[ 1 78]
[ 1 73]	[ 1 73]
[ 1 73]	[12 73]
[ 1 73]	[12 75]
[ 1 73]	[12 73]
[ 1 73]	[ 6 71]
[ 1 73]	[ 6 70]
[ 1 73]	[ 6 66]
[ 1 73]	[ 6 66]
[ 1 73]	[ 6 68]
[ 1 73]	[ 6 66]
[ 1 73]	[ 6 65]
[ 1 73]	[ 6 66]
[ 1 73]	[ 6 61]
[ 1 73]	[ 6 63]
[ 1 73]	[ 6 65]
[ 1 73]	[ 6 66]
[ 1 80]	[ 6 68]
[ 1 77]	[ 6 66]
[ 1 73]	[ 6 78]
[ 1 73]	[ 1 78]
[ 1 73]	[ 1 73]
[ 1 73]	[ 1 80]
[ 1 80]	[ 6 80]
[ 1 80]	[ 6 73]
[ 1 80]	[ 6 82]
[ 1 85]	[12 82]
[ 1 85]	[12 73]
[ 1 80]	[12 83]
[ 1 78]	[ 6 83]
[ 1 80]	[ 6 82]
[ 1 78]	[ 6 80]
[ 1 80]	[ 6 78]
[ 1 78]	[ 6 80]
[ 1 80]	[ 6 78]
[ 1 78]	[ 6 77]
[ 1 80]	[ 6 78]
[ 1 77]	[ 6 80]
[ 1 73]	[ 6 78]
[ 1 73]	[ 6 78]
[ 1 77]	[ 6 77]
[ 1 80]	[ 6 75]
[ 1 77]	[ 6 78]
[ 1 73]	[ 6 78]
[ 1 73]	[ 6 78]
[ 1 73]	[ 6 76]
[ 1 80]	[18 74]
[ 1 80]	[18 73]
[ 1 82]	[18 82]
[ 1 80]	[18 82]
[ 1 73]	[18 83]
[ 1 80]	[18 82]
[ 1 80]	[18 73]
[ 1 82]	[18 82]
[ 1 80]	[18 82]
[ 1 73]	[18 83]
[ 1 80]	[18 82]
[ 1 80]	[18 73]
[ 1 73]	[18 82]
[ 1 73]	[18 82]
[ 1 73]	[18 73]
[ 1 73]	[18 83]
[ 1 73]	[18 83]
[ 1 73]	[18 73]
[ 1 73]	[18 85]
[ 1 85]	[18 85]
[ 1 85]	[18 73]
[ 1 80]	[18 87]
[ 1 80]	[18 87]
[ 1 80]	[18 73]
[ 1 82]	[18 82]
[ 1 80]	[18 82]
[ 1 73]	[18 83]
[ 1 80]	[18 82]
[ 1 80]	[18 73]
[ 1 82]	[18 82]
[ 1 80]	[18 82]
[ 1 80]	[18 83]
[ 1 78]	[18 82]
[ 1 80]	[18 82]
[ 1 78]	[18 80]
[ 1 80]	[18 78]
[ 1 78]	[18 80]
[ 1 80]	[18 78]
[ 1 78]	[18 77]
[ 1 80]	[18 78]
[ 1 77]	[18 80]
[ 1 73]	[18 78]
[ 1 77]	[18 78]
[ 1 78]	[18 75]
[ 1 80]	[18 78]
[ 1 80]	[18 80]
[ 1 78]	[18 78]
[ 1 80]	[18 78]
[ 1 82]	[ 6 80]
[ 1 80]	[ 6 82]
[ 1 78]	[ 6 83]
[ 1 80]	[ 6 82]
[ 1 78]	[ 6 80]
[ 1 77]	[ 6 78]
[ 1 73]	[ 6 77]
[ 1 73]	[ 6 78]
[ 1 73]	[ 6 73]
[ 1 73]	[12 73]
[ 1 73]	[12 75]
[ 1 73]	[12 73]
[ 1 73]	[ 6 71]
[ 1 73]	[ 6 70]
[ 1 73]	[ 6 66]
[ 1 73]	[ 6 66]
[ 1 73]	[ 6 68]
[ 1 73]	[ 6 66]
[ 1 73]	[ 6 65]
[ 1 73]	[ 6 66]
[ 1 73]	[ 6 61]
[ 1 73]	[ 6 63]
[ 1 73]	[ 6 65]
[ 1 73]	[ 6 66]
[ 1 80]	[ 6 68]
[ 1 77]	[ 6 66]
[ 1 73]	[ 6 78]
[ 1 73]	[ 1 78]
[ 1 73]	[ 1 73]
[ 1 73]	[ 1 80]
[ 1 80]	[ 6 80]
[ 1 80]	[ 6 73]
[ 1 80]	[ 6 82]
[ 1 85]	[12 82]
[ 1 85]	[12 73]
[ 1 80]	[12 83]
[ 1 78]	[ 6 83]
[ 1 80]	[ 6 82]
[ 1 78]	[ 6 80]
[ 1 80]	[ 6 78]
[ 1 78]	[ 6 80]
[ 1 80]	[ 6 78]
[ 1 78]	[ 6 77]
[ 1 80]	[ 6 78]
[ 1 80]	[ 6 80]
[ 1 78]	[ 6 78]
[ 1 80]	[ 6 78]
[ 1 78]	[ 6 80]
[ 1 80]	[ 6 78]
[ 1 80]	[ 6 80]
[-1 -1]	[ 6 78]
[ 1 78]	[ 1 78]
[ 1 80]	[ 1 80]
[ 1 78]	[ 1 80]
[ 1 80]	[ 1 77]
[ 1 80]	[ 6 80]
[ 1 78]	[ 6 82]
[ 1 77]	[ 1 78]
[ 1 73]	[ 1 80]
[ 1 73]	[ 1 80]
[ 1 73]	[ 1 77]
[ 1 73]	[ 1 77]
[ 1 73]	[ 1 75]
[ 1 73]	[ 1 73]
[ 1 73]	[ 1 80]
[ 1 77]	[ 1 80]
[ 1 80]	[ 1 77]
[ 1 77]	[ 6 78]
[ 1 80]	[ 6 82]
[ 1 85]	[ 6 78]
[ 1 85]	[ 6 82]
[ 1 80]	[ 1 83]
[ 1 73]	[ 1 85]
[ 1 73]	[ 1 82]
[ 1 73]	[ 1 80]
[ 1 73]	[ 1 77]
[ 1 73]	[ 1 75]
[ 1 73]	[ 1 73]
[ 1 73]	[ 1 73]
[ 1 73]	[1 0]
[ 1 73]	[ 1 73]
[ 1 73]	[ 1 73]
[ 1 73]	[ 1 68]
[ 1 73]	[ 6 68]
[ 1 73]	[ 6 66]
[ 1 73]	[ 7 66]
[ 1 73]	[ 7 67]
[ 1 73]	[ 6 68]
[ 1 73]	[ 6 66]
[ 1 73]	[ 7 66]
[ 1 73]	[ 7 67]
[ 1 73]	[ 6 68]
[ 1 73]	[ 6 66]
[ 1 73]	[ 7 66]
[ 1 73]	[ 7 67]
[ 1 73]	[ 1 68]
[ 1 73]	[ 1 73]
[ 1 73]	[ 1 73]
[ 1 73]	[ 1 68]
[ 1 73]	[ 6 68]
[ 1 73]	[ 6 66]
[ 1 73]	[ 7 66]
[ 1 73]	[ 7 67]
[ 1 73]	[ 6 68]
[ 1 73]	[ 6 66]
[ 1 73]	[ 7 66]
[ 1 73]	[ 7 67]
[ 1 73]	[ 6 68]
[ 1 73]	[ 6 70]
[-1 -1]	[ 6 70]
[ 1 80]	[ 1 68]
[ 1 78]	[12 83]
[ 1 80]	[ 1 83]
[ 1 78]	[ 1 80]
[ 1 77]	[ 1 82]
[ 1 73]	[ 1 80]
[ 1 73]	[ 1 78]
[ 1 77]	[ 1 77]
[ 1 78]	[ 1 77]
[ 1 80]	[ 1 78]
[ 1 78]	[ 1 80]
[ 1 80]	[ 1 77]
[ 1 82]	[ 1 80]
[ 1 80]	[ 1 82]
[ 1 85]	[ 1 83]
[ 1 85]	[ 1 85]
[ 1 85]	[ 1 87]
[ 1 82]	[20 85]
[ 1 80]	[20 83]
[ 1 78]	[20 80]
[ 1 80]	[20 80]
[ 1 82]	[20 80]
[ 1 80]	[20 82]
[ 1 85]	[ 1 83]
[ 1 85]	[ 1 85]
[ 1 80]	[ 1 83]
[ 1 82]	[ 1 85]
[ 1 80]	[12 82]
[ 1 82]	[12 83]
[ 1 80]	[12 85]
[ 1 78]	[12 83]
[ 1 80]	[ 1 83]
[ 1 78]	[ 1 80]
[ 1 80]	[ 1 82]
[ 1 78]	[ 1 80]
[ 1 80]	[ 1 78]
[ 1 78]	[ 1 77]
[ 1 80]	[ 1 78]
[ 1 82]	[ 1 80]
[ 1 80]	[12 82]
[ 1 78]	[12 83]
[ 1 80]	[ 8 78]
[ 1 78]	[ 8 80]
[ 1 77]	[ 8 82]
[ 1 73]	[ 8 80]
[ 1 73]	[ 1 78]
[ 1 73]	[ 1 77]
[ 1 73]	[ 1 73]
[ 1 73]	[ 1 73]
[ 1 73]	[13  0]
[ 1 73]	[13 73]
[ 1 73]	[13 75]
[ 1 73]	[13 76]
[ 1 73]	[12 73]
[ 1 73]	[12 75]
[ 1 73]	[12 73]
[ 1 73]	[12 71]
[ 1 73]	[13 75]
[ 1 73]	[13 73]
[ 1 73]	[13 75]
[ 1 73]	[13 73]
[ 1 73]	[13 71]
[ 1 73]	[13 68]
[ 1 73]	[13 66]
[ 1 73]	[13 68]
[ 1 73]	[13 71]
[ 1 73]	[13 73]
[ 1 73]	[13 73]
[ 1 77]	[13 75]
[ 1 78]	[13 77]
[ 1 80]	[ 8 78]
[ 1 78]	[ 8 80]
[ 1 77]	[ 8 82]
[ 1 73]	[ 8 80]
[ 1 73]	[13 73]
[ 1 73]	[13 73]
[ 1 73]	[13 75]
[ 1 73]	[13 77]
[ 1 73]	[12 73]
[ 1 73]	[12 75]
[ 1 73]	[12 73]
[ 1 73]	[12 71]
[ 1 73]	[13 75]
[ 1 73]	[13 73]
[ 1 73]	[13 75]
[ 1 73]	[13 73]
[ 1 73]	[13 71]
[ 1 73]	[13 68]
[ 1 73]	[13 71]
[ 1 73]	[13 73]
[ 1 73]	[13 75]
[ 1 73]	[13 77]
[ 1 73]	[12 73]
[ 1 73]	[12 75]
[ 1 73]	[12 73]
[ 1 73]	[ 1 71]
[ 1 73]	[ 1 73]
[-1 -1]	[ 1 75]
[ 1 73]	[ 1 73]
[ 1 73]	[ 1 73]
[ 1 73]	[ 1 75]
[ 1 77]	[ 1 73]
[ 1 78]	[ 1 77]
[ 1 80]	[ 1 78]
[ 1 80]	[ 1 80]
[ 1 82]	[ 1 85]
[ 1 80]	[ 1 82]
[ 1 78]	[ 1 83]
[ 1 80]	[ 1 80]
[ 1 80]	[12 77]
[ 1 78]	[12 78]
[ 1 80]	[12 82]
[ 1 78]	[12 80]
[ 1 77]	[ 1 78]
[ 1 73]	[ 6 77]
[ 1 73]	[ 6 78]
[ 1 73]	[ 6 75]
[ 1 73]	[ 1 80]
[ 1 73]	[ 1 73]
[ 1 73]	[ 1 75]
[ 1 77]	[ 1 73]
[ 1 78]	[ 1 77]
[ 1 80]	[ 1 78]
[ 1 80]	[ 1 80]
[ 1 82]	[ 1 85]
[ 1 80]	[ 1 82]
[ 1 78]	[ 1 83]
[ 1 80]	[ 1 80]
[ 1 80]	[12 77]
[ 1 78]	[ 6 78]
[ 1 77]	[ 6 82]
[ 1 73]	[ 6 80]
[ 1 73]	[ 8 78]
[ 1 73]	[ 8 80]
[ 1 73]	[ 8 77]
[ 1 73]	[ 1 73]
[ 1 73]	[ 1 73]
[ 1 73]	[ 8 75]
[ 1 73]	[ 8 80]
[ 1 73]	[ 8 77]
[ 1 73]	[ 1 73]
[ 1 77]	[ 1 73]
[ 1 78]	[ 1 77]
[ 1 80]	[ 1 80]
[ 1 85]	[ 1 80]
[ 1 85]	[ 1 85]
[ 1 85]	[ 1 87]
[ 1 85]	[ 1 89]
[ 1 87]	[ 1 87]
[ 1 89]	[ 1 85]
[ 1 85]	[ 1 89]
[ 1 87]	[ 1 90]
[ 1 89]	[ 1 92]
[ 1 85]	[ 6 89]
[ 1 85]	[ 6 90]
[ 1 85]	[ 6 89]
[ 1 85]	[ 1 87]
[ 1 85]	[ 1 85]
[ 1 85]	[ 1 87]
[ 1 85]	[ 1 89]
[ 1 85]	[ 1 87]
[ 1 85]	[ 8 85]
[ 1 85]	[ 8 85]
[ 1 85]	[ 8 83]
[ 1 85]	[ 8 80]
[ 1 85]	[ 8 85]
[ 1 85]	[ 8 83]
[ 1 85]	[ 1 80]
[ 1 85]	[ 1 85]
[ 1 85]	[ 1 87]
[ 1 85]	[ 1 89]
[ 1 87]	[ 1 87]
[ 1 89]	[ 1 85]
[ 1 85]	[ 1 89]
[ 1 87]	[ 1 90]
[ 1 89]	[ 1 92]
[ 1 85]	[ 6 89]
[ 1 85]	[ 6 90]
[ 1 80]	[ 6 89]
[ 1 78]	[ 1 87]
[ 1 80]	[ 1 85]
[ 1 78]	[ 6 80]
[ 1 77]	[ 6 82]
[ 1 73]	[ 6 80]
[ 1 73]	[ 8 78]
[ 1 73]	[ 8 80]
[ 1 73]	[ 8 77]
[ 1 73]	[ 1 73]
[ 1 73]	[ 1 73]
[ 1 73]	[ 1 77]
[ 1 73]	[ 8 80]
[ 1 73]	[ 8 80]
[ 1 73]	[ 8 77]
[ 1 73]	[ 1 73]
[-1 -1]	[ 1 73]
[ 1 85]	[ 1 75]
[ 1 85]	[ 1 85]
[ 1 85]	[ 1 87]
[ 1 82]	[ 1 85]
[ 1 80]	[ 1 83]
[ 1 82]	[ 1 80]
[ 1 80]	[12 82]
[ 1 85]	[12 83]
[ 1 80]	[12 85]
