Accuracy: 0.4117730759303503

n_chords: 2
n_melody: 0
t_prior: 20.0
e_prior: 75.0
dataset: All
keys: All
filter_train_set: True
filter_val_set: True

~ First 3000 predicted states ~
Predicted	True
[-1 -1]	[-1 -1]
[-1 -1]	[-1  1]
[-1 -1]	[ 1 13]
[-1 -1]	[13 13]
[-1 -1]	[13  6]
[-1 -1]	[6 8]
[-1 -1]	[ 8 22]
[-1 -1]	[22  1]
[-1 -1]	[1 8]
[-1 -1]	[ 8 15]
[-1 -1]	[15 15]
[-1 -1]	[15  1]
[-1 -1]	[1 8]
[-1 -1]	[8 8]
[-1 -1]	[8 1]
[-1 -1]	[1 6]
[-1 -1]	[6 1]
[-1 -1]	[ 1 20]
[-1 -1]	[20  1]
[-1 -1]	[1 1]
[-1 -1]	[ 1 13]
[-1 -1]	[13 13]
[-1 -1]	[13  6]
[-1 -1]	[6 8]
[-1 -1]	[ 8 22]
[-1 -1]	[22  1]
[-1 -1]	[1 8]
[-1 -1]	[ 8 15]
[-1 -1]	[15 15]
[-1 -1]	[15  1]
[-1 -1]	[1 8]
[-1 -1]	[8 8]
[-1 -1]	[8 1]
[-1 -1]	[1 6]
[-1 -1]	[6 1]
[-1 -1]	[ 1 20]
[-1 -1]	[20  1]
[-1 -1]	[ 1 10]
[-1 -1]	[10  3]
[-1 -1]	[3 5]
[-1 -1]	[5 6]
[-1 -1]	[6 6]
[-1 -1]	[ 6 22]
[-1 -1]	[22  5]
[-1 -1]	[ 5 22]
[-1 -1]	[22 24]
[-1 -1]	[24  1]
[-1 -1]	[ 1 13]
[-1 -1]	[13  1]
[-1 -1]	[ 1 15]
[-1 -1]	[15  8]
[-1 -1]	[8 1]
[-1  1]	[1 1]
[1 1]	[1 6]
[1 1]	[6 1]
[1 1]	[1 8]
[1 1]	[ 8 22]
[1 1]	[22  6]
[1 1]	[6 1]
[1 1]	[1 6]
[1 1]	[ 6 22]
[1 1]	[22 22]
[1 1]	[22 17]
[1 1]	[17  6]
[1 1]	[6 8]
[1 1]	[8 8]
[1 1]	[8 1]
[1 1]	[1 8]
[1 1]	[8 1]
[1 1]	[1 1]
[1 1]	[ 1 24]
[1 1]	[24  1]
[1 1]	[1 1]
[1 1]	[1 1]
[1 1]	[1 8]
[1 1]	[8 1]
[1 1]	[1 1]
[1 1]	[1 3]
[1 1]	[3 8]
[1 1]	[8 8]
[1 1]	[8 8]
[1 1]	[8 3]
[1 1]	[3 8]
[1 1]	[8 1]
[1 1]	[ 1 15]
[1 1]	[15 15]
[1 1]	[15 15]
[1 1]	[15 22]
[1 1]	[22 22]
[1 1]	[22  1]
[1 1]	[1 8]
[1 1]	[8 1]
[1 1]	[1 1]
[1 1]	[1 6]
[-1 -1]	[6 1]
[-1 -1]	[1 1]
[-1 -1]	[1 6]
[-1 -1]	[ 6 24]
[-1 -1]	[24  1]
[-1 -1]	[1 8]
[-1 -1]	[8 6]
[-1 -1]	[6 8]
[-1 -1]	[8 1]
[-1 -1]	[1 1]
[-1 -1]	[1 6]
[-1 -1]	[6 1]
[-1 -1]	[ 1 15]
[-1 -1]	[15  8]
[-1 -1]	[8 1]
[-1 -1]	[1 8]
[-1 -1]	[8 8]
[-1 -1]	[8 8]
[-1 -1]	[8 1]
[-1 -1]	[1 8]
[-1 -1]	[ 8 22]
[-1 -1]	[22 24]
[-1 -1]	[24  5]
[-1 -1]	[5 5]
[-1 -1]	[ 5 22]
[-1 -1]	[22  8]
[-1 -1]	[8 1]
[-1 -1]	[1 8]
[-1 -1]	[8 8]
[-1 -1]	[8 6]
[-1 -1]	[6 1]
[-1 -1]	[1 8]
[-1 -1]	[8 1]
[-1 -1]	[ 1 -1]
[-1 -1]	[-1  1]
[-1 -1]	[1 1]
[-1 -1]	[1 1]
[-1 -1]	[1 1]
[-1 -1]	[1 6]
[-1  1]	[6 6]
[1 1]	[6 8]
[1 1]	[8 8]
[1 1]	[8 1]
[1 1]	[1 1]
[1 1]	[ 1 10]
[1 1]	[10 10]
[1 8]	[10 15]
[8 8]	[15  8]
[8 8]	[8 8]
[8 8]	[8 1]
[8 8]	[1 1]
[8 8]	[1 1]
[8 8]	[1 1]
[8 8]	[1 6]
[8 1]	[6 6]
[1 1]	[6 6]
[1 1]	[6 6]
[1 1]	[6 6]
[1 1]	[6 1]
[1 1]	[1 1]
[1 1]	[1 8]
[1 1]	[8 8]
[1 1]	[8 1]
[1 1]	[1 1]
[1 1]	[1 1]
[1 1]	[1 1]
[1 1]	[1 1]
[1 1]	[1 1]
[1 1]	[1 1]
[1 1]	[1 6]
[1 1]	[6 6]
[1 1]	[ 6 15]
[1 1]	[15 15]
[1 1]	[15 15]
[1 8]	[15 15]
[8 8]	[15  8]
[8 8]	[8 8]
[8 8]	[8 8]
[8 8]	[8 8]
[8 8]	[8 8]
[8 8]	[8 8]
[8 8]	[8 1]
[8 8]	[1 1]
[8 8]	[1 1]
[8 8]	[1 1]
[8 8]	[1 6]
[8 1]	[6 6]
[1 1]	[6 8]
[1 1]	[8 8]
[1 1]	[8 1]
[1 1]	[1 1]
[1 1]	[ 1 10]
[1 1]	[10 10]
[1 1]	[10 15]
[1 1]	[15  8]
[1 1]	[8 8]
[1 1]	[8 1]
[1 1]	[1 1]
[1 1]	[1 1]
[1 1]	[1 1]
[1 1]	[1 6]
[1 1]	[6 6]
[1 1]	[ 6 15]
[1 8]	[15 15]
[8 8]	[15 15]
[8 8]	[15 15]
[8 8]	[15  8]
[8 1]	[8 8]
[1 1]	[8 1]
[-1 -1]	[1 1]
[-1 -1]	[1 1]
[-1 -1]	[1 1]
[-1 -1]	[1 1]
[-1 -1]	[1 8]
[-1 -1]	[8 8]
[-1 -1]	[8 8]
[-1  1]	[8 8]
[1 1]	[8 8]
[1 1]	[8 8]
[1 1]	[8 1]
[1 1]	[1 1]
[1 1]	[1 1]
[1 1]	[1 1]
[1 1]	[1 1]
[1 1]	[1 1]
[1 1]	[1 1]
[1 1]	[1 8]
[1 6]	[8 8]
[6 6]	[8 8]
[6 6]	[8 8]
[6 6]	[8 8]
[6 6]	[8 8]
[6 6]	[8 8]
[6 1]	[8 1]
[1 1]	[1 1]
[1 1]	[1 1]
[1 1]	[1 8]
[1 1]	[8 8]
[1 1]	[8 8]
[1 1]	[8 3]
[1 1]	[3 3]
[1 1]	[3 3]
[1 1]	[3 8]
[1 1]	[8 8]
[1 1]	[8 8]
[1 1]	[8 8]
[1 1]	[8 1]
[1 1]	[1 1]
[1 1]	[1 1]
[1 1]	[ 1 10]
[1 1]	[10 10]
[1 8]	[10 10]
[8 8]	[10 15]
[8 8]	[15 15]
[8 8]	[15 15]
[8 8]	[15 15]
[8 8]	[15  8]
[8 8]	[8 8]
[8 8]	[8 8]
[8 8]	[8 8]
[8 8]	[8 8]
[8 1]	[8 8]
[1 1]	[8 1]
[1 1]	[1 1]
[1 1]	[1 1]
[1 1]	[1 1]
[1 1]	[1 1]
[1 1]	[1 1]
[1 1]	[1 1]
[1 1]	[1 8]
[1 1]	[8 8]
[1 1]	[8 8]
[1 1]	[8 8]
[1 1]	[8 8]
[1 1]	[8 8]
[1 1]	[8 8]
[1 1]	[8 1]
[1 1]	[1 1]
[1 1]	[1 1]
[1 1]	[1 1]
[1 1]	[1 1]
[1 1]	[1 1]
[1 1]	[1 1]
[1 1]	[1 8]
[1 1]	[8 8]
[1 1]	[8 8]
[1 1]	[8 8]
[1 1]	[8 8]
[1 1]	[8 8]
[1 1]	[8 8]
[1 1]	[8 8]
[1 1]	[8 8]
[1 1]	[8 1]
[1 1]	[1 1]
[1 1]	[1 1]
[1 1]	[1 1]
[1 1]	[1 1]
[1 6]	[1 1]
[6 6]	[1 8]
[6 6]	[8 8]
[6 6]	[8 8]
[6 6]	[8 8]
[6 6]	[8 8]
[6 6]	[8 8]
[6 6]	[8 8]
[6 6]	[8 1]
[6 6]	[1 1]
[6 6]	[1 1]
[6 6]	[1 1]
[6 6]	[1 1]
[6 6]	[1 1]
[6 6]	[1 1]
[6 6]	[1 6]
[6 6]	[6 6]
[6 6]	[6 6]
[6 6]	[6 8]
[6 6]	[8 8]
[6 1]	[8 8]
[1 1]	[8 8]
[1 1]	[8 8]
[1 1]	[8 8]
[1 1]	[8 1]
[1 1]	[1 1]
[1 1]	[1 1]
[1 1]	[1 1]
[1 1]	[1 1]
[1 1]	[1 1]
[1 8]	[ 1 15]
[8 8]	[15 15]
[8 8]	[15 15]
[8 8]	[15 15]
[8 8]	[15  8]
[8 8]	[8 8]
[8 8]	[8 8]
[8 1]	[8 1]
[1 1]	[1 1]
[1 1]	[1 1]
[1 1]	[1 1]
[1 1]	[1 1]
[1 1]	[1 1]
[1 6]	[1 8]
[6 6]	[8 8]
[6 6]	[8 8]
[6 6]	[8 8]
[6 6]	[8 8]
[6 6]	[8 8]
[6 6]	[8 8]
[6 1]	[8 1]
[1 1]	[1 1]
[1 1]	[1 1]
[1 1]	[1 1]
[1 1]	[ 1 15]
[1 1]	[15 15]
[1 1]	[15 15]
[1 1]	[15 15]
[1 1]	[15  8]
[1 1]	[8 8]
[1 1]	[8 8]
[1 1]	[8 8]
[1 1]	[8 8]
[1 1]	[8 8]
[1 1]	[8 1]
[1 1]	[1 1]
[-1 -1]	[1 1]
[-1 -1]	[ 1 22]
[-1 -1]	[22 22]
[-1 -1]	[22 22]
[-1 -1]	[22 22]
[-1 -1]	[22 24]
[-1 -1]	[24  6]
[-1 -1]	[ 6 19]
[-1 -1]	[19 19]
[-1 -1]	[19 22]
[-1 -1]	[22 22]
[-1 -1]	[22 22]
[-1 -1]	[22  5]
[-1 -1]	[5 5]
[-1 -1]	[5 5]
[-1 -1]	[ 5 22]
[-1 -1]	[22 22]
[-1 -1]	[22 22]
[-1 -1]	[22  3]
[-1 -1]	[3 5]
[-1 -1]	[ 5 22]
[-1 -1]	[22 24]
[-1 -1]	[24 22]
[-1 -1]	[22 17]
[-1 -1]	[17 17]
[-1 -1]	[17  1]
[-1 -1]	[ 1 24]
[-1 -1]	[24 19]
[-1 -1]	[19  8]
[-1 -1]	[ 8 22]
[-1 -1]	[22  8]
[-1 -1]	[8 8]
[-1 -1]	[ 8 10]
[-1 -1]	[10 14]
[-1 -1]	[14 17]
[-1 -1]	[17 19]
[-1 -1]	[19  1]
[-1 -1]	[ 1 12]
[-1 -1]	[12  5]
[-1 -1]	[5 1]
[-1 -1]	[1 1]
[-1 -1]	[1 8]
[-1 -1]	[8 8]
[-1 -1]	[8 8]
[-1 -1]	[8 8]
[-1 -1]	[8 8]
[-1 -1]	[ 8 17]
[-1 -1]	[17  5]
[-1 -1]	[ 5 22]
[-1 -1]	[22  5]
[-1 -1]	[ 5 22]
[-1 -1]	[22 22]
[-1 -1]	[22 24]
[-1 -1]	[24 24]
[-1 -1]	[24 19]
[-1 -1]	[19 22]
[-1 -1]	[22 19]
[-1 -1]	[19 15]
[-1 -1]	[15  5]
[-1 -1]	[5 5]
[-1 -1]	[5 5]
[-1 -1]	[ 5 22]
[-1 -1]	[22 22]
[-1 -1]	[22 22]
[-1 -1]	[22 24]
[-1 -1]	[24 17]
[-1 -1]	[17 22]
[-1 -1]	[22  5]
[-1 -1]	[5 1]
[-1 -1]	[1 1]
[-1 -1]	[1 1]
[-1 -1]	[1 1]
[-1 -1]	[1 1]
[-1 -1]	[1 1]
[-1 -1]	[1 1]
[-1 -1]	[1 1]
[-1 -1]	[1 1]
[-1 -1]	[1 1]
[-1 -1]	[1 1]
[-1 -1]	[1 1]
[-1 -1]	[1 1]
[-1 -1]	[1 1]
[-1 -1]	[1 1]
[-1 -1]	[1 1]
[-1 -1]	[1 1]
[-1 -1]	[1 1]
[-1 -1]	[1 1]
[-1 -1]	[1 1]
[-1 -1]	[1 1]
[-1 -1]	[1 1]
[-1 -1]	[1 1]
[-1 -1]	[1 1]
[-1 -1]	[ 1 12]
[-1  1]	[12 12]
[1 1]	[12  1]
[1 1]	[1 1]
[1 1]	[1 1]
[1 1]	[1 1]
[1 1]	[1 1]
[1 1]	[1 1]
[1 1]	[1 1]
[1 1]	[1 1]
[1 1]	[1 1]
[1 1]	[1 1]
[1 1]	[1 1]
[1 1]	[1 1]
[1 1]	[1 1]
[1 1]	[1 1]
[1 1]	[1 1]
[1 1]	[ 1 12]
[1 1]	[12 12]
[1 1]	[12  1]
[1 1]	[1 1]
[1 1]	[1 1]
[1 1]	[1 1]
[1 1]	[1 1]
[1 1]	[1 1]
[1 1]	[1 1]
[1 1]	[1 1]
[1 1]	[1 1]
[1 1]	[1 1]
[1 1]	[ 1 12]
[1 1]	[12 12]
[1 1]	[12  1]
[1 1]	[1 1]
[1 1]	[1 1]
[1 1]	[1 1]
[-1 -1]	[1 1]
[-1  1]	[1 1]
[1 1]	[1 6]
[1 1]	[6 6]
[1 1]	[6 1]
[1 1]	[1 1]
[1 1]	[1 6]
[1 1]	[6 6]
[1 1]	[6 1]
[1 1]	[1 1]
[1 1]	[1 6]
[1 1]	[6 6]
[1 1]	[6 1]
[1 1]	[1 1]
[1 1]	[1 8]
[1 1]	[8 8]
[1 1]	[8 1]
[1 1]	[1 6]
[1 1]	[6 6]
[1 1]	[6 1]
[1 1]	[1 1]
[1 1]	[1 6]
[1 1]	[6 6]
[1 1]	[6 1]
[1 1]	[1 1]
[1 1]	[1 8]
[1 1]	[8 8]
[1 1]	[8 1]
[1 1]	[1 1]
[1 1]	[1 1]
[1 1]	[1 1]
[1 1]	[1 1]
[1 1]	[1 1]
[1 6]	[1 1]
[6 6]	[1 6]
[6 6]	[6 6]
[6 1]	[6 6]
[1 1]	[6 6]
[1 1]	[6 1]
[1 1]	[1 1]
[1 1]	[1 1]
[1 1]	[1 1]
[1 1]	[1 1]
[1 1]	[1 8]
[1 1]	[8 8]
[1 1]	[8 8]
[1 1]	[8 8]
[1 1]	[8 8]
[1 1]	[8 1]
[1 1]	[1 1]
[1 1]	[1 1]
[1 6]	[1 1]
[6 6]	[1 6]
[6 6]	[6 6]
[6 1]	[6 6]
[1 1]	[6 6]
[1 1]	[6 1]
[1 1]	[1 1]
[1 1]	[1 8]
[1 1]	[8 8]
[1 1]	[8 8]
[1 1]	[8 1]
[-1 -1]	[1 1]
[-1  1]	[ 1 -1]
[1 1]	[-1 -1]
[1 1]	[-1 -1]
[1 1]	[-1 -1]
[1 1]	[-1  8]
[1 1]	[8 8]
[1 1]	[8 1]
[1 1]	[1 1]
[1 1]	[1 1]
[1 1]	[1 1]
[1 1]	[1 1]
[1 1]	[1 8]
[1 6]	[8 8]
[6 6]	[8 6]
[6 6]	[6 6]
[6 6]	[6 6]
[6 6]	[6 6]
[6 6]	[6 6]
[6 8]	[6 6]
[8 8]	[6 8]
[8 8]	[8 8]
[8 8]	[8 8]
[8 8]	[8 8]
[8 8]	[8 8]
[8 8]	[8 8]
[8 8]	[8 8]
[8 8]	[8 8]
[8 8]	[8 8]
[8 1]	[8 1]
[1 1]	[1 1]
[1 1]	[1 1]
[1 1]	[1 1]
[1 1]	[1 1]
[1 1]	[1 1]
[1 1]	[1 8]
[1 1]	[8 8]
[1 1]	[8 1]
[1 1]	[1 1]
[1 1]	[1 1]
[1 1]	[1 1]
[1 6]	[1 1]
[6 6]	[1 6]
[6 6]	[6 6]
[6 6]	[6 6]
[6 6]	[6 6]
[6 6]	[6 6]
[6 6]	[6 6]
[6 6]	[6 6]
[6 1]	[6 6]
[1 1]	[6 1]
[1 1]	[1 1]
[1 1]	[1 1]
[1 1]	[1 1]
[1 1]	[1 1]
[1 1]	[1 1]
[1 1]	[ 1 15]
[1 1]	[15 15]
[1 1]	[15  8]
[1 1]	[8 8]
[1 1]	[8 1]
[1 1]	[1 1]
[1 1]	[1 1]
[1 8]	[1 1]
[8 8]	[1 1]
[8 8]	[1 1]
[8 8]	[1 1]
[8 8]	[1 1]
[8 8]	[1 1]
[8 8]	[1 1]
[8 8]	[1 1]
[8 8]	[1 3]
[8 8]	[3 3]
[8 8]	[3 3]
[8 8]	[3 3]
[8 8]	[3 3]
[8 8]	[3 3]
[8 8]	[3 3]
[8 8]	[3 3]
[8 8]	[3 3]
[8 8]	[3 3]
[8 8]	[3 8]
[8 8]	[8 8]
[8 8]	[8 8]
[8 8]	[8 3]
[8 8]	[3 3]
[8 8]	[3 3]
[8 8]	[3 3]
[8 8]	[3 3]
[8 8]	[3 3]
[8 8]	[3 3]
[8 8]	[3 3]
[8 8]	[3 3]
[8 8]	[3 8]
[8 8]	[8 8]
[8 8]	[8 8]
[8 8]	[8 8]
[8 8]	[8 8]
[8 8]	[8 8]
[8 8]	[8 8]
[8 8]	[8 8]
[8 8]	[8 8]
[8 8]	[8 8]
[8 8]	[8 8]
[8 8]	[8 8]
[8 8]	[8 8]
[8 8]	[8 8]
[8 8]	[8 8]
[8 8]	[8 8]
[8 8]	[8 3]
[8 8]	[3 3]
[8 8]	[3 3]
[8 8]	[3 3]
[8 8]	[3 3]
[8 8]	[3 3]
[8 8]	[3 3]
[8 8]	[3 3]
[8 8]	[3 3]
[8 8]	[3 3]
[8 8]	[3 8]
[8 8]	[8 8]
[8 8]	[8 8]
[8 8]	[8 3]
[8 8]	[3 3]
[8 8]	[3 3]
[8 8]	[3 3]
[8 8]	[3 3]
[8 8]	[3 3]
[8 8]	[3 8]
[8 8]	[8 8]
[8 8]	[8 8]
[8 8]	[8 8]
[8 8]	[8 8]
[8 1]	[8 8]
[1 1]	[8 3]
[1 1]	[3 3]
[1 1]	[3 3]
[1 1]	[3 3]
[1 1]	[3 3]
[1 1]	[3 3]
[1 1]	[3 3]
[1 1]	[3 3]
[1 1]	[3 3]
[1 1]	[3 8]
[1 1]	[8 8]
[1 1]	[8 8]
[1 1]	[8 8]
[1 1]	[8 8]
[1 1]	[8 8]
[1 6]	[8 8]
[6 6]	[8 8]
[6 6]	[8 8]
[6 6]	[8 8]
[6 6]	[8 8]
[6 6]	[8 8]
[6 6]	[8 8]
[6 6]	[8 8]
[6 6]	[8 8]
[6 6]	[ 8 11]
[6 6]	[11 11]
[6 6]	[11 11]
[6 6]	[11 11]
[6 6]	[11  6]
[6 6]	[6 6]
[6 6]	[6 6]
[6 6]	[6 6]
[6 6]	[6 6]
[6 6]	[6 1]
[6 6]	[1 1]
[6 6]	[1 1]
[6 6]	[1 1]
[6 6]	[1 1]
[6 6]	[1 6]
[6 6]	[6 6]
[6 6]	[6 6]
[6 6]	[6 6]
[6 6]	[6 6]
[6 6]	[6 6]
[6 6]	[6 6]
[6 6]	[6 6]
[6 6]	[6 6]
[6 6]	[6 6]
[6 6]	[6 6]
[6 6]	[6 6]
[6 6]	[6 6]
[6 6]	[6 6]
[6 6]	[6 6]
[6 6]	[6 6]
[6 6]	[ 6 11]
[6 6]	[11 11]
[6 6]	[11 11]
[6 6]	[11 11]
[6 6]	[11  6]
[6 6]	[6 6]
[6 6]	[6 6]
[6 6]	[6 6]
[6 6]	[6 6]
[6 6]	[6 6]
[6 6]	[6 1]
[6 6]	[1 1]
[6 6]	[1 1]
[6 6]	[1 1]
[6 6]	[1 6]
[6 6]	[6 6]
[-1 -1]	[6 6]
[-1 -1]	[6 1]
[-1  1]	[1 1]
[1 1]	[1 1]
[1 1]	[1 1]
[1 1]	[1 1]
[1 1]	[1 1]
[1 1]	[1 8]
[1 1]	[8 8]
[1 1]	[8 8]
[1 1]	[8 1]
[1 1]	[1 1]
[1 6]	[1 1]
[6 6]	[1 6]
[6 6]	[6 6]
[6 6]	[6 6]
[6 1]	[ 6 10]
[1 1]	[10 10]
[1 1]	[10 10]
[1 1]	[10  3]
[1 1]	[3 3]
[1 1]	[3 3]
[1 1]	[3 8]
[1 1]	[8 8]
[1 1]	[8 8]
[1 1]	[8 1]
[1 1]	[1 1]
[1 1]	[1 1]
[1 1]	[1 1]
[1 1]	[1 1]
[1 1]	[1 1]
[1 1]	[1 8]
[1 1]	[8 8]
[1 1]	[8 8]
[1 1]	[8 1]
[1 1]	[1 1]
[1 6]	[1 1]
[6 6]	[1 6]
[6 6]	[6 6]
[6 6]	[6 6]
[6 1]	[6 6]
[1 1]	[6 6]
[1 1]	[6 6]
[1 1]	[6 8]
[1 1]	[8 8]
[1 1]	[8 8]
[1 1]	[8 1]
[1 1]	[ 1 10]
[1 1]	[10 10]
[1 1]	[10 10]
[1 1]	[10 10]
[1 1]	[10 10]
[1 1]	[10 10]
[1 1]	[10 10]
[1 1]	[10 10]
[1 1]	[10 10]
[1 1]	[10  8]
[1 1]	[8 8]
[1 1]	[8 8]
[1 1]	[8 1]
[1 1]	[1 1]
[1 1]	[1 1]
[1 1]	[1 3]
[1 1]	[3 3]
[1 1]	[3 3]
[1 1]	[3 8]
[1 1]	[8 8]
[1 1]	[8 8]
[1 1]	[8 8]
[1 1]	[8 8]
[1 1]	[8 8]
[1 1]	[ 8 10]
[1 1]	[10 10]
[1 1]	[10 10]
[1 1]	[10 10]
[1 1]	[10 10]
[1 1]	[10 10]
[1 1]	[10 10]
[1 1]	[10 10]
[1 1]	[10 10]
[1 1]	[10  8]
[1 1]	[8 8]
[1 1]	[8 8]
[1 1]	[8 1]
[1 1]	[1 1]
[1 1]	[1 1]
[1 1]	[1 8]
[1 1]	[8 8]
[1 1]	[8 8]
[1 1]	[8 8]
[1 1]	[8 8]
[1 1]	[8 8]
[1 1]	[8 1]
[1 1]	[1 1]
[1 1]	[1 1]
[1 1]	[1 1]
[1 1]	[1 1]
[1 1]	[1 1]
[1 1]	[1 1]
[1 1]	[1 1]
[1 1]	[1 1]
[1 1]	[1 1]
[1 1]	[1 1]
[1 1]	[1 1]
[1 1]	[1 1]
[1 1]	[1 1]
[1 1]	[1 1]
[1 1]	[1 1]
[1 1]	[1 1]
[1 1]	[1 1]
[1 1]	[1 8]
[1 1]	[8 8]
[1 1]	[8 8]
[1 1]	[8 1]
[1 1]	[1 1]
[1 1]	[1 1]
[1 1]	[1 3]
[1 1]	[3 3]
[1 1]	[3 3]
[1 1]	[3 8]
[1 1]	[8 8]
[1 1]	[8 8]
[1 1]	[8 8]
[1 1]	[8 8]
[1 1]	[8 8]
[1 1]	[8 1]
[1 1]	[1 1]
[1 1]	[1 1]
[1 1]	[1 1]
[1 1]	[1 1]
[1 1]	[1 1]
[1 1]	[1 1]
[1 1]	[1 1]
[1 1]	[1 1]
[1 1]	[1 8]
[1 1]	[8 8]
[1 1]	[8 8]
[1 1]	[8 6]
[1 1]	[6 6]
[1 1]	[6 6]
[1 1]	[6 8]
[1 1]	[8 8]
[1 1]	[8 8]
[1 1]	[8 8]
[1 1]	[8 8]
[1 1]	[8 8]
[1 1]	[8 1]
[1 1]	[1 1]
[1 1]	[1 1]
[1 1]	[1 1]
[1 1]	[1 1]
[1 1]	[1 1]
[1 1]	[1 1]
[1 1]	[1 1]
[-1 -1]	[1 1]
[-1 13]	[ 1 -1]
[13 13]	[-1 13]
[13 13]	[13 13]
[13 13]	[13 13]
[13 13]	[13 13]
[13 13]	[13 13]
[13 13]	[13 20]
[13 13]	[20 20]
[13 13]	[20 20]
[13 13]	[20 20]
[13 13]	[20 20]
[13 13]	[20 20]
[13 13]	[20 13]
[13 13]	[13 13]
[13 13]	[13 13]
[13 13]	[13 13]
[13 13]	[13 13]
[13 13]	[13 13]
[13 13]	[13 20]
[13 13]	[20 20]
[13 13]	[20 20]
[13 13]	[20 20]
[13 13]	[20 20]
[13 13]	[20 20]
[13 13]	[20 13]
[13 13]	[13 13]
[13 13]	[13 13]
[13 13]	[13 13]
[13 13]	[13 13]
[13 13]	[13 20]
[13 13]	[20 20]
[13 13]	[20 20]
[13 13]	[20 20]
[13 13]	[20 20]
[13 13]	[20 13]
[13 13]	[13 13]
[13 13]	[13 13]
[13 13]	[13  8]
[13 13]	[8 8]
[13 13]	[8 8]
[13 13]	[ 8 13]
[13 13]	[13 13]
[13 13]	[13 13]
[13 13]	[13 13]
[13 13]	[13  5]
[13 13]	[5 5]
[13 13]	[5 5]
[13 13]	[5 5]
[13 13]	[5 5]
[13 13]	[ 5 12]
[13 13]	[12 12]
[13 13]	[12 12]
[13 13]	[12 12]
[13 13]	[12 12]
[13 13]	[12 13]
[13 13]	[13 13]
[13 13]	[13 13]
[13 13]	[13 13]
[13 13]	[13 13]
[13 13]	[13 13]
[13 13]	[13  8]
[13 13]	[8 8]
[13 13]	[8 8]
[13 13]	[8 8]
[13 13]	[ 8 13]
[13 13]	[13 13]
[13 13]	[13 13]
[13 13]	[13  8]
[13 13]	[8 8]
[13 13]	[8 8]
[13 13]	[ 8 13]
[13 13]	[13 13]
[13 13]	[13 13]
[13 13]	[13 13]
[13 13]	[13 18]
[13 13]	[18 18]
[13 13]	[18 13]
[13 13]	[13 13]
[13 13]	[13 13]
[13 13]	[13  8]
[13 13]	[8 8]
[13 13]	[8 8]
[13 13]	[ 8 13]
[-1 -1]	[13 13]
[-1 -1]	[13 -1]
[-1 -1]	[-1  1]
[-1 -1]	[1 1]
[-1 -1]	[1 1]
[-1 -1]	[1 1]
[-1 -1]	[1 1]
[-1 -1]	[1 1]
[-1 -1]	[1 1]
[-1 -1]	[1 1]
[-1 -1]	[1 1]
[-1 -1]	[1 1]
[-1 -1]	[1 1]
[-1 -1]	[1 1]
[-1 -1]	[1 1]
[-1 -1]	[1 1]
[-1 -1]	[1 1]
[-1 -1]	[1 8]
[-1 -1]	[8 8]
[-1 -1]	[8 8]
[-1 -1]	[8 8]
[-1 -1]	[8 1]
[-1 -1]	[1 1]
[-1 -1]	[1 8]
[-1 -1]	[8 8]
[-1 -1]	[8 8]
[-1 -1]	[8 1]
[-1 -1]	[1 1]
[-1 -1]	[1 1]
[-1 -1]	[1 1]
[-1 -1]	[1 8]
[-1 -1]	[8 8]
[-1 -1]	[8 8]
[-1 -1]	[8 8]
[-1 -1]	[8 8]
[-1 -1]	[8 8]
[-1 -1]	[8 1]
[-1 -1]	[1 1]
[-1  1]	[1 1]
[1 1]	[1 1]
[1 8]	[1 1]
[8 8]	[1 1]
[8 8]	[1 1]
[8 8]	[1 8]
[8 8]	[8 8]
[8 8]	[8 8]
[8 8]	[8 8]
[8 8]	[8 8]
[8 8]	[8 1]
[8 1]	[1 1]
[1 1]	[1 1]
[1 1]	[1 1]
[1 1]	[1 1]
[1 1]	[1 1]
[1 1]	[1 6]
[1 1]	[6 6]
[1 1]	[6 6]
[1 1]	[6 8]
[1 1]	[8 8]
[1 1]	[8 8]
[1 1]	[8 1]
[1 1]	[1 1]
[1 1]	[1 6]
[1 1]	[6 6]
[1 1]	[6 6]
[1 1]	[6 8]
[1 1]	[8 8]
[1 1]	[8 8]
[1 1]	[8 8]
[1 1]	[8 8]
[1 1]	[8 8]
[1 1]	[8 8]
[1 1]	[8 8]
[1 1]	[8 8]
[1 1]	[8 8]
[1 1]	[8 8]
[1 1]	[8 8]
[1 1]	[ 8 22]
[1 1]	[22 22]
[1 1]	[22  1]
[1 1]	[1 1]
[1 1]	[1 1]
[1 1]	[1 8]
[1 1]	[8 8]
[1 1]	[8 8]
[1 1]	[8 1]
[1 1]	[1 1]
[1 1]	[1 1]
[1 1]	[1 1]
[1 1]	[1 6]
[1 1]	[6 6]
[1 1]	[6 6]
[1 8]	[6 1]
[8 8]	[1 1]
[8 8]	[1 1]
[8 8]	[1 8]
[8 8]	[8 8]
[8 8]	[8 8]
[8 8]	[8 8]
[8 8]	[8 1]
[8 8]	[1 1]
[8 8]	[1 1]
[8 8]	[1 1]
[8 8]	[1 6]
[8 8]	[6 6]
[8 8]	[6 6]
[8 8]	[6 1]
[8 8]	[1 1]
[8 8]	[1 1]
[8 8]	[1 8]
[8 8]	[8 8]
[8 8]	[8 8]
[8 8]	[8 1]
[8 8]	[1 1]
[8 8]	[1 1]
[8 8]	[1 8]
[8 8]	[8 8]
[8 1]	[8 8]
[-1 -1]	[8 1]
[-1 -1]	[ 1 -1]
[-1 -1]	[-1  1]
[-1 -1]	[1 1]
[-1 -1]	[1 1]
[-1 -1]	[ 1 12]
[-1 -1]	[12 12]
[-1 -1]	[12 12]
[-1 -1]	[12 12]
[-1 -1]	[12  1]
[-1 -1]	[1 1]
[-1 -1]	[1 1]
[-1 -1]	[1 1]
[-1 -1]	[1 1]
[-1 -1]	[1 6]
[-1 -1]	[6 6]
[-1 -1]	[6 1]
[-1 -1]	[1 1]
[-1 -1]	[1 1]
[-1 -1]	[ 1 12]
[-1 -1]	[12 12]
[-1 -1]	[12 12]
[-1 -1]	[12 12]
[-1 -1]	[12  1]
[-1 -1]	[1 1]
[-1 -1]	[1 1]
[-1 -1]	[1 8]
[-1 -1]	[8 8]
[-1 -1]	[8 1]
[-1 -1]	[1 1]
[-1 -1]	[1 1]
[-1 -1]	[1 1]
[-1 -1]	[1 1]
[-1 -1]	[1 1]
[-1 -1]	[1 1]
[-1 -1]	[ 1 12]
[-1 -1]	[12 12]
[-1 -1]	[12 12]
[-1 -1]	[12 12]
[-1 -1]	[12  1]
[-1 -1]	[1 1]
[-1 -1]	[1 1]
[-1 -1]	[1 1]
[-1 -1]	[1 1]
[-1 -1]	[1 1]
[-1 -1]	[1 1]
[-1 -1]	[1 1]
[-1 -1]	[1 1]
[-1 -1]	[1 1]
[-1 -1]	[1 1]
[-1 -1]	[1 1]
[-1 -1]	[ 1 12]
[-1 -1]	[12 12]
[-1 -1]	[12 12]
[-1 -1]	[12 12]
[-1 -1]	[12  1]
[-1 -1]	[1 1]
[-1 -1]	[1 1]
[-1 -1]	[1 8]
[-1 -1]	[8 8]
[-1 -1]	[8 1]
[-1  1]	[1 8]
[1 1]	[8 8]
[1 1]	[8 8]
[1 1]	[8 8]
[1 1]	[8 8]
[1 1]	[8 8]
[1 1]	[8 8]
[1 1]	[8 8]
[1 1]	[8 8]
[1 1]	[8 8]
[1 1]	[8 8]
[1 1]	[8 8]
[1 1]	[8 8]
[1 1]	[8 8]
[1 1]	[8 8]
[1 1]	[8 8]
[1 1]	[8 8]
[1 1]	[8 1]
[1 1]	[1 1]
[1 1]	[1 1]
[1 1]	[1 1]
[1 1]	[1 1]
[1 1]	[1 1]
[1 1]	[1 1]
[1 1]	[1 8]
[1 1]	[8 8]
[1 1]	[8 8]
[1 1]	[8 8]
[1 1]	[8 8]
[1 1]	[8 8]
[1 1]	[8 8]
[1 1]	[8 8]
[1 1]	[8 8]
[1 1]	[8 1]
[1 1]	[1 1]
[1 6]	[1 1]
[6 6]	[1 6]
[6 6]	[6 6]
[6 6]	[6 6]
[6 6]	[6 6]
[6 6]	[6 6]
[6 6]	[6 6]
[6 1]	[6 1]
[1 1]	[1 1]
[1 1]	[1 1]
[1 1]	[1 1]
[1 1]	[1 1]
[1 1]	[1 1]
[1 1]	[1 8]
[1 1]	[8 8]
[1 1]	[8 8]
[1 1]	[8 8]
[1 1]	[8 8]
[1 1]	[8 8]
[1 1]	[8 8]
[1 1]	[8 1]
[1 1]	[1 1]
[1 1]	[1 1]
[1 1]	[1 1]
[1 1]	[1 8]
[1 1]	[8 8]
[1 1]	[8 8]
[1 1]	[8 1]
[1 1]	[1 1]
[1 8]	[1 8]
[8 8]	[8 8]
[8 8]	[8 8]
[8 8]	[8 8]
[8 8]	[8 1]
[8 8]	[1 1]
[8 8]	[1 1]
[8 8]	[1 1]
[8 8]	[1 1]
[8 8]	[1 8]
[8 8]	[8 8]
[8 8]	[8 8]
[8 1]	[8 1]
[1 1]	[1 1]
[1 1]	[1 8]
[1 1]	[8 8]
[1 1]	[8 8]
[1 1]	[8 8]
[1 1]	[8 8]
[1 1]	[8 1]
[1 1]	[1 1]
[1 1]	[1 1]
[1 1]	[1 1]
[1 6]	[1 6]
[6 6]	[6 6]
[6 6]	[6 6]
[6 6]	[6 6]
[6 6]	[6 6]
[6 6]	[6 6]
[6 6]	[6 6]
[6 6]	[6 6]
[6 1]	[6 1]
[1 1]	[1 1]
[1 1]	[1 1]
[1 1]	[1 1]
[1 1]	[1 1]
[1 1]	[1 1]
[1 1]	[1 1]
[1 6]	[1 1]
[6 6]	[1 6]
[6 6]	[6 6]
[6 6]	[6 6]
[6 6]	[6 6]
[6 6]	[6 6]
[6 6]	[6 6]
[6 6]	[6 6]
[6 6]	[6 6]
[6 6]	[6 6]
[6 6]	[6 6]
[6 6]	[6 1]
[6 6]	[1 1]
[6 6]	[1 1]
[6 6]	[1 1]
[6 6]	[1 6]
[6 6]	[6 6]
[-1 -1]	[6 6]
[-1 -1]	[ 6 -1]
[-1 -1]	[-1 -1]
[-1  1]	[-1 -1]
[1 1]	[-1 20]
[1 1]	[20 20]
[1 1]	[20  1]
[1 1]	[1 1]
[1 1]	[1 1]
[1 1]	[1 1]
[1 1]	[1 6]
[1 1]	[6 6]
[1 1]	[6 6]
[1 1]	[6 1]
[1 1]	[1 1]
[1 1]	[1 1]
[1 1]	[1 6]
[1 1]	[6 1]
[1 1]	[1 6]
[1 1]	[6 6]
[1 1]	[6 6]
[1 1]	[ 6 20]
[1 1]	[20 20]
[1 1]	[20  1]
[1 1]	[1 1]
[1 1]	[1 1]
[1 1]	[1 1]
[1 1]	[1 6]
[1 1]	[6 6]
[1 1]	[6 6]
[1 1]	[6 1]
[1 1]	[1 1]
[1 1]	[1 1]
[1 1]	[1 8]
[1 6]	[8 1]
[6 6]	[1 1]
[6 6]	[1 1]
[6 6]	[1 1]
[6 6]	[1 6]
[6 6]	[6 6]
[6 6]	[6 6]
[6 6]	[6 6]
[6 6]	[6 6]
[6 6]	[6 6]
[6 1]	[6 6]
[1 1]	[6 6]
[1 1]	[6 6]
[1 1]	[6 1]
[1 1]	[1 1]
[1 1]	[1 1]
[1 1]	[1 1]
[1 1]	[1 1]
[1 1]	[1 1]
[1 1]	[1 1]
[1 1]	[1 1]
[1 1]	[1 1]
[1 1]	[1 1]
[1 6]	[1 1]
[6 6]	[1 6]
[6 6]	[6 6]
[6 6]	[6 6]
[6 6]	[6 6]
[6 6]	[6 6]
[6 6]	[6 6]
[6 6]	[6 6]
[6 6]	[6 6]
[6 6]	[6 6]
[6 1]	[6 6]
[1 1]	[6 6]
[1 1]	[6 6]
[1 1]	[6 1]
[1 1]	[1 1]
[1 1]	[1 1]
[1 1]	[ 1 22]
[1 1]	[22 22]
[1 1]	[22 22]
[-1 -1]	[22  8]
[-1 -1]	[ 8 13]
[-1 -1]	[13 13]
[-1 13]	[13 13]
[13 13]	[13 13]
[13 13]	[13  8]
[13 13]	[8 8]
[13 13]	[8 8]
[13 13]	[8 8]
[13 13]	[8 8]
[13 13]	[8 8]
[13 13]	[8 8]
[13 13]	[8 8]
[13 13]	[8 8]
[13 13]	[ 8 13]
[13 13]	[13 13]
[13 13]	[13 13]
[13 13]	[13 13]
[13 13]	[13 13]
[13 13]	[13 13]
[13 13]	[13 13]
[13 13]	[13 13]
[13 13]	[13 13]
[13 13]	[13  8]
[13 13]	[8 8]
[13 13]	[8 8]
[13 13]	[8 8]
[13 13]	[8 8]
[13 13]	[8 8]
[13 13]	[8 8]
[13 13]	[8 8]
[13 13]	[8 8]
[13 13]	[ 8 13]
[13 13]	[13 13]
[13 13]	[13 13]
[13 13]	[13  3]
[13 13]	[3 3]
[13 13]	[3 3]
[13 13]	[3 3]
[13 13]	[3 3]
[13 13]	[3 3]
[13 13]	[3 8]
[13 13]	[8 8]
[13 13]	[8 8]
[13 13]	[8 8]
[13 13]	[8 8]
[13 13]	[8 8]
[13 13]	[8 8]
[13 13]	[8 8]
[13 13]	[8 8]
[13 13]	[8 8]
[13 13]	[8 8]
[13 13]	[ 8 13]
[13 13]	[13 13]
[13 13]	[13 13]
[13 13]	[13 13]
[13 13]	[13 13]
[13 13]	[13 13]
[13 13]	[13 13]
[13 13]	[13 13]
[13 13]	[13 13]
[13 13]	[13 13]
[13 13]	[13 13]
[13 13]	[13  8]
[13 13]	[8 8]
[13 13]	[8 8]
[13 13]	[8 8]
[13 13]	[8 8]
[13 13]	[8 8]
[13 13]	[8 8]
[13 13]	[8 8]
[13 13]	[8 8]
[13 13]	[ 8 13]
[13 13]	[13 13]
[13 13]	[13  5]
[13 13]	[5 5]
[13 13]	[5 5]
[13 13]	[5 5]
[13 13]	[5 1]
[13 13]	[1 1]
[13 13]	[1 1]
[13 13]	[1 1]
[13 13]	[ 1 18]
[13 13]	[18 18]
[13 13]	[18 18]
[13 13]	[18 18]
[13 13]	[18 18]
[13 13]	[18 18]
[13 13]	[18 18]
[13 13]	[18 18]
[13 13]	[18  8]
[13 13]	[8 8]
[13 13]	[8 8]
[13 13]	[8 8]
[13 13]	[8 8]
[13 13]	[8 8]
[13 13]	[8 8]
[13 13]	[8 8]
[13 13]	[8 8]
[13 13]	[ 8 13]
[13 13]	[13 13]
[13 13]	[13 13]
[13 13]	[13 13]
[13 13]	[13 13]
[13 13]	[13 13]
[13 13]	[13 13]
[13 13]	[13 13]
[13 13]	[13 13]
[13 13]	[13 13]
[13 13]	[13 13]
[13 13]	[13 13]
[13 13]	[13  6]
[13 13]	[6 6]
[13 13]	[6 6]
[13 13]	[6 6]
[13 13]	[6 6]
[13 13]	[6 6]
[13 13]	[6 6]
[13 13]	[6 6]
[13 13]	[6 6]
[13 13]	[6 6]
[13 13]	[6 6]
[13 13]	[6 6]
[13 13]	[6 6]
[13 13]	[6 6]
[13 13]	[6 6]
[13 13]	[6 6]
[13 13]	[6 8]
[13 13]	[8 8]
[13 13]	[8 8]
[13 13]	[8 8]
[13 13]	[8 8]
[13 13]	[8 8]
[13 13]	[8 8]
[13 13]	[8 8]
[13 13]	[8 8]
[13 13]	[8 8]
[13 13]	[8 8]
[13 13]	[8 8]
[13 13]	[8 8]
[13 13]	[8 8]
[13 13]	[8 8]
[13 13]	[8 8]
[13 13]	[8 8]
[13 13]	[8 8]
[13 13]	[8 8]
[13 13]	[8 8]
[13 13]	[8 8]
[13 13]	[8 8]
[13 13]	[8 8]
[13 13]	[ 8 13]
[13 13]	[13 13]
[13 13]	[13 13]
[13 13]	[13 13]
[13 13]	[13 13]
[13 13]	[13 13]
[13 13]	[13 13]
[13 13]	[13 13]
[13 13]	[13 13]
[13 13]	[13 13]
[13 13]	[13 13]
[13 13]	[13 13]
[13 13]	[13 13]
[13 13]	[13 13]
[13 13]	[13 13]
[13 13]	[13 13]
[13 13]	[13 13]
[13 13]	[13 13]
[13 13]	[13 13]
[13 13]	[13 13]
[13 13]	[13 13]
[13 13]	[13 13]
[13 13]	[13  1]
[13 13]	[1 1]
[13 13]	[ 1 18]
[13 13]	[18 18]
[13 13]	[18 18]
[13 13]	[18 18]
[13 13]	[18 18]
[13 13]	[18 18]
[13 13]	[18 18]
[13 13]	[18 18]
[13 13]	[18 18]
[13 13]	[18 18]
[13 13]	[18 13]
[13 13]	[13 13]
[13 13]	[13 13]
[13 13]	[13 13]
[13 13]	[13 13]
[13 13]	[13 13]
[13 13]	[13 13]
[13 13]	[13  8]
[13 13]	[8 8]
[13 13]	[8 8]
[13 13]	[8 8]
[13 13]	[8 8]
[13 13]	[8 8]
[-1 -1]	[ 8 13]
[-1  1]	[13 -1]
[1 1]	[-1 -1]
[1 1]	[-1  1]
[1 1]	[1 1]
[1 1]	[1 1]
[1 1]	[1 1]
[1 1]	[1 1]
[1 1]	[1 1]
[1 1]	[1 1]
[1 1]	[1 1]
[1 1]	[1 1]
[1 1]	[1 1]
[1 1]	[1 1]
[1 1]	[1 1]
[1 1]	[1 1]
[1 1]	[1 1]
[1 1]	[1 1]
[1 8]	[1 1]
[8 8]	[1 8]
[8 8]	[8 8]
[8 8]	[8 8]
[8 8]	[8 8]
[8 8]	[8 8]
[8 8]	[8 8]
[8 8]	[8 8]
[8 8]	[8 8]
[8 8]	[8 8]
[8 8]	[8 8]
[8 8]	[8 8]
[8 8]	[8 8]
[8 8]	[8 8]
[8 8]	[8 8]
[8 8]	[8 8]
[8 8]	[8 8]
[8 8]	[8 8]
[8 8]	[8 8]
[8 8]	[8 8]
[8 8]	[8 8]
[8 8]	[8 8]
[8 8]	[8 8]
[8 1]	[8 8]
[1 1]	[8 1]
[1 1]	[1 1]
[1 1]	[1 1]
[1 1]	[1 1]
[1 1]	[1 1]
[1 1]	[1 8]
[1 1]	[8 8]
[1 1]	[8 8]
[1 1]	[8 8]
[1 1]	[8 8]
[1 1]	[8 8]
[1 1]	[8 8]
[1 1]	[8 1]
[1 1]	[1 1]
[1 1]	[1 1]
[1 8]	[1 5]
[8 8]	[5 8]
[8 8]	[8 8]
[8 8]	[8 8]
[8 8]	[8 8]
[8 8]	[8 8]
[8 8]	[8 8]
[8 8]	[8 8]
[8 8]	[8 3]
[8 8]	[3 3]
[8 8]	[3 3]
[8 8]	[3 3]
[8 8]	[3 3]
[8 8]	[3 3]
[8 8]	[3 3]
[8 8]	[3 3]
[8 8]	[3 3]
[8 8]	[3 3]
[8 8]	[3 3]
[8 8]	[3 3]
[8 8]	[3 3]
[8 8]	[3 3]
[8 8]	[3 3]
[8 8]	[3 8]
[8 8]	[8 8]
[8 8]	[8 8]
[8 8]	[8 8]
[8 8]	[8 8]
[8 8]	[8 8]
[8 8]	[8 8]
[8 8]	[8 8]
[8 8]	[8 8]
[8 8]	[8 8]
[8 8]	[8 8]
[8 8]	[8 8]
[8 8]	[8 8]
[8 8]	[8 8]
[8 8]	[8 8]
[8 8]	[8 3]
[8 8]	[3 3]
[8 8]	[3 3]
[8 8]	[3 3]
[8 8]	[3 3]
[8 8]	[3 3]
[8 8]	[3 3]
[8 8]	[3 3]
[8 1]	[3 3]
[1 1]	[3 3]
[1 1]	[3 3]
[1 1]	[3 3]
[1 1]	[3 3]
[1 1]	[3 3]
[1 1]	[3 8]
[1 1]	[8 8]
[1 1]	[8 8]
[1 1]	[8 8]
[1 6]	[8 6]
[6 6]	[6 6]
[6 6]	[6 6]
[6 6]	[6 6]
[6 6]	[6 6]
[6 6]	[6 6]
[6 6]	[6 6]
[6 6]	[6 6]
[6 6]	[6 6]
[6 6]	[6 6]
[6 6]	[6 6]
[6 6]	[6 6]
[6 6]	[6 6]
[6 6]	[6 6]
[6 6]	[6 6]
[6 6]	[6 6]
[6 6]	[6 6]
[6 6]	[6 6]
[6 6]	[6 6]
[6 6]	[6 6]
[6 6]	[6 6]
[6 6]	[6 1]
[6 6]	[1 1]
[6 1]	[1 1]
[1 1]	[1 1]
[1 1]	[1 1]
[1 1]	[1 1]
[1 1]	[1 1]
[1 1]	[1 1]
[1 1]	[1 1]
[1 1]	[1 1]
[1 1]	[1 1]
[1 1]	[1 1]
[1 1]	[1 1]
[1 1]	[1 1]
[1 1]	[1 1]
[1 1]	[1 1]
[1 1]	[1 1]
[1 1]	[1 1]
[1 1]	[1 1]
[1 1]	[1 1]
[1 1]	[1 1]
[1 1]	[1 1]
[1 1]	[1 1]
[1 1]	[1 1]
[1 1]	[1 1]
[1 1]	[1 1]
[1 1]	[1 1]
[1 1]	[1 1]
[1 6]	[1 6]
[6 6]	[6 6]
[6 6]	[6 6]
[6 6]	[6 6]
[6 6]	[6 6]
[6 6]	[6 6]
[6 6]	[6 6]
[6 6]	[6 6]
[6 6]	[6 6]
[6 6]	[6 6]
[6 6]	[6 6]
[6 6]	[6 6]
[6 6]	[6 6]
[6 6]	[6 6]
[6 6]	[6 6]
[6 6]	[6 6]
[6 6]	[6 6]
[6 6]	[6 6]
[6 6]	[6 6]
[6 6]	[6 6]
[6 6]	[6 6]
[6 6]	[6 6]
[6 6]	[6 6]
[6 6]	[6 6]
[6 6]	[6 6]
[6 6]	[6 6]
[6 8]	[6 6]
[8 8]	[6 6]
[8 8]	[6 6]
[8 8]	[ 6 11]
[8 8]	[11 11]
[8 8]	[11 11]
[8 8]	[11 11]
[8 8]	[11 11]
[8 8]	[11 11]
[8 8]	[11 11]
[8 8]	[11 11]
[8 8]	[11 11]
[8 1]	[11 11]
[1 1]	[11 11]
[1 6]	[11  6]
[6 6]	[6 6]
[6 6]	[6 6]
[6 6]	[6 6]
[6 6]	[6 6]
[6 6]	[6 6]
[6 6]	[6 6]
[6 6]	[6 1]
[6 6]	[1 1]
[6 6]	[1 1]
[6 6]	[1 1]
[6 6]	[1 1]
[6 6]	[1 1]
[6 6]	[1 6]
[-1 -1]	[6 6]
[-1 -1]	[6 8]
[-1 -1]	[8 8]
[-1 -1]	[8 6]
[-1 -1]	[6 6]
[-1 -1]	[6 6]
[-1 -1]	[6 6]
[-1 -1]	[6 6]
[-1 -1]	[6 6]
[-1 -1]	[6 6]
[-1 -1]	[6 6]
[-1 -1]	[6 6]
[-1 -1]	[6 6]
[-1 -1]	[6 6]
[-1 -1]	[6 6]
[-1 -1]	[6 6]
[-1  1]	[6 6]
[1 1]	[6 6]
[1 1]	[6 6]
[1 1]	[6 8]
[1 1]	[8 8]
[1 1]	[8 8]
[1 1]	[8 8]
[1 1]	[8 8]
[1 6]	[8 8]
[6 6]	[8 8]
[6 6]	[8 8]
[6 6]	[8 6]
[6 6]	[6 6]
[6 6]	[6 6]
[6 6]	[6 6]
[6 6]	[6 6]
[6 1]	[6 6]
[1 1]	[6 6]
[1 1]	[6 6]
[1 1]	[6 1]
[1 1]	[1 1]
[1 1]	[1 1]
[1 1]	[1 1]
[1 1]	[1 1]
[1 1]	[1 1]
[1 1]	[1 1]
[1 8]	[1 1]
[8 8]	[1 8]
[8 8]	[8 8]
[8 8]	[8 8]
[8 8]	[8 8]
[8 8]	[8 8]
[8 8]	[8 8]
[8 8]	[8 8]
[8 8]	[8 8]
[8 8]	[8 1]
[8 8]	[1 6]
[8 8]	[6 8]
[8 8]	[8 6]
[8 8]	[6 6]
[8 8]	[6 6]
[8 8]	[6 6]
[8 8]	[6 8]
[8 8]	[8 8]
[8 8]	[8 8]
[8 8]	[8 8]
[8 8]	[8 8]
[8 1]	[8 8]
[1 1]	[8 1]
[1 1]	[1 1]
[1 1]	[1 1]
[1 1]	[1 1]
[1 1]	[1 1]
[1 1]	[1 1]
[1 1]	[1 1]
[1 1]	[1 1]
[1 1]	[1 1]
[1 6]	[1 8]
[6 6]	[8 8]
[6 6]	[8 8]
[6 6]	[8 8]
[6 6]	[8 6]
[6 6]	[6 6]
[6 6]	[6 6]
[6 6]	[6 6]
[6 6]	[6 6]
[6 6]	[6 6]
[6 6]	[6 6]
[6 6]	[6 6]
[6 1]	[6 6]
[1 1]	[6 1]
[1 1]	[1 1]
[1 1]	[1 1]
[1 1]	[1 1]
[1 1]	[1 8]
[1 1]	[8 8]
[1 1]	[8 8]
[1 6]	[8 8]
[6 6]	[8 8]
[6 6]	[8 8]
[6 6]	[8 6]
[6 6]	[6 6]
[6 6]	[6 6]
[6 6]	[6 6]
[6 6]	[6 6]
[6 1]	[6 6]
[1 1]	[6 6]
[1 1]	[6 6]
[1 1]	[6 6]
[1 1]	[6 8]
[1 1]	[8 8]
[1 1]	[8 8]
[1 1]	[8 8]
[1 1]	[8 8]
[1 1]	[8 8]
[1 1]	[8 1]
[1 1]	[1 1]
[1 1]	[1 1]
[1 1]	[1 1]
[1 1]	[1 1]
[1 1]	[1 1]
[1 1]	[1 1]
[1 1]	[1 1]
[1 1]	[1 1]
[1 6]	[1 8]
[6 6]	[8 8]
[6 6]	[8 8]
[6 6]	[8 8]
[6 6]	[8 6]
[6 6]	[6 6]
[6 6]	[6 6]
[6 6]	[6 6]
[6 6]	[6 6]
[6 6]	[6 6]
[6 6]	[6 6]
[6 6]	[6 8]
[6 6]	[8 8]
[6 6]	[8 8]
[6 6]	[8 8]
[6 6]	[8 6]
[6 6]	[6 6]
[6 6]	[6 6]
[6 1]	[6 6]
[1 1]	[6 1]
[1 1]	[1 1]
[1 1]	[1 1]
[1 8]	[1 1]
[8 8]	[1 8]
[8 8]	[8 8]
[-1 -1]	[8 8]
[-1 -1]	[8 1]
[-1 -1]	[1 1]
[-1 -1]	[1 1]
[-1 -1]	[1 1]
[-1 -1]	[1 1]
[-1 -1]	[1 8]
[-1 -1]	[8 8]
[-1 -1]	[8 8]
[-1 -1]	[8 8]
[-1 -1]	[8 8]
[-1 -1]	[8 8]
[-1 -1]	[8 8]
[-1 -1]	[8 8]
[-1  1]	[8 8]
[1 1]	[8 1]
[1 1]	[1 1]
[1 1]	[1 8]
[1 1]	[8 8]
[1 1]	[8 1]
[1 1]	[1 1]
[1 1]	[1 1]
[1 1]	[1 1]
[1 6]	[1 1]
[6 6]	[1 8]
[6 6]	[8 8]
[6 6]	[8 8]
[6 6]	[8 8]
[6 6]	[8 8]
[6 6]	[8 8]
[6 6]	[8 8]
[6 6]	[8 8]
[6 6]	[8 8]
[6 6]	[8 1]
[6 6]	[1 6]
[6 6]	[6 6]
[6 6]	[6 6]
[6 6]	[6 6]
[6 6]	[6 6]
[6 6]	[6 6]
[6 1]	[6 1]
[1 1]	[1 1]
[1 1]	[1 1]
[1 1]	[1 1]
[1 1]	[1 1]
[1 1]	[1 1]
[1 8]	[1 8]
[8 8]	[8 8]
[8 8]	[8 8]
[8 8]	[8 8]
[8 8]	[8 8]
[8 1]	[8 8]
[1 1]	[8 1]
[1 1]	[1 1]
[1 1]	[1 1]
[1 1]	[1 1]
[1 6]	[1 6]
[6 6]	[6 6]
[6 6]	[6 6]
[6 6]	[6 6]
[6 6]	[6 6]
[6 6]	[6 6]
[6 1]	[6 1]
[1 1]	[1 1]
[1 1]	[1 1]
[1 1]	[1 1]
[1 1]	[1 1]
[1 1]	[1 1]
[1 8]	[1 8]
[8 8]	[8 8]
[8 8]	[8 8]
[8 8]	[8 8]
[8 8]	[8 8]
[-1 -1]	[8 8]
[-1 -1]	[ 8 -1]
[-1 -1]	[-1 -1]
[-1 -1]	[-1 -1]
[-1 -1]	[-1  8]
[-1 -1]	[8 8]
[-1 -1]	[8 8]
[-1 -1]	[8 8]
[-1 -1]	[8 8]
[-1 -1]	[8 8]
[-1 -1]	[8 8]
[-1 -1]	[8 8]
[-1 -1]	[8 6]
[-1 -1]	[6 6]
[-1 -1]	[6 6]
[-1 -1]	[6 6]
[-1 -1]	[6 6]
[-1 -1]	[6 6]
[-1 -1]	[6 6]
[-1 -1]	[6 6]
[-1 -1]	[6 6]
[-1 -1]	[6 8]
[-1 -1]	[8 8]
[-1 -1]	[8 8]
[-1 -1]	[8 8]
[-1 -1]	[8 8]
[-1 -1]	[8 8]
[-1 -1]	[8 8]
[-1 -1]	[8 8]
[-1  1]	[8 8]
[1 1]	[8 1]
[1 1]	[1 1]
[1 1]	[1 1]
[1 1]	[1 1]
[1 1]	[1 1]
[1 1]	[1 1]
[1 1]	[1 1]
[1 1]	[1 1]
[1 1]	[1 1]
[1 1]	[1 1]
[1 1]	[1 1]
[1 1]	[1 1]
[1 1]	[1 1]
[1 1]	[1 1]
[1 1]	[1 1]
[1 1]	[1 1]
[1 1]	[1 1]
[1 1]	[1 1]
[1 1]	[1 1]
[1 1]	[1 1]
[1 1]	[1 8]
[1 1]	[8 8]
[1 1]	[8 8]
[1 1]	[8 1]
[1 1]	[1 1]
[1 1]	[1 1]
[1 1]	[1 1]
[1 1]	[1 8]
[1 1]	[8 8]
[1 1]	[8 8]
[1 1]	[8 8]
[1 1]	[8 1]
[1 1]	[1 1]
[1 1]	[1 1]
[1 1]	[1 8]
[1 1]	[8 8]
[1 1]	[8 8]
[1 1]	[ 8 20]
[1 1]	[20 20]
[1 1]	[20 20]
[1 1]	[20 20]
[1 1]	[20  1]
[1 1]	[1 1]
[1 1]	[1 1]
[1 1]	[1 1]
[1 1]	[1 1]
[1 1]	[1 1]
[1 1]	[1 1]
[1 1]	[1 1]
[1 1]	[1 8]
[1 1]	[8 8]
[1 1]	[8 8]
[1 1]	[8 8]
[1 1]	[8 1]
[1 1]	[1 1]
[1 1]	[1 1]
[1 1]	[1 1]
[1 1]	[1 1]
[1 1]	[1 8]
[1 1]	[8 8]
[1 1]	[8 8]
[1 1]	[8 8]
[1 1]	[8 1]
[1 1]	[1 1]
[1 1]	[1 1]
[1 1]	[1 1]
[1 1]	[1 1]
[1 1]	[1 6]
[1 1]	[6 6]
[1 1]	[6 6]
[1 1]	[6 6]
[1 1]	[6 8]
[1 1]	[8 8]
[1 1]	[8 8]
[1 1]	[8 8]
[1 1]	[8 8]
[1 1]	[8 1]
[1 1]	[1 1]
[1 1]	[1 1]
[-1 -1]	[1 1]
[-1 -1]	[ 1 -1]
[-1 -1]	[-1 -1]
[-1 -1]	[-1  1]
[-1 -1]	[1 1]
[-1 -1]	[1 1]
[-1  1]	[1 1]
[1 1]	[1 1]
[1 1]	[1 1]
[1 1]	[1 1]
[1 1]	[1 1]
[1 1]	[1 1]
[1 1]	[1 8]
[1 1]	[8 8]
[1 1]	[8 8]
[1 1]	[8 8]
[1 1]	[8 1]
[1 1]	[1 1]
[1 1]	[1 1]
[1 1]	[1 8]
[1 1]	[8 8]
[1 1]	[8 8]
[1 1]	[8 1]
[1 1]	[1 1]
[1 1]	[1 1]
[1 1]	[1 1]
[1 1]	[1 1]
[1 1]	[1 1]
[1 1]	[1 1]
[1 1]	[1 1]
[1 1]	[1 1]
[1 1]	[1 8]
[1 1]	[8 8]
[1 6]	[8 8]
[6 6]	[8 8]
[6 6]	[8 8]
[6 6]	[8 1]
[6 6]	[1 1]
[6 6]	[1 1]
[6 6]	[1 1]
[6 6]	[1 1]
[6 6]	[1 1]
[6 1]	[1 8]
[1 1]	[8 8]
[1 1]	[8 1]
[1 1]	[1 1]
[1 1]	[1 1]
[1 1]	[1 1]
[1 6]	[1 1]
[6 6]	[ 1 15]
[6 6]	[15 15]
[6 6]	[15  8]
[6 6]	[8 8]
[6 6]	[8 8]
[6 6]	[8 1]
[6 6]	[1 1]
[6 6]	[1 1]
[6 6]	[1 6]
[6 6]	[6 6]
[6 6]	[6 6]
[6 6]	[6 1]
[6 6]	[1 1]
[6 1]	[1 8]
[1 1]	[8 8]
[1 1]	[8 1]
[1 1]	[1 1]
[1 8]	[1 1]
[8 8]	[1 1]
[8 8]	[1 1]
[8 8]	[1 6]
[8 8]	[6 6]
[8 8]	[6 8]
[8 8]	[8 8]
[8 1]	[8 8]
[-1 -1]	[8 1]
[-1 -1]	[ 1 -1]
[-1  1]	[-1 -1]
[1 1]	[-1  1]
[1 1]	[1 1]
[1 1]	[1 1]
[1 1]	[1 1]
[1 1]	[1 1]
[1 1]	[1 6]
[1 1]	[6 6]
[1 1]	[6 6]
[1 1]	[6 1]
[1 1]	[1 1]
[1 1]	[1 1]
[1 1]	[1 1]
[1 1]	[1 1]
[1 1]	[1 1]
[1 1]	[1 1]
[1 1]	[1 1]
[1 1]	[1 8]
[1 1]	[8 8]
[1 1]	[8 8]
[1 1]	[8 8]
[1 1]	[8 8]
[1 1]	[8 8]
[1 1]	[8 8]
[1 1]	[8 1]
[1 1]	[1 1]
[1 1]	[1 1]
[1 1]	[1 8]
[1 6]	[8 8]
[6 6]	[8 8]
[6 6]	[8 1]
[6 6]	[1 1]
[6 6]	[1 1]
[6 6]	[1 1]
[6 6]	[1 1]
[6 6]	[1 1]
[6 6]	[1 1]
[6 6]	[1 6]
[6 6]	[6 6]
[6 6]	[6 6]
[6 6]	[6 6]
[6 6]	[6 6]
[6 6]	[6 6]
[6 6]	[6 6]
[6 6]	[6 6]
[6 6]	[6 6]
[6 1]	[6 6]
[1 1]	[6 1]
[1 1]	[1 1]
[1 1]	[1 1]
[1 1]	[1 1]
[1 1]	[1 1]
[1 1]	[1 1]
[1 1]	[1 8]
[1 1]	[8 8]
[1 1]	[8 8]
[1 1]	[8 8]
[1 1]	[8 8]
[1 1]	[8 8]
[1 1]	[8 8]
[1 1]	[8 8]
[1 1]	[8 8]
[1 1]	[8 1]
[1 1]	[1 1]
[1 1]	[1 1]
[1 1]	[1 1]
[1 1]	[1 1]
[1 1]	[1 1]
[1 6]	[1 1]
[6 6]	[1 6]
[6 6]	[6 6]
[6 6]	[6 6]
[6 6]	[6 6]
[6 6]	[6 6]
[6 6]	[6 6]
[6 6]	[6 6]
[6 6]	[6 6]
[6 6]	[6 6]
[6 1]	[6 6]
[1 1]	[6 1]
[1 1]	[1 1]
[1 1]	[1 1]
[1 1]	[1 1]
[1 1]	[1 1]
[1 1]	[1 1]
[1 1]	[1 8]
[1 1]	[8 8]
[1 1]	[8 8]
[1 1]	[8 8]
[1 1]	[8 8]
[1 1]	[8 8]
[1 1]	[8 8]
[1 1]	[8 8]
[1 1]	[8 8]
[1 1]	[8 8]
[1 1]	[8 8]
[1 1]	[8 8]
[1 1]	[8 1]
[1 1]	[1 1]
[-1 -1]	[1 1]
[-1 -1]	[1 1]
[-1 -1]	[1 1]
[-1 -1]	[1 8]
[-1  1]	[8 8]
[1 1]	[8 8]
[1 1]	[8 8]
[1 1]	[8 8]
[1 1]	[8 8]
[1 1]	[8 8]
[1 1]	[8 1]
[1 1]	[1 1]
[1 1]	[1 1]
[1 1]	[1 1]
[1 1]	[1 1]
[1 1]	[1 1]
[1 1]	[1 1]
[1 1]	[1 1]
[1 1]	[1 1]
[1 1]	[1 1]
[1 1]	[1 1]
[1 1]	[1 1]
[1 1]	[1 8]
[1 1]	[8 8]
[1 1]	[8 8]
[1 1]	[8 8]
[1 1]	[8 8]
[1 1]	[8 8]
[1 1]	[8 8]
[1 1]	[8 8]
[1 1]	[8 1]
[1 1]	[1 1]
[1 1]	[1 1]
[1 1]	[1 1]
[1 1]	[1 1]
[1 1]	[1 1]
[1 1]	[1 1]
[1 1]	[1 1]
[1 1]	[1 1]
[1 1]	[1 1]
[1 1]	[1 1]
[1 1]	[1 1]
[1 1]	[1 1]
[1 1]	[1 1]
[1 1]	[1 1]
[1 1]	[1 1]
[1 1]	[1 1]
[1 8]	[1 1]
[8 8]	[1 1]
[8 8]	[1 1]
[8 8]	[1 1]
[8 8]	[1 1]
[8 8]	[1 1]
[8 8]	[1 1]
[8 1]	[1 1]
[1 1]	[1 1]
[1 1]	[1 1]
[1 1]	[1 1]
[1 1]	[1 1]
[1 1]	[1 1]
[1 1]	[1 1]
[1 1]	[1 1]
[1 8]	[1 1]
[8 8]	[1 1]
[8 8]	[1 1]
[8 1]	[1 1]
[1 1]	[1 1]
[1 1]	[1 1]
[1 1]	[1 1]
[1 1]	[1 1]
[1 1]	[1 1]
[1 1]	[1 8]
[1 1]	[8 8]
[1 1]	[8 8]
[1 1]	[8 8]
[1 1]	[8 8]
[1 1]	[8 8]
[1 1]	[8 8]
[1 1]	[8 8]
[1 1]	[8 8]
[1 1]	[8 8]
[1 1]	[8 8]
[1 1]	[8 8]
[1 1]	[8 8]
[1 1]	[8 1]
[1 1]	[1 1]
[1 1]	[1 1]
[-1 -1]	[1 1]
[-1 -1]	[ 1 13]
[12 12]	[13 13]
[12 12]	[13 13]
[12 12]	[13 12]
[12 12]	[12 12]
[12 12]	[12 12]
[12 12]	[12 13]
[12 12]	[13 13]
[12 12]	[13 13]
[12 12]	[13 20]
[12 12]	[20 20]
[12 12]	[20 20]
[12 12]	[20 20]
[12 12]	[20 13]
[12 12]	[13 13]
[12 12]	[13 13]
[12 12]	[13 12]
[12 12]	[12 12]
[12 12]	[12 12]
[12 12]	[12 20]
[12 12]	[20 20]
[12 12]	[20 20]
[12 12]	[20 20]
[12 12]	[20  6]
[12 12]	[6 6]
[12 12]	[6 6]
[12 12]	[6 6]
[12 12]	[ 6 13]
[12 12]	[13 13]
[12 12]	[13 13]
[12 12]	[13 12]
[12 12]	[12 12]
[12 12]	[12 12]
[12 12]	[12 13]
[12 12]	[13 13]
[12 12]	[13 13]
[12 12]	[13 20]
[12 12]	[20 20]
[12 13]	[20 20]
[13 13]	[20 13]
[13 13]	[13 13]
[13 13]	[13 13]
[13 13]	[13 13]
[13 13]	[13 12]
[13 13]	[12 12]
[13 13]	[12 12]
[13 13]	[12 12]
[13 13]	[12 20]
[13 13]	[20 20]
[13 13]	[20 20]
[13 13]	[20  6]
[13 13]	[6 6]
[13 13]	[6 6]
[13 13]	[6 6]
[13 13]	[6 5]
[13 13]	[5 5]
[13 13]	[5 5]
[13 13]	[5 5]
[13 13]	[5 5]
[13 13]	[5 5]
[13 13]	[5 5]
[13 13]	[5 5]
[13 13]	[5 6]
[13 13]	[6 6]
[13 13]	[6 6]
[13 13]	[6 6]
[13 13]	[6 9]
[13 13]	[9 9]
[13 13]	[9 9]
[13 13]	[ 9 20]
[13 13]	[20 20]
[13 13]	[20 20]
[13 13]	[20 20]
[13 13]	[20  9]
[13 13]	[9 9]
[13 13]	[ 9 20]
[13 13]	[20 20]
[13 13]	[20 20]
[13 13]	[20 20]
[13 13]	[20  6]
[13 13]	[6 6]
[13 13]	[6 6]
[13 13]	[6 6]
[13 13]	[6 5]
[13 13]	[5 5]
[13 13]	[5 5]
[13 13]	[5 5]
[13 13]	[5 5]
[13 13]	[5 5]
[13 13]	[5 5]
[13 13]	[5 5]
[13 13]	[5 6]
[13 13]	[6 6]
[13 13]	[6 6]
[13 13]	[6 6]
[13 13]	[6 9]
[13 13]	[9 9]
[13 13]	[9 9]
[13 13]	[ 9 20]
[13 13]	[20 20]
[13 13]	[20 20]
[13 13]	[20 20]
[13 13]	[20  9]
[13 13]	[9 9]
[13 13]	[ 9 12]
[13 13]	[12 12]
[13 13]	[12 12]
[13 13]	[12 12]
[13 13]	[12 12]
[13 13]	[12 18]
[13 13]	[18 18]
[13 13]	[18 18]
[-1 -1]	[18 18]
[-1 -1]	[18 -1]
[-1 -1]	[-1 -1]
[-1 -1]	[-1 -1]
[-1 -1]	[-1 -1]
[-1  1]	[-1 -1]
[1 1]	[-1 -1]
[1 1]	[-1 -1]
[1 1]	[-1 -1]
[1 8]	[-1 -1]
[8 8]	[-1 -1]
[8 8]	[-1 -1]
[8 8]	[-1 -1]
[8 8]	[-1 -1]
[8 8]	[-1 -1]
[8 8]	[-1 17]
[8 8]	[17 17]
[8 8]	[17 17]
[8 8]	[17 17]
[8 8]	[17 17]
[8 8]	[17 17]
[8 8]	[17 17]
[8 8]	[17 17]
[8 8]	[17 17]
[8 8]	[17 17]
[8 8]	[17 17]
[8 8]	[17 17]
[8 8]	[17 17]
[8 8]	[17 17]
[8 8]	[17 17]
[8 8]	[17 17]
[8 8]	[17 17]
[8 8]	[17 17]
[8 8]	[17 17]
[8 8]	[17 17]
[8 8]	[17 17]
[8 8]	[17 17]
[8 8]	[17 17]
[8 8]	[17 17]
[8 8]	[17 17]
[8 8]	[17 17]
[8 8]	[17 17]
[8 8]	[17 17]
[8 8]	[17 17]
[8 8]	[17 17]
[8 8]	[17 17]
[8 8]	[17 17]
[8 8]	[17 17]
[8 8]	[17 17]
[8 8]	[17 17]
[8 8]	[17 17]
[8 8]	[17 17]
[8 8]	[17 17]
[8 8]	[17 17]
[8 8]	[17 17]
[8 8]	[17 17]
[8 8]	[17 17]
[8 8]	[17 17]
[8 8]	[17 17]
[8 8]	[17  3]
[8 8]	[3 3]
[8 8]	[3 3]
[8 8]	[3 3]
[8 8]	[3 3]
[8 8]	[3 3]
[8 8]	[3 3]
[8 8]	[3 3]
[8 8]	[3 3]
[8 8]	[3 3]
[8 8]	[3 3]
[8 8]	[3 3]
[8 8]	[3 3]
[8 8]	[3 3]
[8 8]	[3 3]
[8 8]	[3 3]
[8 8]	[3 3]
[8 8]	[3 3]
[8 8]	[3 3]
[8 8]	[3 3]
[8 8]	[3 3]
[8 8]	[3 3]
[8 8]	[3 3]
[8 8]	[3 3]
[8 8]	[3 3]
[8 8]	[3 3]
[8 8]	[3 3]
[8 8]	[3 3]
[8 8]	[3 3]
[8 8]	[3 3]
[8 8]	[3 3]
[8 8]	[3 3]
[8 8]	[3 3]
[8 8]	[3 3]
[8 8]	[3 3]
[8 8]	[3 3]
[8 1]	[3 3]
[1 1]	[3 3]
[1 1]	[3 3]
[1 1]	[3 3]
[1 1]	[3 3]
[1 1]	[3 3]
[1 6]	[3 3]
[6 6]	[3 3]
[6 6]	[3 3]
[6 6]	[3 3]
[6 6]	[3 3]
[6 6]	[3 3]
[6 6]	[3 3]
[6 6]	[3 3]
[6 6]	[3 3]
[6 6]	[3 3]
[6 6]	[3 3]
[6 6]	[3 3]
[6 6]	[3 3]
[6 6]	[3 3]
[6 6]	[3 3]
[6 6]	[3 3]
[6 6]	[3 3]
[6 6]	[3 3]
[6 6]	[3 3]
[6 6]	[3 3]
[6 6]	[3 3]
[6 8]	[3 3]
[8 8]	[3 3]
[8 8]	[3 8]
[8 8]	[8 8]
[8 8]	[8 8]
[8 8]	[8 8]
[8 8]	[8 8]
[8 8]	[8 8]
[8 8]	[8 8]
[8 8]	[8 8]
[8 8]	[8 8]
[8 8]	[8 8]
[8 8]	[8 8]
[8 8]	[8 8]
[8 8]	[8 8]
[8 8]	[8 8]
[8 8]	[8 8]
[8 8]	[8 8]
[8 8]	[8 8]
[8 8]	[8 8]
[8 8]	[8 8]
[8 8]	[8 8]
[8 8]	[8 3]
[8 8]	[3 3]
[8 8]	[3 3]
[8 8]	[3 3]
[8 8]	[3 3]
[8 8]	[3 3]
[8 8]	[3 3]
[8 8]	[3 8]
[8 8]	[8 8]
[8 8]	[8 8]
[8 8]	[8 8]
[8 1]	[8 8]
[1 1]	[8 8]
[1 1]	[8 8]
[1 1]	[8 8]
[1 1]	[8 8]
[1 1]	[8 8]
[1 1]	[8 8]
[1 1]	[8 8]
[1 1]	[8 8]
[1 1]	[8 8]
[1 1]	[8 8]
[1 1]	[8 8]
[1 1]	[8 8]
[1 1]	[8 8]
[1 1]	[8 8]
[1 1]	[8 8]
[1 1]	[8 8]
[1 1]	[8 8]
[1 1]	[8 8]
[1 8]	[8 8]
[8 8]	[8 8]
[8 8]	[8 8]
[8 8]	[8 8]
[8 8]	[ 8 17]
[8 8]	[17 17]
[8 8]	[17 17]
[8 8]	[17 17]
[8 8]	[17 17]
[8 8]	[17 17]
[8 8]	[17 17]
[8 8]	[17 17]
[8 8]	[17 17]
[8 8]	[17 17]
[8 8]	[17 17]
[8 8]	[17 17]
[8 8]	[17 17]
[8 8]	[17 17]
[8 8]	[17 17]
[8 8]	[17 17]
[8 8]	[17 17]
[8 8]	[17 17]
[8 8]	[17 17]
[8 8]	[17 17]
[8 8]	[17 17]
[8 8]	[17 17]
[8 8]	[17 17]
[8 8]	[17 17]
[8 8]	[17 17]
[8 8]	[17 17]
[8 8]	[17 17]
[8 8]	[17 17]
[8 8]	[17 17]
[8 8]	[17 17]
[8 8]	[17 17]
[8 8]	[17 17]
[8 8]	[17 17]
[8 8]	[17 17]
[8 8]	[17 17]
[8 8]	[17 17]
[8 8]	[17 17]
[8 8]	[17 17]
[8 8]	[17 17]
[8 8]	[17 17]
[8 8]	[17 17]
[8 8]	[17 17]
[8 8]	[17 17]
[8 8]	[17 17]
[8 8]	[17 17]
[8 8]	[17 17]
[8 8]	[17 17]
[8 8]	[17 17]
[8 8]	[17 17]
[8 8]	[17 17]
[8 8]	[17 17]
[8 8]	[17 17]
[8 8]	[17 17]
[8 8]	[17 17]
[8 8]	[17 17]
[8 1]	[17 17]
[1 1]	[17 17]
[1 1]	[17 17]
[1 1]	[17 17]
[1 1]	[17 17]
[1 1]	[17 17]
[1 1]	[17 17]
[1 1]	[17 17]
[1 1]	[17 17]
[1 1]	[17 17]
[1 1]	[17 17]
[1 1]	[17 17]
[1 1]	[17 17]
[1 1]	[17 17]
[1 1]	[17 17]
[1 6]	[17 17]
[6 6]	[17 17]
[6 6]	[17 17]
[-1 -1]	[17 17]
[-1 -1]	[17 -1]
[-1 -1]	[-1 -1]
[-1 -1]	[-1 -1]
[-1 -1]	[-1 -1]
[-1 13]	[-1 -1]
[13 13]	[-1 -1]
[13 13]	[-1 -1]
[13 13]	[-1 -1]
[13 13]	[-1 -1]
[13 13]	[-1 -1]
[13 13]	[-1 -1]
[13 13]	[-1 -1]
[13 13]	[-1 -1]
[13 13]	[-1 -1]
[13 13]	[-1  5]
[13 13]	[5 5]
[13 13]	[5 5]
[13 13]	[5 5]
[13 13]	[5 5]
[13 13]	[5 5]
[13 13]	[5 5]
[13 13]	[5 5]
[13 13]	[5 5]
[13 13]	[5 5]
[13 13]	[5 5]
[13 13]	[5 5]
[13 13]	[5 8]
[13 13]	[8 8]
[13 13]	[8 8]
[13 13]	[8 8]
[13 13]	[8 8]
[13 13]	[8 8]
[13 13]	[8 8]
[13 13]	[ 8 13]
[13 13]	[13 13]
[13 13]	[13 13]
[13 13]	[13 13]
[13 13]	[13 13]
[13 13]	[13 13]
[13 13]	[13 13]
[13 13]	[13 13]
[13 13]	[13 13]
[13 13]	[13 13]
[13 13]	[13 13]
[13 13]	[13 13]
[13 13]	[13 13]
[13 13]	[13 13]
[13 13]	[13 13]
[13 13]	[13 13]
[13 13]	[13 13]
[13 13]	[13 13]
[13 13]	[13 13]
[13 13]	[13 13]
[13 13]	[13 13]
[13 13]	[13 13]
[13 13]	[13 13]
[13 13]	[13 13]
[13 13]	[13 13]
[13 13]	[13 13]
[13 13]	[13 13]
[13 13]	[13 13]
[13 13]	[13 13]
[13 13]	[13 13]
[13 13]	[13 13]
[13 13]	[13 13]
[13 13]	[13 13]
[13 13]	[13 13]
[13 13]	[13 13]
[13 13]	[13 18]
[13 13]	[18 18]
[13 13]	[18 18]
[13 13]	[18 18]
[13 13]	[18 18]
[13 13]	[18 18]
[13 13]	[18  8]
[13 13]	[8 8]
[13 13]	[8 8]
[13 13]	[8 8]
[13 13]	[8 8]
[13 13]	[8 8]
[13 13]	[8 8]
[13 13]	[8 8]
[13 13]	[ 8 13]
[13 13]	[13 13]
[13 13]	[13 13]
[13 13]	[13 13]
[13 13]	[13 13]
[13 13]	[13 13]
[13 13]	[13 13]
[13 13]	[13 13]
[13 13]	[13 13]
[13 13]	[13 13]
[13 13]	[13 13]
[13 13]	[13 13]
[13 13]	[13 13]
[13 13]	[13 10]
[13 13]	[10 10]
[13 13]	[10 10]
[13 13]	[10 10]
[13 13]	[10  5]
[13 13]	[5 5]
[13 13]	[5 5]
[13 13]	[5 5]
[13 13]	[5 5]
[13 13]	[5 5]
[13 13]	[5 5]
[13 13]	[5 5]
[13 13]	[5 5]
[13 13]	[5 5]
[13 13]	[5 5]
[13 13]	[5 5]
[13 13]	[5 5]
[13 13]	[5 5]
[13 13]	[5 5]
[13 13]	[5 8]
[13 13]	[8 8]
[13 13]	[8 8]
[13 13]	[8 8]
[13 13]	[8 8]
[13 13]	[8 8]
[13 13]	[8 8]
[13 13]	[ 8 13]
[13 13]	[13 13]
[13 13]	[13 13]
[13 13]	[13 13]
[13 13]	[13 13]
[13 13]	[13 13]
[13 13]	[13 13]
[13 13]	[13 13]
[13 13]	[13 13]
[13 13]	[13 13]
[13 13]	[13 13]
[13 13]	[13 13]
[13 13]	[13 13]
[13 13]	[13 13]
[13 13]	[13 13]
[13 13]	[13 13]
[13 13]	[13 13]
[13 13]	[13 13]
[13 13]	[13 13]
[13 13]	[13 13]
[13 13]	[13 13]
[13 13]	[13 13]
[13 13]	[13 13]
[13 13]	[13 13]
[13 13]	[13  5]
[13 13]	[5 5]
[13 13]	[5 5]
[13 13]	[5 5]
[13 13]	[5 5]
[13 13]	[5 5]
[13 13]	[5 5]
[13 13]	[5 5]
[13 13]	[5 5]
[13 13]	[5 5]
[13 13]	[5 5]
[13 13]	[5 5]
[13 13]	[5 5]
[13 13]	[5 5]
[13 13]	[5 5]
[13 13]	[5 5]
[13 13]	[5 8]
[13 13]	[8 8]
[13 13]	[8 8]
[13 13]	[8 8]
[13 13]	[8 8]
[13 13]	[8 8]
[13 13]	[8 8]
[13 13]	[8 8]
[13 13]	[ 8 13]
[13 13]	[13 13]
[13 13]	[13 13]
[13 13]	[13 13]
[13 13]	[13 13]
[13 13]	[13 13]
[13 13]	[13 13]
[13 13]	[13 13]
[13 13]	[13 13]
[13 13]	[13  5]
[13 13]	[5 5]
[13 13]	[5 5]
[13 13]	[5 5]
[13 13]	[5 5]
[13 13]	[5 5]
[13 13]	[5 5]
[13 13]	[5 5]
[13 13]	[ 5 12]
[13 13]	[12 12]
[13 13]	[12 12]
[13 13]	[12 12]
[13 13]	[12 12]
[13 13]	[12 12]
[13 13]	[12 12]
[13 13]	[12 12]
[13 13]	[12  5]
[13 13]	[ 5 18]
[13 13]	[18 18]
[13 13]	[18 18]
[13 13]	[18 18]
[13 13]	[18 18]
[13 13]	[18 18]
[13 13]	[18 18]
[13 13]	[18 18]
[13 13]	[18  5]
[13 13]	[5 5]
[13 13]	[5 5]
[13 13]	[5 5]
[13 13]	[5 5]
[13 13]	[5 5]
[13 13]	[5 5]
[13 13]	[5 5]
[13 13]	[5 8]
[13 13]	[8 8]
[13 13]	[8 8]
[13 13]	[8 8]
[13 13]	[8 8]
[13 13]	[8 8]
[13 13]	[8 8]
[13 13]	[8 8]
[13 13]	[ 8 13]
[13 13]	[13 13]
[13 13]	[13 13]
[13 13]	[13 13]
[13 13]	[13 13]
[13 13]	[13 13]
[13 13]	[13 13]
[13 13]	[13 13]
[13 13]	[13 13]
[13 13]	[13 13]
[13 13]	[13 13]
[13 13]	[13 13]
[13 13]	[13 13]
[13 13]	[13 13]
[13 13]	[13 13]
[13 13]	[13 13]
[13 13]	[13 13]
[13 13]	[13 13]
[13 13]	[13 13]
[13 13]	[13 13]
[13 13]	[13 13]
[13 13]	[13 13]
[13 13]	[13 13]
[13 13]	[13 13]
[13 13]	[13  5]
[13 13]	[5 5]
[13 13]	[5 5]
[13 13]	[5 5]
[13 13]	[5 5]
[13 13]	[5 5]
[13 13]	[5 5]
[13 13]	[5 5]
[13 13]	[ 5 18]
[13 13]	[18 18]
[13 13]	[18 18]
[13 13]	[18 18]
[13 13]	[18 18]
[13 13]	[18  6]
[13 13]	[6 6]
[13 13]	[6 6]
[13 13]	[6 6]
[13 13]	[ 6 12]
[13 13]	[12 12]
[13 13]	[12 12]
[13 13]	[12  5]
[13 13]	[5 5]
[13 13]	[5 5]
[13 13]	[5 5]
[13 13]	[5 5]
[13 13]	[5 5]
[13 13]	[5 5]
[13 13]	[5 5]
