Accuracy: 0.3472747145660218

n_chords: 2
n_melody: 0
t_prior: 300.0
e_prior: 75.0
dataset: All
keys: minor
filter_train_set: True
filter_val_set: True

~ First 3000 predicted states ~
Predicted	True
[-1 -1]	[-1 -1]
[13 13]	[-1 -1]
[13 13]	[-1 13]
[13 13]	[13 13]
[13 13]	[13 13]
[13 13]	[13 13]
[13 13]	[13 13]
[13 13]	[13 20]
[13 13]	[20 20]
[13 13]	[20 20]
[13 13]	[20 20]
[13 13]	[20 20]
[13 13]	[20 20]
[13 13]	[20 13]
[13 13]	[13 13]
[13 13]	[13 13]
[13 13]	[13 13]
[13 13]	[13 13]
[13 13]	[13 13]
[13 13]	[13 20]
[13 13]	[20 20]
[13 13]	[20 20]
[13 13]	[20 20]
[13 13]	[20 20]
[13 13]	[20 20]
[13 13]	[20 13]
[13 13]	[13 13]
[13 13]	[13 13]
[13 13]	[13 13]
[13 13]	[13 13]
[13 13]	[13 20]
[13 13]	[20 20]
[13 13]	[20 20]
[13 13]	[20 20]
[13 13]	[20 20]
[13 13]	[20 13]
[13 13]	[13 13]
[13 13]	[13 13]
[13 13]	[13  8]
[13 13]	[8 8]
[13 13]	[8 8]
[13 13]	[ 8 13]
[13 13]	[13 13]
[13 13]	[13 13]
[13 13]	[13 13]
[13 13]	[13  5]
[13 13]	[5 5]
[13 13]	[5 5]
[13 13]	[5 5]
[13 13]	[5 5]
[13 13]	[ 5 12]
[13 13]	[12 12]
[13 13]	[12 12]
[13 13]	[12 12]
[13 13]	[12 12]
[13 13]	[12 13]
[13 13]	[13 13]
[13 13]	[13 13]
[13 13]	[13 13]
[13 13]	[13 13]
[13 13]	[13 13]
[13 13]	[13  8]
[13 13]	[8 8]
[13 13]	[8 8]
[13 13]	[8 8]
[13 13]	[ 8 13]
[13 13]	[13 13]
[13 13]	[13 13]
[13 13]	[13  8]
[13 13]	[8 8]
[13 13]	[8 8]
[13 13]	[ 8 13]
[13 13]	[13 13]
[13 13]	[13 13]
[13 13]	[13 13]
[13 13]	[13 18]
[13 13]	[18 18]
[13 13]	[18 13]
[13 13]	[13 13]
[13 13]	[13 13]
[13 13]	[13  8]
[13 13]	[8 8]
[13 13]	[8 8]
[13 13]	[ 8 13]
[-1 -1]	[13 13]
[13 13]	[13 13]
[13 13]	[13 13]
[13 13]	[13 13]
[13 13]	[13 13]
[13 13]	[13  8]
[13 13]	[8 8]
[13 13]	[8 8]
[13 13]	[8 8]
[13 13]	[8 8]
[13 13]	[8 8]
[13 13]	[8 8]
[13 13]	[8 8]
[13 13]	[8 8]
[13 13]	[ 8 13]
[13 13]	[13 13]
[13 13]	[13 13]
[13 13]	[13 13]
[13 13]	[13 13]
[13 13]	[13 13]
[13 13]	[13 13]
[13 13]	[13 13]
[13 13]	[13 13]
[13 13]	[13  8]
[13 13]	[8 8]
[13 13]	[8 8]
[13 13]	[8 8]
[13 13]	[8 8]
[13 13]	[8 8]
[13 13]	[8 8]
[13 13]	[8 8]
[13 13]	[8 8]
[13 13]	[ 8 13]
[13 13]	[13 13]
[13 13]	[13 13]
[13 13]	[13  3]
[13 13]	[3 3]
[13 13]	[3 3]
[13 13]	[3 3]
[13 13]	[3 3]
[13 13]	[3 3]
[13 13]	[3 8]
[13 13]	[8 8]
[13 13]	[8 8]
[13 13]	[8 8]
[13 13]	[8 8]
[13 13]	[8 8]
[13 13]	[8 8]
[13 13]	[8 8]
[13 13]	[8 8]
[13 13]	[8 8]
[13 13]	[8 8]
[13 13]	[ 8 13]
[13 13]	[13 13]
[13 13]	[13 13]
[13 13]	[13 13]
[13 13]	[13 13]
[13 13]	[13 13]
[13 13]	[13 13]
[13 13]	[13 13]
[13 13]	[13 13]
[13 13]	[13 13]
[13 13]	[13 13]
[13 13]	[13  8]
[13 13]	[8 8]
[13 13]	[8 8]
[13 13]	[8 8]
[13 13]	[8 8]
[13 13]	[8 8]
[13 13]	[8 8]
[13 13]	[8 8]
[13 13]	[8 8]
[13 13]	[ 8 13]
[13 13]	[13 13]
[13 13]	[13  5]
[13 13]	[5 5]
[13 13]	[5 5]
[13 13]	[5 5]
[13 13]	[5 1]
[13 13]	[1 1]
[13 13]	[1 1]
[13 13]	[1 1]
[13 13]	[ 1 18]
[13 13]	[18 18]
[13 13]	[18 18]
[13 13]	[18 18]
[13 13]	[18 18]
[13 13]	[18 18]
[13 13]	[18 18]
[13 13]	[18 18]
[13 13]	[18  8]
[13 13]	[8 8]
[13 13]	[8 8]
[13 13]	[8 8]
[13 13]	[8 8]
[13 13]	[8 8]
[13 13]	[8 8]
[13 13]	[8 8]
[13 13]	[8 8]
[13 13]	[ 8 13]
[13 13]	[13 13]
[13 13]	[13 13]
[13 13]	[13 13]
[13 13]	[13 13]
[13 13]	[13 13]
[13 13]	[13 13]
[13 13]	[13 13]
[13 13]	[13 13]
[13 13]	[13 13]
[13 13]	[13 13]
[13 13]	[13 13]
[13 13]	[13  6]
[13 13]	[6 6]
[13 13]	[6 6]
[13 13]	[6 6]
[13 13]	[6 6]
[13 13]	[6 6]
[13 13]	[6 6]
[13 13]	[6 6]
[13 13]	[6 6]
[13 13]	[6 6]
[13 13]	[6 6]
[13 13]	[6 6]
[13 13]	[6 6]
[13 13]	[6 6]
[13 13]	[6 6]
[13 13]	[6 6]
[13 13]	[6 8]
[13 13]	[8 8]
[13 13]	[8 8]
[13 13]	[8 8]
[13 13]	[8 8]
[13 13]	[8 8]
[13 13]	[8 8]
[13 13]	[8 8]
[13 13]	[8 8]
[13 13]	[8 8]
[13 13]	[8 8]
[13 13]	[8 8]
[13 13]	[8 8]
[13 13]	[8 8]
[13 13]	[8 8]
[13 13]	[8 8]
[13 13]	[8 8]
[13 13]	[8 8]
[13 13]	[8 8]
[13 13]	[8 8]
[13 13]	[8 8]
[13 13]	[8 8]
[13 13]	[8 8]
[13 13]	[ 8 13]
[13 13]	[13 13]
[13 13]	[13 13]
[13 13]	[13 13]
[13 13]	[13 13]
[13 13]	[13 13]
[13 13]	[13 13]
[13 13]	[13 13]
[13 13]	[13 13]
[13 13]	[13 13]
[13 13]	[13 13]
[13 13]	[13 13]
[13 13]	[13 13]
[13 13]	[13 13]
[13 13]	[13 13]
[13 13]	[13 13]
[13 13]	[13 13]
[13 13]	[13 13]
[13 13]	[13 13]
[13 13]	[13 13]
[13 13]	[13 13]
[13 13]	[13 13]
[13 13]	[13  1]
[13 13]	[1 1]
[13 13]	[ 1 18]
[13 13]	[18 18]
[13 13]	[18 18]
[13 13]	[18 18]
[13 13]	[18 18]
[13 13]	[18 18]
[13 13]	[18 18]
[13 13]	[18 18]
[13 13]	[18 18]
[13 13]	[18 18]
[13 13]	[18 13]
[13 13]	[13 13]
[13 13]	[13 13]
[13 13]	[13 13]
[13 13]	[13 13]
[13 13]	[13 13]
[13 13]	[13 13]
[13 13]	[13  8]
[13 13]	[8 8]
[13 13]	[8 8]
[13 13]	[8 8]
[13 13]	[8 8]
[13 13]	[8 8]
[-1 -1]	[ 8 13]
[13 13]	[13 -1]
[13 13]	[-1 -1]
[13 13]	[-1 -1]
[13 13]	[-1 -1]
[13 13]	[-1 -1]
[13 13]	[-1 -1]
[13 13]	[-1 -1]
[13 13]	[-1 -1]
[13 13]	[-1 -1]
[13 13]	[-1 -1]
[13 13]	[-1 -1]
[13 13]	[-1 -1]
[13 13]	[-1 -1]
[13 13]	[-1 -1]
[13 13]	[-1  5]
[13 13]	[5 5]
[13 13]	[5 5]
[13 13]	[5 5]
[13 13]	[5 5]
[13 13]	[5 5]
[13 13]	[5 5]
[13 13]	[5 5]
[13 13]	[5 5]
[13 13]	[5 5]
[13 13]	[5 5]
[13 13]	[5 5]
[13 13]	[5 8]
[13 13]	[8 8]
[13 13]	[8 8]
[13 13]	[8 8]
[13 13]	[8 8]
[13 13]	[8 8]
[13 13]	[8 8]
[13 13]	[ 8 13]
[13 13]	[13 13]
[13 13]	[13 13]
[13 13]	[13 13]
[13 13]	[13 13]
[13 13]	[13 13]
[13 13]	[13 13]
[13 13]	[13 13]
[13 13]	[13 13]
[13 13]	[13 13]
[13 13]	[13 13]
[13 13]	[13 13]
[13 13]	[13 13]
[13 13]	[13 13]
[13 13]	[13 13]
[13 13]	[13 13]
[13 13]	[13 13]
[13 13]	[13 13]
[13 13]	[13 13]
[13 13]	[13 13]
[13 13]	[13 13]
[13 13]	[13 13]
[13 13]	[13 13]
[13 13]	[13 13]
[13 13]	[13 13]
[13 13]	[13 13]
[13 13]	[13 13]
[13 13]	[13 13]
[13 13]	[13 13]
[13 13]	[13 13]
[13 13]	[13 13]
[13 13]	[13 13]
[13 13]	[13 13]
[13 13]	[13 13]
[13 13]	[13 13]
[13 13]	[13 18]
[13 13]	[18 18]
[13 13]	[18 18]
[13 13]	[18 18]
[13 13]	[18 18]
[13 13]	[18 18]
[13 13]	[18  8]
[13 13]	[8 8]
[13 13]	[8 8]
[13 13]	[8 8]
[13 13]	[8 8]
[13 13]	[8 8]
[13 13]	[8 8]
[13 13]	[8 8]
[13 13]	[ 8 13]
[13 13]	[13 13]
[13 13]	[13 13]
[13 13]	[13 13]
[13 13]	[13 13]
[13 13]	[13 13]
[13 13]	[13 13]
[13 13]	[13 13]
[13 13]	[13 13]
[13 13]	[13 13]
[13 13]	[13 13]
[13 13]	[13 13]
[13 13]	[13 13]
[13 13]	[13 10]
[13 13]	[10 10]
[13 13]	[10 10]
[13 13]	[10 10]
[13 13]	[10  5]
[13 13]	[5 5]
[13 13]	[5 5]
[13 13]	[5 5]
[13 13]	[5 5]
[13 13]	[5 5]
[13 13]	[5 5]
[13 13]	[5 5]
[13 13]	[5 5]
[13 13]	[5 5]
[13 13]	[5 5]
[13 13]	[5 5]
[13 13]	[5 5]
[13 13]	[5 5]
[13 13]	[5 5]
[13 13]	[5 8]
[13 13]	[8 8]
[13 13]	[8 8]
[13 13]	[8 8]
[13 13]	[8 8]
[13 13]	[8 8]
[13 13]	[8 8]
[13 13]	[ 8 13]
[13 13]	[13 13]
[13 13]	[13 13]
[13 13]	[13 13]
[13 13]	[13 13]
[13 13]	[13 13]
[13 13]	[13 13]
[13 13]	[13 13]
[13 13]	[13 13]
[13 13]	[13 13]
[13 13]	[13 13]
[13 13]	[13 13]
[13 13]	[13 13]
[13 13]	[13 13]
[13 13]	[13 13]
[13 13]	[13 13]
[13 13]	[13 13]
[13 13]	[13 13]
[13 13]	[13 13]
[13 13]	[13 13]
[13 13]	[13 13]
[13 13]	[13 13]
[13 13]	[13 13]
[13 13]	[13 13]
[13 13]	[13  5]
[13 13]	[5 5]
[13 13]	[5 5]
[13 13]	[5 5]
[13 13]	[5 5]
[13 13]	[5 5]
[13 13]	[5 5]
[13 13]	[5 5]
[13 13]	[5 5]
[13 13]	[5 5]
[13 13]	[5 5]
[13 13]	[5 5]
[13 13]	[5 5]
[13 13]	[5 5]
[13 13]	[5 5]
[13 13]	[5 5]
[13 13]	[5 8]
[13 13]	[8 8]
[13 13]	[8 8]
[13 13]	[8 8]
[13 13]	[8 8]
[13 13]	[8 8]
[13 13]	[8 8]
[13 13]	[8 8]
[13 13]	[ 8 13]
[13 13]	[13 13]
[13 13]	[13 13]
[13 13]	[13 13]
[13 13]	[13 13]
[13 13]	[13 13]
[13 13]	[13 13]
[13 13]	[13 13]
[13 13]	[13 13]
[13 13]	[13  5]
[13 13]	[5 5]
[13 13]	[5 5]
[13 13]	[5 5]
[13 13]	[5 5]
[13 13]	[5 5]
[13 13]	[5 5]
[13 13]	[5 5]
[13 13]	[ 5 12]
[13 13]	[12 12]
[13 13]	[12 12]
[13 13]	[12 12]
[13 13]	[12 12]
[13 13]	[12 12]
[13 13]	[12 12]
[13 13]	[12 12]
[13 13]	[12  5]
[13 13]	[ 5 18]
[13 13]	[18 18]
[13 13]	[18 18]
[13 13]	[18 18]
[13 13]	[18 18]
[13 13]	[18 18]
[13 13]	[18 18]
[13 13]	[18 18]
[13 13]	[18  5]
[13 13]	[5 5]
[13 13]	[5 5]
[13 13]	[5 5]
[13 13]	[5 5]
[13 13]	[5 5]
[13 13]	[5 5]
[13 13]	[5 5]
[13 13]	[5 8]
[13 13]	[8 8]
[13 13]	[8 8]
[13 13]	[8 8]
[13 13]	[8 8]
[13 13]	[8 8]
[13 13]	[8 8]
[13 13]	[8 8]
[13 13]	[ 8 13]
[13 13]	[13 13]
[13 13]	[13 13]
[13 13]	[13 13]
[13 13]	[13 13]
[13 13]	[13 13]
[13 13]	[13 13]
[13 13]	[13 13]
[13 13]	[13 13]
[13 13]	[13 13]
[13 13]	[13 13]
[13 13]	[13 13]
[13 13]	[13 13]
[13 13]	[13 13]
[13 13]	[13 13]
[13 13]	[13 13]
[13 13]	[13 13]
[13 13]	[13 13]
[13 13]	[13 13]
[13 13]	[13 13]
[13 13]	[13 13]
[13 13]	[13 13]
[13 13]	[13 13]
[13 13]	[13 13]
[13 13]	[13  5]
[13 13]	[5 5]
[13 13]	[5 5]
[13 13]	[5 5]
[13 13]	[5 5]
[13 13]	[5 5]
[13 13]	[5 5]
[13 13]	[5 5]
[13 13]	[ 5 18]
[13 13]	[18 18]
[13 13]	[18 18]
[13 13]	[18 18]
[13 13]	[18 18]
[13 13]	[18  6]
[13 13]	[6 6]
[13 13]	[6 6]
[13 13]	[6 6]
[13 13]	[ 6 12]
[13 13]	[12 12]
[13 13]	[12 12]
[13 13]	[12  5]
[13 13]	[5 5]
[13 13]	[5 5]
[13 13]	[5 5]
[13 13]	[5 5]
[13 13]	[5 5]
[13 13]	[5 5]
[13 13]	[5 5]
[13 13]	[5 5]
[13 13]	[5 5]
[13 13]	[5 5]
[13 13]	[ 5 18]
[13 13]	[18 18]
[13 13]	[18 18]
[13 13]	[18 18]
[13 13]	[18 18]
[13 13]	[18  8]
[13 13]	[8 8]
[13 13]	[8 8]
[13 13]	[8 8]
[13 13]	[8 8]
[13 13]	[8 8]
[13 13]	[8 8]
[-1 -1]	[8 8]
[13 13]	[ 8 13]
[13 13]	[13 13]
[13 13]	[13 13]
[13 13]	[13 13]
[13 13]	[13 13]
[13 13]	[13 13]
[13 13]	[13 13]
[13 13]	[13 13]
[13 13]	[13 12]
[13 13]	[12 12]
[13 13]	[12 12]
[13 13]	[12 13]
[13 13]	[13 13]
[13 13]	[13 13]
[13 13]	[13 13]
[13 13]	[13 13]
[13 13]	[13 10]
[13 13]	[10 10]
[13 13]	[10 10]
[13 13]	[10 12]
[13 13]	[12 12]
[13 13]	[12 12]
[13 13]	[12 13]
[13 13]	[13 13]
[13 13]	[13 13]
[13 13]	[13 13]
[13 13]	[13 13]
[13 13]	[13 13]
[13 13]	[13 13]
[13 13]	[13 13]
[13 13]	[13 12]
[13 13]	[12 12]
[13 13]	[12 12]
[13 13]	[12 13]
[13 13]	[13 13]
[13 13]	[13 12]
[13 13]	[12 12]
[13 13]	[12 12]
[13 13]	[12 20]
[13 13]	[20 20]
[13 13]	[20 20]
[13 13]	[20 13]
[13 13]	[13 13]
[13 13]	[13 13]
[13 13]	[13 13]
[13 13]	[13 13]
[13 13]	[13 13]
[13 13]	[13 13]
[13 13]	[13 13]
[13 13]	[13 13]
[13 13]	[13 13]
[13 13]	[13 13]
[13 13]	[13 13]
[13 13]	[13 13]
[13 13]	[13 12]
[13 13]	[12 12]
[13 13]	[12 12]
[13 13]	[12 12]
[13 13]	[12 12]
[13 13]	[12 12]
[13 13]	[12 12]
[13 13]	[12 12]
[13 13]	[12 12]
[13 13]	[12 12]
[13 13]	[12 13]
[13 13]	[13 13]
[13 13]	[13 13]
[13 13]	[13 13]
[13 13]	[13 13]
[13 13]	[13 13]
[13 13]	[13 13]
[13 13]	[13 13]
[13 13]	[13 13]
[13 13]	[13 13]
[13 13]	[13 13]
[13 13]	[13 13]
[13 13]	[13 12]
[13 13]	[12 12]
[13 13]	[12 12]
[13 13]	[12 12]
[13 13]	[12 12]
[13 13]	[12 12]
[13 13]	[12 20]
[13 13]	[20 20]
[13 13]	[20 20]
[13 13]	[20 13]
[13 13]	[13 13]
[13 13]	[13 13]
[13 13]	[13 13]
[13 13]	[13 13]
[13 13]	[13 13]
[13 13]	[13 13]
[13 13]	[13 13]
[13 13]	[13 13]
[13 13]	[13 13]
[13 13]	[13 13]
[13 13]	[13 13]
[13 13]	[13 13]
[13 13]	[13 20]
[13 13]	[20 20]
[13 13]	[20 20]
[13 13]	[20 20]
[13 13]	[20 20]
[13 13]	[20 20]
[13 13]	[20 20]
[13 13]	[20 20]
[13 13]	[20 20]
[-1 -1]	[20 13]
[13 13]	[13  6]
[13 13]	[6 6]
[13 13]	[6 6]
[13 13]	[6 6]
[13 13]	[6 6]
[13 13]	[6 6]
[13 13]	[6 6]
[13 13]	[6 6]
[13 13]	[6 6]
[13 13]	[6 6]
[13 13]	[6 5]
[13 13]	[5 5]
[13 13]	[5 5]
[13 13]	[5 5]
[13 13]	[5 5]
[13 13]	[5 5]
[13 13]	[ 5 10]
[13 13]	[10 10]
[13 13]	[10 10]
[13 13]	[10 12]
[13 13]	[12 12]
[13 13]	[12 12]
[13 13]	[12 12]
[13 13]	[12 12]
[13 13]	[12 12]
[13 13]	[12  6]
[13 13]	[6 6]
[13 13]	[6 6]
[13 13]	[6 6]
[13 13]	[6 5]
[13 13]	[5 5]
[13 13]	[5 5]
[13 13]	[5 5]
[13 13]	[5 5]
[13 13]	[5 5]
[13 13]	[5 5]
[13 13]	[5 5]
[13 13]	[5 5]
[13 13]	[5 5]
[13 13]	[5 6]
[13 13]	[6 6]
[13 13]	[6 6]
[13 13]	[6 6]
[13 13]	[6 6]
[13 13]	[6 6]
[13 13]	[6 6]
[13 13]	[6 6]
[13 13]	[6 6]
[13 13]	[6 6]
[13 13]	[6 6]
[13 13]	[6 6]
[13 13]	[6 6]
[13 13]	[6 5]
[13 13]	[5 5]
[13 13]	[5 5]
[13 13]	[5 5]
[13 13]	[5 5]
[13 13]	[5 5]
[13 13]	[ 5 10]
[13 13]	[10 10]
[13 13]	[10 10]
[13 13]	[10  6]
[13 13]	[6 6]
[13 13]	[6 6]
[13 13]	[6 6]
[13 13]	[6 6]
[13 13]	[6 6]
[13 13]	[6 6]
[13 13]	[6 6]
[13 13]	[6 6]
[13 13]	[6 6]
[13 13]	[6 5]
[13 13]	[5 5]
[13 13]	[5 5]
[13 13]	[5 5]
[13 13]	[5 5]
[13 13]	[5 5]
[13 13]	[5 5]
[13 13]	[5 5]
[13 13]	[5 5]
[13 13]	[5 5]
[13 13]	[5 6]
[13 13]	[6 6]
[13 13]	[6 6]
[13 13]	[6 6]
[13 13]	[6 6]
[13 13]	[6 6]
[13 13]	[6 6]
[13 13]	[6 6]
[13 13]	[6 6]
[13 13]	[6 6]
[13 13]	[6 5]
[13 13]	[5 5]
[13 13]	[5 5]
[13 13]	[5 6]
[13 13]	[6 6]
[13 13]	[6 6]
[13 13]	[6 6]
[13 13]	[6 6]
[13 13]	[6 6]
[13 13]	[6 6]
[13 13]	[6 6]
[13 13]	[6 6]
[13 13]	[ 6 10]
[13 13]	[10 10]
[13 13]	[10 12]
[13 13]	[12 12]
[13 13]	[12 12]
[13 13]	[12 12]
[13 13]	[12 12]
[13 13]	[12 12]
[13 13]	[12 12]
[13 13]	[12 12]
[13 13]	[12  6]
[13 13]	[6 6]
[13 13]	[6 6]
[13 13]	[6 6]
[13 13]	[6 6]
[13 13]	[6 6]
[13 13]	[6 6]
[13 13]	[6 6]
[13 13]	[6 6]
[13 13]	[6 6]
[13 13]	[6 6]
[13 13]	[6 6]
[13 13]	[6 6]
[13 13]	[6 6]
[13 13]	[6 6]
[13 13]	[6 6]
[13 13]	[6 6]
[13 13]	[6 6]
[13 13]	[6 6]
[13 13]	[6 6]
[13 13]	[6 6]
[13 13]	[6 6]
[13 13]	[6 6]
[13 13]	[6 6]
[13 13]	[6 6]
[13 13]	[6 6]
[13 13]	[6 6]
[13 13]	[6 6]
[13 13]	[6 6]
[13 13]	[6 6]
[13 13]	[6 6]
[13 13]	[6 6]
[13 13]	[6 6]
[13 13]	[6 6]
[13 13]	[6 6]
[13 13]	[6 6]
[13 13]	[6 6]
[13 13]	[6 6]
[13 13]	[6 6]
[13 13]	[6 6]
[13 13]	[6 6]
[13 13]	[6 6]
[13 13]	[6 6]
[13 13]	[6 6]
[13 13]	[6 6]
[13 13]	[6 6]
[13 13]	[6 6]
[13 13]	[6 6]
[13 13]	[6 6]
[13 13]	[6 6]
[13 13]	[6 6]
[13 13]	[6 6]
[13 13]	[6 6]
[13 13]	[6 6]
[13 13]	[6 5]
[13 13]	[5 5]
[13 13]	[5 5]
[13 13]	[5 5]
[13 13]	[5 5]
[13 13]	[5 5]
[13 13]	[5 5]
[13 13]	[5 5]
[13 13]	[5 5]
[13 13]	[5 5]
[13 13]	[5 6]
[13 13]	[6 6]
[13 13]	[6 6]
[13 13]	[6 6]
[13 13]	[6 6]
[13 13]	[6 6]
[13 13]	[6 6]
[13 13]	[6 6]
[13 13]	[6 6]
[13 13]	[6 6]
[13 13]	[6 6]
[13 13]	[6 6]
[13 13]	[6 6]
[13 13]	[6 6]
[13 13]	[6 6]
[13 13]	[6 6]
[13 13]	[6 6]
[13 13]	[6 6]
[13 13]	[6 6]
[13 13]	[6 6]
[13 13]	[6 6]
[13 13]	[6 6]
[13 13]	[6 6]
[13 13]	[6 6]
[13 13]	[6 6]
[13 13]	[6 6]
[13 13]	[6 6]
[13 13]	[6 6]
[13 13]	[6 6]
[13 13]	[6 6]
[13 13]	[6 6]
[13 13]	[6 6]
[13 13]	[6 6]
[13 13]	[6 6]
[13 13]	[6 6]
[13 13]	[6 6]
[13 13]	[6 6]
[13 13]	[6 6]
[13 13]	[6 6]
[13 13]	[6 6]
[13 13]	[6 6]
[13 13]	[6 6]
[13 13]	[6 6]
[13 13]	[6 6]
[13 13]	[6 6]
[13 13]	[6 6]
[13 13]	[6 6]
[13 13]	[6 6]
[13 13]	[6 6]
[13 13]	[6 6]
[13 13]	[6 6]
[13 13]	[6 6]
[13 13]	[6 6]
[13 13]	[6 6]
[13 13]	[6 6]
[13 13]	[6 6]
[-1 -1]	[6 6]
[13 13]	[ 6 -1]
[13 13]	[-1 -1]
[13 13]	[-1 -1]
[13 13]	[-1 13]
[13 13]	[13 13]
[13 13]	[13 13]
[13 13]	[13  8]
[13 13]	[8 8]
[13 13]	[ 8 13]
[13 13]	[13 13]
[13 13]	[13 13]
[13 13]	[13 18]
[13 13]	[18 18]
[13 13]	[18 12]
[13 13]	[12 12]
[13 13]	[12 12]
[13 13]	[12 12]
[13 13]	[12 12]
[13 13]	[12  8]
[13 13]	[8 8]
[13 13]	[ 8 13]
[13 13]	[13 13]
[13 13]	[13  8]
[13 13]	[8 8]
[13 13]	[ 8 10]
[13 13]	[10 10]
[13 13]	[10 13]
[13 13]	[13 13]
[13 13]	[13 13]
[13 13]	[13 13]
[13 13]	[13 13]
[13 13]	[13 18]
[13 13]	[18 18]
[13 13]	[18 18]
[13 13]	[18  8]
[-1 -1]	[8 8]
[13 13]	[ 8 -1]
[13 13]	[-1 13]
[13 13]	[13 13]
[13 13]	[13 13]
[13 13]	[13  8]
[13 13]	[8 8]
[13 13]	[8 8]
[13 13]	[8 8]
[13 13]	[8 8]
[13 13]	[ 8 13]
[13 13]	[13 13]
[13 13]	[13 13]
[13 13]	[13 13]
[13 13]	[13 13]
[13 13]	[13  8]
[13 13]	[8 8]
[13 13]	[ 8 13]
[13 13]	[13  8]
[13 13]	[8 8]
[13 13]	[8 8]
[13 13]	[8 8]
[13 13]	[8 8]
[13 13]	[8 8]
[13 13]	[8 8]
[13 13]	[ 8 13]
[13 13]	[13 13]
[13 13]	[13 13]
[13 13]	[13  8]
[13 13]	[8 8]
[13 13]	[8 8]
[13 13]	[8 8]
[13 13]	[8 8]
[13 13]	[8 8]
[13 13]	[8 8]
[13 13]	[ 8 13]
[13 13]	[13 13]
[13 13]	[13 13]
[13 13]	[13  8]
[13 13]	[8 8]
[13 13]	[ 8 13]
[13 13]	[13 13]
[13 13]	[13 13]
[13 13]	[13 13]
[13 13]	[13  8]
[13 13]	[8 8]
[-1 -1]	[8 8]
[13 13]	[ 8 -1]
[13 13]	[-1 -1]
[13 13]	[-1 13]
[13 13]	[13 13]
[13 13]	[13 13]
[13 13]	[13 13]
[13 13]	[13 13]
[13 13]	[13 13]
[13 13]	[13 13]
[13 13]	[13 13]
[13 13]	[13 10]
[13 13]	[10 10]
[13 13]	[10 10]
[13 13]	[10 10]
[13 13]	[10 10]
[13 13]	[10 10]
[13 13]	[10 10]
[13 13]	[10 10]
[13 13]	[10 12]
[13 13]	[12 12]
[13 13]	[12 12]
[13 13]	[12 12]
[13 13]	[12 12]
[13 13]	[12 12]
[13 13]	[12 12]
[13 13]	[12 12]
[13 13]	[12 12]
[13 13]	[12 12]
[13 13]	[12 12]
[13 13]	[12 12]
[13 13]	[12 12]
[13 13]	[12 12]
[13 13]	[12 12]
[13 13]	[12 12]
[13 13]	[12 13]
[13 13]	[13 13]
[13 13]	[13 13]
[13 13]	[13 13]
[13 13]	[13 13]
[13 13]	[13 13]
[13 13]	[13 13]
[13 13]	[13 13]
[13 13]	[13 10]
[13 13]	[10 10]
[13 13]	[10 10]
[13 13]	[10 10]
[13 13]	[10 10]
[13 13]	[10 10]
[13 13]	[10 10]
[13 13]	[10 10]
[13 13]	[10 12]
[13 13]	[12 12]
[13 13]	[12 12]
[13 13]	[12 12]
[13 13]	[12 12]
[13 13]	[12 12]
[13 13]	[12 12]
[13 13]	[12 12]
[13 13]	[12 12]
[13 13]	[12 12]
[13 13]	[12 12]
[13 13]	[12 12]
[13 13]	[12 13]
[13 13]	[13 13]
[13 13]	[13 13]
[13 13]	[13 13]
[13 13]	[13 13]
[13 13]	[13 13]
[13 13]	[13 13]
[13 13]	[13 13]
[13 13]	[13 13]
[13 13]	[13 13]
[13 13]	[13 13]
[13 13]	[13 13]
[13 13]	[13 13]
[13 13]	[13 13]
[13 13]	[13 13]
[13 13]	[13 13]
[13 13]	[13 13]
[13 13]	[13 13]
[13 13]	[13 13]
[13 13]	[13 12]
[13 13]	[12 12]
[13 13]	[12 12]
[13 13]	[12 12]
[13 13]	[12 12]
[13 13]	[12 12]
[13 13]	[12 12]
[13 13]	[12 12]
[13 13]	[12 12]
[13 13]	[12 12]
[13 13]	[12 12]
[13 13]	[12 12]
[13 13]	[12 12]
[13 13]	[12 12]
[13 13]	[12 12]
[13 13]	[12 12]
[13 13]	[12 13]
[13 13]	[13 13]
[13 13]	[13 13]
[13 13]	[13 13]
[13 13]	[13 13]
[13 13]	[13 13]
[13 13]	[13 13]
[13 13]	[13 13]
[13 13]	[13 13]
[13 13]	[13 13]
[13 13]	[13 13]
[13 13]	[13 13]
[13 13]	[13 13]
[13 13]	[13 13]
[13 13]	[13 13]
[13 13]	[13 13]
[13 13]	[13 12]
[13 13]	[12 12]
[13 13]	[12 12]
[13 13]	[12 12]
[13 13]	[12 12]
[13 13]	[12 12]
[13 13]	[12 12]
[13 13]	[12 12]
[13 13]	[12 13]
[13 13]	[13 13]
[13 13]	[13 13]
[-1 -1]	[13 13]
[-1 13]	[13 -1]
[13 13]	[-1 -1]
[13 13]	[-1 -1]
[13 13]	[-1 13]
[13 13]	[13 13]
[13 13]	[13 13]
[13 13]	[13 13]
[13 13]	[13 13]
[13 13]	[13 13]
[13 13]	[13  8]
[13 13]	[8 8]
[13 13]	[8 8]
[13 13]	[8 8]
[13 13]	[8 8]
[13 13]	[8 8]
[13 13]	[8 8]
[13 13]	[8 8]
[13 13]	[8 8]
[13 13]	[8 8]
[13 13]	[8 8]
[13 13]	[8 8]
[13 13]	[8 8]
[13 13]	[8 8]
[13 13]	[ 8 13]
[13 13]	[13 13]
[13 13]	[13 13]
[13 13]	[13 13]
[13 13]	[13 13]
[13 13]	[13 13]
[13 13]	[13 18]
[13 13]	[18 18]
[13 13]	[18 18]
[13 13]	[18 18]
[13 13]	[18 18]
[13 13]	[18 18]
[13 13]	[18 13]
[13 13]	[13 13]
[13 13]	[13 13]
[13 13]	[13 13]
[13 13]	[13 13]
[13 13]	[13 13]
[13 13]	[13  3]
[13 13]	[3 3]
[13 13]	[3 3]
[13 13]	[3 3]
[13 13]	[3 3]
[13 13]	[3 3]
[13 13]	[3 8]
[13 13]	[8 8]
[13 13]	[8 8]
[13 13]	[8 8]
[13 13]	[8 8]
[13 13]	[ 8 13]
[13 13]	[13 13]
[13 13]	[13 13]
[13 13]	[13 13]
[13 13]	[13 13]
[13 13]	[13 13]
[13 13]	[13  8]
[13 13]	[8 8]
[13 13]	[8 8]
[13 13]	[8 8]
[13 13]	[8 8]
[13 13]	[8 8]
[13 13]	[8 8]
[13 13]	[8 8]
[13 13]	[8 8]
[13 13]	[8 8]
[13 13]	[8 8]
[13 13]	[8 8]
[13 13]	[8 8]
[13 13]	[8 8]
[13 13]	[ 8 13]
[13 13]	[13 13]
[13 13]	[13 13]
[13 13]	[13 13]
[13 13]	[13 13]
[13 13]	[13 13]
[13 13]	[13 18]
[13 13]	[18 18]
[13 13]	[18 18]
[13 13]	[18 18]
[13 13]	[18 18]
[13 13]	[18 18]
[13 13]	[18 18]
[13 13]	[18 18]
[13 13]	[18 13]
[13 13]	[13 13]
[13 13]	[13 13]
[13 13]	[13 13]
[13 13]	[13 13]
[13 13]	[13 13]
[13 13]	[13 13]
[13 13]	[13 13]
[13 13]	[13 13]
[13 13]	[13  8]
[13 13]	[8 8]
[13 13]	[8 8]
[13 13]	[8 8]
[13 13]	[8 8]
[13 13]	[8 8]
[13 13]	[8 8]
[13 13]	[8 8]
[13 13]	[ 8 13]
[13 13]	[13 13]
[13 13]	[13 13]
[13 13]	[13 13]
[13 13]	[13 13]
[13 13]	[13  5]
[13 13]	[5 5]
[13 13]	[5 5]
[13 13]	[5 5]
[13 13]	[5 5]
[13 13]	[5 5]
[13 13]	[ 5 18]
[13 13]	[18 18]
[13 13]	[18 18]
[13 13]	[18 18]
[13 13]	[18 18]
[13 13]	[18 12]
[13 13]	[12 12]
[13 13]	[12 12]
[13 13]	[12 12]
[13 13]	[12 12]
[13 13]	[12 12]
[13 13]	[12 12]
[13 13]	[12 12]
[13 13]	[12  5]
[13 13]	[5 5]
[13 13]	[5 5]
[13 13]	[5 5]
[13 13]	[5 5]
[13 13]	[5 5]
[13 13]	[5 5]
[13 13]	[5 5]
[13 13]	[5 5]
[13 13]	[5 5]
[13 13]	[5 5]
[13 13]	[5 5]
[13 13]	[5 5]
[13 13]	[ 5 18]
[13 13]	[18 18]
[13 13]	[18 18]
[13 13]	[18 18]
[13 13]	[18 18]
[13 13]	[18 12]
[13 13]	[12 12]
[13 13]	[12 12]
[13 13]	[12 12]
[13 13]	[12 12]
[13 13]	[12 12]
[13 13]	[12  5]
[13 13]	[5 5]
[13 13]	[5 5]
[13 13]	[5 5]
[13 13]	[5 5]
[13 13]	[5 5]
[13 13]	[5 5]
[13 13]	[5 5]
[13 13]	[5 5]
[13 13]	[5 5]
[13 13]	[5 5]
[13 13]	[5 5]
[13 13]	[5 5]
[13 13]	[ 5 18]
[13 13]	[18 18]
[13 13]	[18 18]
[13 13]	[18 18]
[13 13]	[18 18]
[13 13]	[18 18]
[13 13]	[18 18]
[13 13]	[18 18]
[13 13]	[18 18]
[13 13]	[18 12]
[13 13]	[12 12]
[13 13]	[12 12]
[13 13]	[12 12]
[13 13]	[12 12]
[13 13]	[12 12]
[13 13]	[12 12]
[13 13]	[12 12]
[13 13]	[12  5]
[13 13]	[5 5]
[13 13]	[5 5]
[13 13]	[5 5]
[13 13]	[5 5]
[13 13]	[5 5]
[13 13]	[5 5]
[13 13]	[ 5 10]
[13 13]	[10 10]
[13 13]	[10 10]
[13 13]	[10 10]
[13 13]	[10 23]
[13 13]	[23 23]
[13 13]	[23 23]
[13 13]	[23 23]
[13 13]	[23  5]
[13 13]	[5 5]
[13 13]	[5 5]
[13 13]	[5 5]
[13 13]	[5 1]
[13 13]	[1 1]
[13 13]	[1 1]
[13 13]	[1 1]
[13 13]	[ 1 18]
[13 13]	[18 18]
[13 13]	[18 18]
[13 13]	[18 18]
[13 13]	[18 12]
[13 13]	[12 12]
[13 13]	[12 12]
[13 13]	[12 12]
[13 13]	[12  5]
[13 13]	[5 5]
[13 13]	[5 5]
[13 13]	[5 5]
[13 13]	[5 5]
[13 13]	[5 1]
[13 13]	[1 1]
[13 13]	[1 1]
[13 13]	[1 1]
[13 13]	[1 1]
[13 13]	[1 1]
[13 13]	[1 1]
[13 13]	[1 1]
[13 13]	[1 1]
[13 13]	[1 1]
[13 13]	[1 1]
[13 13]	[1 1]
[13 13]	[1 1]
[13 13]	[1 1]
[13 13]	[1 1]
[13 13]	[1 1]
[13 13]	[1 1]
[13 13]	[1 1]
[13 13]	[1 1]
[13 13]	[1 1]
[13 13]	[1 1]
[13 13]	[1 1]
[13 13]	[1 1]
[13 13]	[1 1]
[13 13]	[ 1 15]
[13 13]	[15 15]
[13 13]	[15 15]
[13 13]	[15 15]
[13 13]	[15 15]
[13 13]	[15 15]
[13 13]	[15 15]
[13 13]	[15 15]
[13 13]	[15 15]
[13 13]	[15 15]
[13 13]	[15 15]
[13 13]	[15 15]
[13 13]	[15 15]
[13 13]	[15 15]
[13 13]	[15 15]
[13 13]	[15 15]
[13 13]	[15  8]
[13 13]	[8 8]
[13 13]	[8 8]
[13 13]	[8 8]
[13 13]	[8 8]
[13 13]	[8 8]
[13 13]	[8 8]
[13 13]	[8 8]
[13 13]	[8 8]
[13 13]	[8 8]
[13 13]	[8 8]
[13 13]	[8 8]
[13 13]	[8 8]
[13 13]	[8 8]
[13 13]	[8 8]
[13 13]	[8 8]
[13 13]	[8 1]
[13 13]	[1 1]
[13 13]	[1 1]
[13 13]	[1 1]
[13 13]	[1 1]
[13 13]	[1 1]
[13 13]	[1 1]
[13 13]	[1 1]
[13 13]	[1 1]
[13 13]	[1 1]
[13 13]	[1 1]
[13 13]	[1 1]
[13 13]	[1 1]
[13 13]	[1 1]
[13 13]	[1 1]
[13 13]	[1 1]
[13 13]	[1 1]
[13 13]	[1 1]
[13 13]	[1 1]
[13 13]	[1 1]
[13 13]	[1 1]
[13 13]	[1 1]
[13 13]	[1 1]
[13 13]	[1 1]
[13 13]	[ 1 10]
[13 13]	[10 10]
[13 13]	[10 10]
[13 13]	[10 10]
[13 13]	[10 10]
[13 13]	[10 10]
[13 13]	[10 15]
[13 13]	[15 15]
[13 13]	[15 15]
[13 13]	[15 15]
[13 13]	[15 13]
[13 13]	[13 13]
[13 13]	[13 13]
[13 13]	[13 13]
[13 13]	[13  6]
[13 13]	[6 6]
[13 13]	[6 6]
[13 13]	[6 6]
[13 13]	[ 6 19]
[13 13]	[19 19]
[13 13]	[19 19]
[13 13]	[19 19]
[13 13]	[19  1]
[13 13]	[1 1]
[13 13]	[1 1]
[13 13]	[1 1]
[13 13]	[ 1 10]
[13 13]	[10 10]
[13 13]	[10 10]
[13 13]	[10 10]
[13 13]	[10 15]
[13 13]	[15 15]
[13 13]	[15 15]
[13 13]	[15 15]
[13 13]	[15  8]
[13 13]	[8 8]
[13 13]	[8 8]
[13 13]	[8 8]
[-1 -1]	[8 1]
[13 13]	[ 1 13]
[13 13]	[13 13]
[13 13]	[13 13]
[13 13]	[13 13]
[13 13]	[13 13]
[13 13]	[13 13]
[13 13]	[13 10]
[13 13]	[10 10]
[13 13]	[10 10]
[13 13]	[10 10]
[13 13]	[10 10]
[13 13]	[10 10]
[13 13]	[10  6]
[13 13]	[6 6]
[13 13]	[6 6]
[13 13]	[6 6]
[13 13]	[6 6]
[13 13]	[6 6]
[13 13]	[ 6 12]
[13 13]	[12 12]
[13 13]	[12 12]
[13 13]	[12 12]
[13 13]	[12 12]
[13 13]	[12 12]
[13 13]	[12 12]
[13 13]	[12 12]
[13 13]	[12 13]
[13 13]	[13 13]
[13 13]	[13 13]
[13 13]	[13 13]
[13 13]	[13 13]
[13 13]	[13 13]
[13 13]	[13 10]
[13 13]	[10 10]
[13 13]	[10 10]
[13 13]	[10 10]
[13 13]	[10 10]
[13 13]	[10 10]
[13 13]	[10 12]
[13 13]	[12 12]
[13 13]	[12 12]
[13 13]	[12 12]
[13 13]	[12 12]
[13 13]	[12 12]
[13 13]	[12 12]
[13 13]	[12 12]
[13 13]	[12 20]
[13 13]	[20 20]
[13 13]	[20 20]
[13 13]	[20 13]
[13 13]	[13 13]
[13 13]	[13 13]
[13 13]	[13 13]
[13 13]	[13 13]
[13 13]	[13 13]
[13 13]	[13 13]
[13 13]	[13 13]
[13 13]	[13 18]
[13 13]	[18 18]
[13 13]	[18 18]
[13 13]	[18 18]
[13 13]	[18 18]
[13 13]	[18 18]
[13 13]	[18 10]
[13 13]	[10 10]
[13 13]	[10 10]
[13 13]	[10 10]
[13 13]	[10 10]
[13 13]	[10 10]
[13 13]	[10  8]
[13 13]	[8 8]
[13 13]	[8 8]
[13 13]	[8 8]
[13 13]	[8 8]
[13 13]	[8 8]
[13 13]	[ 8 13]
[13 13]	[13 13]
[13 13]	[13 13]
[13 13]	[13 13]
[13 13]	[13 13]
[13 13]	[13 13]
[13 13]	[13 18]
[13 13]	[18 18]
[13 13]	[18 18]
[13 13]	[18 18]
[13 13]	[18 18]
[13 13]	[18 18]
[13 13]	[18 10]
[13 13]	[10 10]
[13 13]	[10 10]
[13 13]	[10 10]
[13 13]	[10 10]
[13 13]	[10 10]
[13 13]	[10  8]
[13 13]	[8 8]
[13 13]	[8 8]
[13 13]	[ 8 13]
[13 13]	[13 13]
[13 13]	[13 13]
[13 13]	[13 13]
[13 13]	[13 13]
[13 13]	[13 13]
[13 13]	[13 13]
[13 13]	[13 10]
[13 13]	[10 10]
[13 13]	[10 10]
[13 13]	[10 10]
[13 13]	[10 10]
[13 13]	[10 10]
[13 13]	[10  6]
[13 13]	[6 6]
[13 13]	[6 6]
[13 13]	[6 6]
[13 13]	[6 6]
[13 13]	[6 6]
[13 13]	[ 6 12]
[13 13]	[12 12]
[13 13]	[12 12]
[13 13]	[12 12]
[13 13]	[12 12]
[13 13]	[12 12]
[13 13]	[12 12]
[13 13]	[12 12]
[13 13]	[12 13]
[13 13]	[13 13]
[13 13]	[13 13]
[13 13]	[13 13]
[13 13]	[13 13]
[13 13]	[13 13]
[13 13]	[13 10]
[13 13]	[10 10]
[13 13]	[10 10]
[13 13]	[10 10]
[13 13]	[10 10]
[13 13]	[10 10]
[13 13]	[10 12]
[13 13]	[12 12]
[13 13]	[12 12]
[13 13]	[12 12]
[13 13]	[12 12]
[13 13]	[12 12]
[13 13]	[12 12]
[13 13]	[12 12]
[13 13]	[12 20]
[13 13]	[20 20]
[13 13]	[20 20]
[13 13]	[20 13]
[13 13]	[13 13]
[13 13]	[13 13]
[13 13]	[13 13]
[13 13]	[13 13]
[13 13]	[13 13]
[13 13]	[13 13]
[13 13]	[13 13]
[13 13]	[13 18]
[13 13]	[18 18]
[13 13]	[18 18]
[13 13]	[18 18]
[13 13]	[18 18]
[13 13]	[18 18]
[13 13]	[18 10]
[13 13]	[10 10]
[13 13]	[10 10]
[13 13]	[10 10]
[13 13]	[10 10]
[13 13]	[10 10]
[13 13]	[10  8]
[13 13]	[8 8]
[13 13]	[8 8]
[13 13]	[8 8]
[13 13]	[8 8]
[13 13]	[8 8]
[13 13]	[ 8 13]
[13 13]	[13 13]
[13 13]	[13 13]
[13 13]	[13 13]
[13 13]	[13 13]
[13 13]	[13 18]
[13 13]	[18 18]
[13 13]	[18 18]
[13 13]	[18 18]
[13 13]	[18 18]
[13 13]	[18 18]
[13 13]	[18 10]
[13 13]	[10 10]
[13 13]	[10 10]
[13 13]	[10 10]
[13 13]	[10 10]
[13 13]	[10 10]
[13 13]	[10  8]
[13 13]	[8 8]
[13 13]	[8 8]
[13 13]	[8 8]
[13 13]	[8 8]
[13 13]	[ 8 13]
[13 13]	[13 13]
[13 13]	[13 13]
[13 13]	[13 13]
[13 13]	[13 13]
[13 13]	[13 13]
[13 13]	[13 18]
[13 13]	[18 18]
[13 13]	[18 18]
[13 13]	[18 18]
[13 13]	[18 18]
[13 13]	[18 18]
[13 13]	[18 10]
[13 13]	[10 10]
[13 13]	[10 10]
[13 13]	[10 10]
[13 13]	[10 10]
[13 13]	[10 10]
[13 13]	[10  8]
[13 13]	[8 8]
[13 13]	[8 8]
[13 13]	[8 8]
[13 13]	[8 8]
[13 13]	[8 8]
[13 13]	[ 8 13]
[13 13]	[13 13]
[13 13]	[13 13]
[13 13]	[13 13]
[13 13]	[13 13]
[13 13]	[13 13]
[13 13]	[13 10]
[13 13]	[10 10]
[13 13]	[10 10]
[13 13]	[10 10]
[13 13]	[10 10]
[13 13]	[10 10]
[13 13]	[10 12]
[13 13]	[12 12]
[13 13]	[12 12]
[13 13]	[12 12]
[13 13]	[12 12]
[13 13]	[12 12]
[13 13]	[12 20]
[13 13]	[20 20]
[13 13]	[20 20]
[-1 -1]	[20 13]
[13 13]	[13 13]
[13 13]	[13 13]
[13 13]	[13 13]
[13 13]	[13 13]
[13 13]	[13  5]
[13 13]	[ 5 12]
[13 13]	[12 12]
[13 13]	[12 13]
[13 13]	[13 13]
[13 13]	[13 13]
[13 13]	[13 20]
[13 13]	[20 20]
[13 13]	[20 13]
[13 13]	[13 13]
[13 13]	[13 13]
[13 13]	[13 13]
[13 13]	[13 13]
[13 13]	[13 12]
[13 13]	[12 12]
[13 13]	[12 20]
[13 13]	[20  6]
[13 13]	[6 6]
[13 13]	[ 6 20]
[13 13]	[20 20]
[13 13]	[20 20]
[13 13]	[20 20]
[13 13]	[20 13]
[13 13]	[13 13]
[13 13]	[13 13]
[13 13]	[13 13]
[13 13]	[13  5]
[13 13]	[5 5]
[13 13]	[5 5]
[13 13]	[5 5]
[13 13]	[ 5 13]
[13 13]	[13 13]
[13 13]	[13 13]
[13 13]	[13 13]
[13 13]	[13  5]
[13 13]	[5 5]
[13 13]	[5 5]
[13 13]	[5 5]
[13 13]	[ 5 13]
[13 13]	[13 13]
[13 13]	[13 13]
[13 13]	[13 13]
[13 13]	[13 12]
[13 13]	[12 12]
[13 13]	[12 12]
[13 13]	[12 12]
[13 13]	[12 13]
[13 13]	[13 13]
[13 13]	[13 13]
[13 13]	[13 13]
[13 13]	[13 13]
[13 13]	[13 13]
[13 13]	[13 13]
[13 13]	[13 13]
[13 13]	[13  5]
[13 13]	[5 6]
[13 13]	[6 6]
[13 13]	[ 6 20]
[13 13]	[20 20]
[13 13]	[20 20]
[13 13]	[20 12]
[13 13]	[12 12]
[13 13]	[12 12]
[13 13]	[12 12]
[13 13]	[12  5]
[13 13]	[5 5]
[13 13]	[5 5]
[13 13]	[ 5 12]
[13 13]	[12 12]
[13 13]	[12 13]
[13 13]	[13 13]
[13 13]	[13 13]
[13 13]	[13 13]
[13 13]	[13 20]
[13 13]	[20 20]
[13 13]	[20 20]
[13 13]	[20 20]
[13 13]	[20 13]
[13 13]	[13 13]
[13 13]	[13 13]
[13 13]	[13  5]
[13 13]	[5 6]
[13 13]	[6 6]
[13 13]	[ 6 20]
[13 13]	[20 20]
[13 13]	[20 20]
[13 13]	[20 12]
[13 13]	[12 12]
[13 13]	[12 12]
[13 13]	[12 12]
[13 13]	[12  5]
[13 13]	[5 5]
[13 13]	[5 5]
[13 13]	[5 5]
[13 13]	[ 5 13]
[13 13]	[13 13]
[13 13]	[13 13]
[13 13]	[13 13]
[13 13]	[13  5]
[13 13]	[5 5]
[13 13]	[ 5 12]
[-1 -1]	[12 12]
[13 13]	[12 13]
[13 13]	[13 13]
[13 13]	[13 13]
[13 13]	[13 13]
[13 13]	[13 13]
[13 13]	[13 13]
[13 13]	[13 13]
[13 13]	[13 13]
[13 13]	[13 13]
[13 13]	[13 13]
[13 13]	[13 13]
[13 13]	[13 13]
[13 13]	[13 13]
[13 13]	[13 13]
[13 13]	[13 13]
[13 13]	[13 13]
[13 13]	[13 13]
[13 13]	[13 13]
[13 13]	[13 13]
[13 13]	[13 13]
[13 13]	[13 13]
[13 13]	[13 13]
[13 13]	[13 18]
[13 13]	[18 18]
[13 13]	[18 18]
[13 13]	[18 18]
[13 13]	[18 18]
[13 13]	[18 18]
[13 13]	[18 18]
[13 13]	[18 13]
[13 13]	[13 13]
[13 13]	[13 13]
[13 13]	[13 13]
[13 13]	[13 13]
[13 13]	[13 18]
[13 13]	[18 18]
[13 13]	[18 18]
[13 13]	[18 18]
[13 13]	[18 18]
[13 13]	[18 18]
[13 13]	[18 18]
[13 13]	[18 13]
[13 13]	[13 13]
[13 13]	[13 13]
[13 13]	[13 13]
[-1 -1]	[13 13]
[13 13]	[13 -1]
[13 13]	[-1 -1]
[13 13]	[-1 13]
[13 13]	[13 13]
[13 13]	[13 13]
[13 13]	[13 13]
[13 13]	[13 13]
[13 13]	[13  5]
[13 13]	[5 5]
[13 13]	[ 5 12]
[13 13]	[12 12]
[13 13]	[12 12]
[13 13]	[12 13]
[13 13]	[13 13]
[13 13]	[13 13]
[13 13]	[13 13]
[13 13]	[13 13]
[13 13]	[13 20]
[13 13]	[20 20]
[13 13]	[20 20]
[13 13]	[20 13]
[13 13]	[13 13]
[13 13]	[13 13]
[13 13]	[13 13]
[13 13]	[13 13]
[13 13]	[13  5]
[13 13]	[5 5]
[13 13]	[ 5 12]
[13 13]	[12 12]
[13 13]	[12 12]
[13 13]	[12 13]
[13 13]	[13 13]
[13 13]	[13 13]
[13 13]	[13 20]
[13 13]	[20 20]
[13 13]	[20 13]
[13 13]	[13 13]
[13 13]	[13 13]
[13 13]	[13  5]
[13 13]	[5 5]
[13 13]	[5 5]
[13 13]	[5 5]
[13 13]	[5 5]
[13 13]	[ 5 12]
[13 13]	[12 12]
[13 13]	[12 12]
[13 13]	[12 12]
[13 13]	[12 12]
[13 13]	[12 13]
[13 13]	[13 13]
[13 13]	[13 13]
[13 13]	[13 13]
[13 13]	[13 13]
[13 13]	[13 20]
[13 13]	[20 20]
[13 13]	[20 20]
[13 13]	[20 13]
[13 13]	[13 13]
[13 13]	[13 13]
[13 13]	[13 13]
[13 13]	[13 13]
[13 13]	[13  5]
[13 13]	[5 5]
[13 13]	[ 5 12]
[13 13]	[12 12]
[13 13]	[12 12]
[13 13]	[12 13]
[13 13]	[13 13]
[13 13]	[13 13]
[13 13]	[13 20]
[-1 -1]	[20 20]
[13 13]	[20 13]
[13 13]	[13 13]
[13 13]	[13 13]
[13 13]	[13 13]
[13 13]	[13  8]
[13 13]	[8 8]
[13 13]	[8 8]
[13 13]	[8 8]
[13 13]	[ 8 13]
[13 13]	[13 13]
[13 13]	[13 18]
[13 13]	[18 18]
[13 13]	[18 18]
[13 13]	[18 18]
[13 13]	[18 12]
[13 13]	[12 12]
[13 13]	[12 12]
[13 13]	[12 12]
[13 13]	[12  5]
[13 13]	[5 1]
[13 13]	[ 1 18]
[13 13]	[18 18]
[13 13]	[18 18]
[13 13]	[18 18]
[13 13]	[18 18]
[13 13]	[18 18]
[13 13]	[18 18]
[13 13]	[18 18]
[13 13]	[18 18]
[13 13]	[18 13]
[13 13]	[13 13]
[13 13]	[13 13]
[13 13]	[13 13]
[13 13]	[13 13]
[13 13]	[13 13]
[13 13]	[13 13]
[13 13]	[13 13]
[13 13]	[13 13]
[13 13]	[13 18]
[13 13]	[18 18]
[13 13]	[18  8]
[13 13]	[8 8]
[13 13]	[ 8 13]
[13 13]	[13 13]
[13 13]	[13  8]
[13 13]	[8 8]
[13 13]	[ 8 13]
[13 13]	[13 13]
[13 13]	[13 13]
[13 13]	[13  1]
[13 13]	[1 1]
[13 13]	[1 1]
[13 13]	[1 1]
[13 13]	[ 1 18]
[13 13]	[18 18]
[13 13]	[18  1]
[13 13]	[1 1]
[13 13]	[ 1 18]
[13 13]	[18 18]
[13 13]	[18 12]
[13 13]	[12 12]
[13 13]	[12 12]
[13 13]	[12 12]
[13 13]	[12  5]
[13 13]	[5 5]
[13 13]	[ 5 12]
[13 13]	[12 12]
[13 13]	[12  5]
[13 13]	[5 8]
[13 13]	[ 8 13]
[13 13]	[13 13]
[13 13]	[13 13]
[13 13]	[13 13]
[13 13]	[13 13]
[13 13]	[13 13]
[13 13]	[13 13]
[13 13]	[13 13]
[13 13]	[13 13]
[13 13]	[13  8]
[13 13]	[8 8]
[13 13]	[8 8]
[13 13]	[8 8]
[13 13]	[8 8]
[13 13]	[8 8]
[13 13]	[8 8]
[13 13]	[8 8]
[13 13]	[8 8]
[13 13]	[ 8 13]
[13 13]	[13 13]
[13 13]	[13 13]
[13 13]	[13 13]
[13 13]	[13 13]
[13 13]	[13  8]
[13 13]	[8 8]
[13 13]	[8 8]
[13 13]	[8 8]
[13 13]	[ 8 13]
[13 13]	[13 13]
[13 13]	[13  8]
[13 13]	[8 8]
[-1 -1]	[ 8 13]
[13 13]	[13 -1]
[13 13]	[-1 -1]
[13 13]	[-1 -1]
[13 13]	[-1 24]
[13 13]	[24  8]
[13 13]	[ 8 24]
[13 13]	[24  8]
[13 13]	[ 8 24]
[13 13]	[24 24]
[13 13]	[24 24]
[13 13]	[24 24]
[13 13]	[24 24]
[13 13]	[24 24]
[13 13]	[24  8]
[13 13]	[ 8 24]
[13 13]	[24  8]
[13 13]	[ 8 24]
[13 13]	[24 24]
[13 13]	[24 24]
[13 13]	[24 24]
[13 13]	[24 24]
[13 13]	[24 24]
[13 13]	[24 24]
[13 13]	[24 24]
[13 13]	[24 24]
[13 13]	[24 24]
[13 13]	[24 24]
[13 13]	[24 24]
[13 13]	[24 18]
[13 13]	[18 18]
[13 13]	[18 18]
[13 13]	[18  8]
[13 13]	[8 8]
[13 13]	[8 8]
[13 13]	[8 8]
[13 13]	[ 8 24]
[13 13]	[24 24]
[13 13]	[24 24]
[13 13]	[24 24]
[-1 -1]	[24  8]
[13 13]	[ 8 -1]
[13 13]	[-1 13]
[13 13]	[13 13]
[13 13]	[13 13]
[13 13]	[13 13]
[13 13]	[13 13]
[13 13]	[13 13]
[13 13]	[13 13]
[13 13]	[13 13]
[13 13]	[13 13]
[13 13]	[13 13]
[13 13]	[13 13]
[13 13]	[13  5]
[13 13]	[5 5]
[13 13]	[5 5]
[13 13]	[5 5]
[13 13]	[5 5]
[13 13]	[5 5]
[13 13]	[ 5 12]
[13 13]	[12 12]
[13 13]	[12 12]
[13 13]	[12 12]
[13 13]	[12 12]
[13 13]	[12 12]
[13 13]	[12 13]
[13 13]	[13 13]
[13 13]	[13 13]
[13 13]	[13 13]
[13 13]	[13 13]
[13 13]	[13 13]
[13 13]	[13 13]
[13 13]	[13 13]
[13 13]	[13 13]
[13 13]	[13 13]
[13 13]	[13 13]
[13 13]	[13  8]
[13 13]	[8 8]
[13 13]	[8 8]
[13 13]	[8 8]
[13 13]	[8 8]
[13 13]	[8 8]
[13 13]	[ 8 13]
[13 13]	[13 13]
[13 13]	[13 13]
[13 13]	[13 13]
[13 13]	[13 13]
[13 13]	[13 13]
[13 13]	[13 13]
[13 13]	[13 13]
[13 13]	[13 13]
[13 13]	[13 13]
[13 13]	[13 13]
[13 13]	[13 13]
[13 13]	[13 13]
[13 13]	[13 13]
[13 13]	[13 13]
[13 13]	[13 13]
[13 13]	[13 13]
[13 13]	[13 13]
[13 13]	[13 13]
[13 13]	[13 12]
[13 13]	[12 12]
[13 13]	[12 12]
[13 13]	[12 12]
[13 13]	[12 12]
[13 13]	[12 12]
[13 13]	[12 12]
[13 13]	[12 12]
[13 13]	[12 12]
[13 13]	[12 12]
[13 13]	[12 12]
[13 13]	[12 12]
[13 13]	[12 13]
[13 13]	[13 13]
[13 13]	[13 13]
[13 13]	[13 13]
[13 13]	[13 13]
[13 13]	[13 13]
[13 13]	[13  5]
[13 13]	[5 5]
[13 13]	[5 5]
[13 13]	[5 5]
[13 13]	[5 5]
[13 13]	[5 5]
[13 13]	[5 8]
[13 13]	[8 8]
[13 13]	[8 8]
[13 13]	[8 8]
[13 13]	[8 8]
[13 13]	[8 8]
[13 13]	[ 8 13]
[13 13]	[13 13]
[-1 -1]	[13 13]
[13 13]	[13 13]
[13 13]	[13 13]
[13 13]	[13 13]
[13 13]	[13 13]
[13 13]	[13 13]
[13 13]	[13 13]
[13 13]	[13 13]
[13 13]	[13 13]
[13 13]	[13 13]
[13 13]	[13 13]
[13 13]	[13  8]
[13 13]	[8 8]
[13 13]	[8 8]
[13 13]	[8 8]
[13 13]	[8 8]
[13 13]	[8 8]
[13 13]	[8 8]
[13 13]	[8 8]
[13 13]	[8 8]
[13 13]	[8 8]
[13 13]	[8 8]
[13 13]	[ 8 13]
[13 13]	[13 13]
[13 13]	[13 13]
[13 13]	[13 13]
[13 13]	[13 13]
[13 13]	[13 13]
[13 13]	[13 13]
[13 13]	[13 13]
[13 13]	[13 13]
[13 13]	[13 18]
[13 13]	[18 18]
[13 13]	[18 18]
[13 13]	[18  8]
[13 13]	[8 8]
[13 13]	[8 5]
[13 13]	[5 5]
[13 13]	[5 5]
[13 13]	[5 5]
[13 13]	[5 5]
[13 13]	[5 5]
[13 13]	[5 5]
[13 13]	[ 5 12]
[13 13]	[12 12]
[13 13]	[12 12]
[13 13]	[12 12]
[13 13]	[12 12]
[13 13]	[12  5]
[13 13]	[5 5]
[13 13]	[5 5]
[13 13]	[5 5]
[13 13]	[5 5]
[13 13]	[5 5]
[13 13]	[5 5]
[13 13]	[5 5]
[13 13]	[5 5]
[13 13]	[ 5 12]
[13 13]	[12 12]
[13 13]	[12 12]
[13 13]	[12 12]
[13 13]	[12 12]
[13 13]	[12  8]
[13 13]	[8 8]
[13 13]	[8 8]
[13 13]	[ 8 13]
[13 13]	[13 13]
[13 13]	[13 13]
[13 13]	[13 13]
[13 13]	[13 13]
[13 13]	[13 13]
[13 13]	[13 13]
[13 13]	[13 13]
[13 13]	[13  8]
[13 13]	[8 8]
[13 13]	[8 8]
[13 13]	[8 8]
[13 13]	[8 8]
[13 13]	[ 8 13]
[13 13]	[13 13]
[13 13]	[13 13]
[13 13]	[13 13]
[13 13]	[13 13]
[13 13]	[13 13]
[13 13]	[13 13]
[13 13]	[13 13]
[13 13]	[13 13]
[13 13]	[13 13]
[13 13]	[13  8]
[13 13]	[8 8]
[13 13]	[8 8]
[13 13]	[8 8]
[13 13]	[8 8]
[-1 -1]	[ 8 13]
[13 13]	[13 13]
[13 13]	[13 13]
[13 13]	[13 13]
[13 13]	[13 13]
[13 13]	[13 13]
[13 13]	[13 13]
[13 13]	[13 13]
[13 13]	[13 13]
[13 13]	[13 13]
[13 13]	[13 13]
[13 13]	[13  5]
[13 13]	[5 5]
[13 13]	[5 5]
[13 13]	[ 5 13]
[13 13]	[13 13]
[13 13]	[13 13]
[13 13]	[13 13]
[13 13]	[13 12]
[13 13]	[12 12]
[13 13]	[12 12]
[13 13]	[12 12]
[13 13]	[12 20]
[13 13]	[20 20]
[13 13]	[20 20]
[13 13]	[20 20]
[13 13]	[20 20]
[13 13]	[20 13]
[13 13]	[13 13]
[13 13]	[13 13]
[13 13]	[13 13]
[13 13]	[13 13]
[13 13]	[13 13]
[13 13]	[13 13]
[13 13]	[13 13]
[13 13]	[13 13]
[13 13]	[13 13]
[13 13]	[13  5]
[13 13]	[5 5]
[13 13]	[5 5]
[13 13]	[ 5 12]
[13 13]	[12 12]
[13 13]	[12 12]
[13 13]	[12 12]
[13 13]	[12 12]
[13 13]	[12 12]
[13 13]	[12 12]
[13 13]	[12 12]
[13 13]	[12 12]
[13 13]	[12 12]
[13 13]	[12 12]
[13 13]	[12 12]
[13 13]	[12 12]
[13 13]	[12 12]
[13 13]	[12 12]
[13 13]	[12 13]
[13 13]	[13 13]
[13 13]	[13 13]
[13 13]	[13 13]
[13 13]	[13 13]
[13 13]	[13 13]
[13 13]	[13 13]
[13 13]	[13  5]
[13 13]	[5 5]
[13 13]	[5 5]
[13 13]	[ 5 13]
[13 13]	[13 13]
[13 13]	[13 13]
[13 13]	[13 13]
[13 13]	[13 12]
[13 13]	[12 12]
[13 13]	[12 12]
[13 13]	[12 12]
[13 13]	[12 20]
[13 13]	[20 20]
[13 13]	[20 13]
[-1 -1]	[13 13]
[13 13]	[13 -1]
[13 13]	[-1 -1]
[13 13]	[-1 13]
[13 13]	[13 13]
[13 13]	[13 13]
[13 13]	[13 13]
[13 13]	[13 13]
[13 13]	[13 13]
[13 13]	[13 13]
[13 13]	[13 13]
[13 13]	[13 13]
[13 13]	[13 13]
[13 13]	[13 12]
[13 13]	[12 12]
[13 13]	[12 12]
[13 13]	[12 13]
[13 13]	[13 13]
[13 13]	[13 13]
[13 13]	[13 13]
[13 13]	[13 13]
[13 13]	[13 13]
[13 13]	[13 13]
[13 13]	[13 13]
[13 13]	[13 13]
[13 13]	[13 13]
[13 13]	[13 20]
[13 13]	[20 20]
[13 13]	[20 20]
[13 13]	[20 13]
[13 13]	[13 13]
[13 13]	[13 13]
[13 13]	[13 13]
[13 13]	[13 13]
[13 13]	[13 13]
[13 13]	[13 13]
[13 13]	[13 13]
[13 13]	[13 13]
[13 13]	[13 13]
[13 13]	[13 12]
[13 13]	[12 12]
[13 13]	[12 12]
[13 13]	[12 13]
[13 13]	[13 13]
[13 13]	[13 13]
[13 13]	[13 12]
[13 13]	[12 12]
[13 13]	[12 12]
[13 13]	[12 12]
[13 13]	[12 12]
[13 13]	[12 12]
[13 13]	[12 12]
[13 13]	[12 12]
[13 13]	[12 12]
[13 13]	[12 12]
[13 13]	[12 12]
[13 13]	[12 12]
[13 13]	[12 13]
[13 13]	[13 13]
[13 13]	[13 13]
[13 13]	[13 13]
[13 13]	[13 13]
[13 13]	[13 13]
[13 13]	[13 13]
[13 13]	[13 13]
[13 13]	[13 12]
[13 13]	[12 12]
[13 13]	[12 12]
[13 13]	[12 13]
[13 13]	[13 13]
[13 13]	[13 13]
[13 13]	[13 13]
[13 13]	[13 13]
[13 13]	[13 20]
[13 13]	[20 20]
[13 13]	[20 20]
[13 13]	[20 13]
[13 13]	[13 13]
[13 13]	[13 13]
[13 13]	[13 13]
[13 13]	[13 13]
[13 13]	[13 12]
[13 13]	[12 12]
[13 13]	[12 12]
[13 13]	[12 12]
[13 13]	[12 13]
[13 13]	[13 13]
[13 13]	[13 13]
[13 13]	[13 12]
[13 13]	[12 12]
[13 13]	[12 12]
[13 13]	[12 12]
[13 13]	[12 12]
[13 13]	[12 12]
[13 13]	[12 12]
[13 13]	[12 12]
[13 13]	[12 12]
[13 13]	[12 12]
[13 13]	[12 12]
[13 13]	[12 12]
[-1 -1]	[12 20]
[13 13]	[20 13]
[13 13]	[13 13]
[13 13]	[13 13]
[13 13]	[13 13]
[13 13]	[13 13]
[13 13]	[13 18]
[13 13]	[18 18]
[13 13]	[18 18]
[13 13]	[18 18]
[13 13]	[18 18]
[13 13]	[18 18]
[13 13]	[18 18]
[13 13]	[18 13]
[13 13]	[13 13]
[13 13]	[13 13]
[13 13]	[13 13]
[13 13]	[13 13]
[13 13]	[13 13]
[13 13]	[13 12]
[13 13]	[12 12]
[13 13]	[12 12]
[13 13]	[12 12]
[13 13]	[12 12]
[13 13]	[12 12]
[13 13]	[12 12]
[13 13]	[12 12]
[13 13]	[12 13]
[13 13]	[13 13]
[13 13]	[13 13]
[13 13]	[13 13]
[13 13]	[13 13]
[13 13]	[13 13]
[13 13]	[13  6]
[13 13]	[6 6]
[13 13]	[ 6 18]
[13 13]	[18 18]
[13 13]	[18 18]
[13 13]	[18 18]
[13 13]	[18 18]
[13 13]	[18 13]
[13 13]	[13 18]
[13 13]	[18 18]
[13 13]	[18 18]
[13 13]	[18  8]
[13 13]	[8 8]
[13 13]	[ 8 13]
[13 13]	[13 13]
[13 13]	[13 10]
[13 13]	[10 18]
[13 13]	[18 18]
[13 13]	[18 18]
[13 13]	[18  8]
[-1 -1]	[8 8]
[13 13]	[ 8 -1]
[13 13]	[-1 13]
[13 13]	[13 13]
[13 13]	[13 13]
[13 13]	[13 13]
[13 13]	[13 13]
[13 13]	[13 13]
[13 13]	[13 13]
[13 13]	[13  6]
[13 13]	[6 6]
[13 13]	[6 6]
[13 13]	[6 8]
[13 13]	[8 8]
[13 13]	[ 8 13]
[13 13]	[13 13]
[13 13]	[13 13]
[13 13]	[13 13]
[13 13]	[13 13]
[13 13]	[13 13]
[13 13]	[13  5]
[13 13]	[5 5]
[13 13]	[5 5]
[13 13]	[5 6]
[13 13]	[6 6]
[13 13]	[6 3]
[13 13]	[3 8]
[13 13]	[8 8]
[13 13]	[ 8 13]
[13 13]	[13 13]
[13 13]	[13  8]
[13 13]	[ 8 13]
[13 13]	[13  1]
[13 13]	[1 1]
[13 13]	[1 1]
[13 13]	[1 6]
[13 13]	[6 6]
[13 13]	[6 6]
[13 13]	[6 8]
[13 13]	[8 8]
[13 13]	[ 8 13]
[13 13]	[13 13]
[13 13]	[13 13]
[13 13]	[13 13]
[13 13]	[13 13]
[13 13]	[13 13]
[13 13]	[13 18]
[13 13]	[18 18]
[13 13]	[18 18]
[13 13]	[18  8]
[13 13]	[8 8]
[13 13]	[8 8]
[13 13]	[ 8 13]
[13 13]	[13  8]
[13 13]	[ 8 13]
[13 13]	[13 13]
[13 13]	[13 20]
[13 13]	[20 20]
[13 13]	[20 10]
[13 13]	[10 10]
[13 13]	[10 10]
[13 13]	[10  5]
[13 13]	[5 8]
[13 13]	[ 8 13]
[13 13]	[13 13]
[13 13]	[13 13]
[13 13]	[13 13]
[13 13]	[13 13]
[13 13]	[13 13]
[13 13]	[13 12]
[13 13]	[12 12]
[13 13]	[12 12]
[13 13]	[12  6]
[13 13]	[6 6]
[13 13]	[6 3]
[13 13]	[3 8]
[13 13]	[8 8]
[13 13]	[ 8 13]
[13 13]	[13 13]
[13 13]	[13 13]
[13 13]	[13 12]
[13 13]	[12 12]
[13 13]	[12 12]
[13 13]	[12 10]
[13 13]	[10 10]
[13 13]	[10 10]
[13 13]	[10  5]
[13 13]	[5 8]
[13 13]	[ 8 13]
[13 13]	[13 13]
[13 13]	[13 13]
[13 13]	[13 13]
[13 13]	[13 13]
[13 13]	[13 13]
[13 13]	[13 18]
[13 13]	[18 18]
[13 13]	[18 18]
[13 13]	[18  8]
[13 13]	[8 8]
[13 13]	[8 8]
[13 13]	[ 8 13]
[13 13]	[13  8]
[13 13]	[8 8]
[13 13]	[8 8]
[13 13]	[8 8]
[-1 -1]	[ 8 13]
[13 13]	[13 13]
[13 13]	[13 13]
[13 13]	[13 13]
[13 13]	[13  8]
[13 13]	[8 8]
[13 13]	[8 8]
[13 13]	[ 8 13]
[13 13]	[13 13]
[13 13]	[13 13]
[13 13]	[13 13]
[13 13]	[13 18]
[13 13]	[18 18]
[13 13]	[18 18]
[13 13]	[18 18]
[13 13]	[18  8]
[13 13]	[8 8]
[13 13]	[8 8]
[13 13]	[8 8]
[13 13]	[8 8]
[13 13]	[8 8]
[13 13]	[ 8 13]
[13 13]	[13 13]
[13 13]	[13  8]
[13 13]	[8 8]
[13 13]	[ 8 13]
[13 13]	[13 13]
[13 13]	[13 13]
[13 13]	[13 13]
[13 13]	[13 18]
[13 13]	[18 18]
[13 13]	[18 18]
[13 13]	[18 18]
[13 13]	[18  8]
[13 13]	[8 8]
[13 13]	[8 8]
[13 13]	[ 8 13]
[13 13]	[13 13]
[13 13]	[13 13]
[13 13]	[13 13]
[13 13]	[13 13]
[13 13]	[13  8]
[13 13]	[8 8]
[13 13]	[8 8]
[13 13]	[ 8 13]
[13 13]	[13 13]
[13 13]	[13 13]
[13 13]	[13 13]
[13 13]	[13 18]
[13 13]	[18 18]
[13 13]	[18 18]
[13 13]	[18 18]
[13 13]	[18  8]
[13 13]	[8 8]
[13 13]	[8 8]
[13 13]	[8 8]
[13 13]	[8 8]
[13 13]	[8 8]
[13 13]	[ 8 13]
[13 13]	[13  8]
[13 13]	[ 8 13]
[13 13]	[13 13]
[13 13]	[13 13]
[13 13]	[13 13]
[13 13]	[13 18]
[13 13]	[18 18]
[13 13]	[18 18]
[13 13]	[18 18]
[13 13]	[18  8]
[13 13]	[8 8]
[13 13]	[8 8]
[13 13]	[8 8]
[-1 -1]	[ 8 13]
[13 13]	[13 13]
[13 13]	[13 13]
[13 13]	[13 13]
[13 13]	[13 13]
[13 13]	[13 18]
[13 13]	[18 18]
[13 13]	[18 13]
[13 13]	[13 13]
[13 13]	[13 13]
[13 13]	[13 13]
[13 13]	[13 13]
[13 13]	[13 13]
[13 13]	[13  5]
[13 13]	[5 5]
[13 13]	[5 5]
[13 13]	[5 5]
[13 13]	[ 5 12]
[13 13]	[12 12]
[13 13]	[12  5]
[13 13]	[5 5]
[13 13]	[5 5]
[13 13]	[5 5]
[13 13]	[5 5]
[13 13]	[5 5]
[13 13]	[ 5 13]
[13 13]	[13 13]
[13 13]	[13 13]
[13 13]	[13 13]
[13 13]	[13  8]
[13 13]	[8 8]
[13 13]	[ 8 13]
[13 13]	[13 13]
[13 13]	[13 13]
[13 13]	[13 13]
[13 13]	[13 13]
[-1 -1]	[13 13]
[13 13]	[13 -1]
[13 13]	[-1 13]
[13 13]	[13 13]
[13 13]	[13 13]
[13 13]	[13 13]
[13 13]	[13 20]
[13 13]	[20 20]
[13 13]	[20 20]
[13 13]	[20 13]
[13 13]	[13 13]
[13 13]	[13 13]
[13 13]	[13  5]
[13 13]	[5 5]
[13 13]	[5 5]
[13 13]	[ 5 12]
[13 13]	[12 12]
[13 13]	[12 12]
[13 13]	[12 10]
[13 13]	[10 10]
[13 13]	[10 10]
[13 13]	[10 13]
[13 13]	[13 13]
[13 13]	[13 13]
[13 13]	[13 20]
[13 13]	[20 20]
[13 13]	[20 10]
[13 13]	[10 10]
[13 13]	[10 10]
[13 13]	[10  5]
[13 13]	[5 5]
[13 13]	[5 5]
[13 13]	[5 5]
[13 13]	[5 5]
[13 13]	[ 5 10]
[13 13]	[10 10]
[13 13]	[10 12]
[13 13]	[12 12]
[13 13]	[12  5]
[13 13]	[5 5]
[13 13]	[5 5]
[13 13]	[5 5]
[13 13]	[5 5]
[13 13]	[5 5]
[13 13]	[5 5]
[13 13]	[5 5]
[13 13]	[5 5]
[13 13]	[5 5]
[13 13]	[5 5]
[13 13]	[ 5 12]
[13 13]	[12 12]
[13 13]	[12 12]
[13 13]	[12 13]
[13 13]	[13 13]
[13 13]	[13 13]
[13 13]	[13 13]
[13 13]	[13 13]
[13 13]	[13 13]
[13 13]	[13 13]
[13 13]	[13 13]
[13 13]	[13 13]
[13 13]	[13 13]
[13 13]	[13 13]
[13 13]	[13  5]
[13 13]	[5 5]
[13 13]	[5 5]
[13 13]	[ 5 10]
[13 13]	[10 10]
[13 13]	[10 10]
[13 13]	[10 12]
[13 13]	[12 12]
[13 13]	[12 12]
[-1 -1]	[12 13]
[13 13]	[13 -1]
[13 13]	[-1 13]
[13 13]	[13 13]
[13 13]	[13 13]
[13 13]	[13 13]
[13 13]	[13 13]
[13 13]	[13 13]
[13 13]	[13 13]
[13 13]	[13 12]
[13 13]	[12 12]
[13 13]	[12 12]
[13 13]	[12 12]
[13 13]	[12 12]
[13 13]	[12 12]
[13 13]	[12 12]
[13 13]	[12 12]
[13 13]	[12 13]
[13 13]	[13 13]
[13 13]	[13 13]
[13 13]	[13 13]
[13 13]	[13 13]
[13 13]	[13 13]
[13 13]	[13 13]
[13 13]	[13  8]
[13 13]	[8 8]
[13 13]	[8 8]
[13 13]	[8 8]
[13 13]	[ 8 13]
[13 13]	[13 13]
[13 13]	[13 13]
[13 13]	[13  5]
[13 13]	[5 5]
[13 13]	[5 5]
[13 13]	[5 5]
[13 13]	[ 5 12]
[13 13]	[12 12]
[13 13]	[12 12]
[13 13]	[12 12]
[13 13]	[12  5]
[13 13]	[5 5]
[13 13]	[5 5]
[13 13]	[5 5]
[13 13]	[ 5 12]
[13 13]	[12 12]
[13 13]	[12 12]
[13 13]	[12  5]
[13 13]	[5 5]
[13 13]	[5 5]
[13 13]	[5 5]
[13 13]	[ 5 12]
[13 13]	[12 12]
[13 13]	[12 12]
[13 13]	[12 12]
[13 13]	[12  8]
[13 13]	[8 8]
[13 13]	[8 8]
[-1 -1]	[8 8]
[13 13]	[ 8 -1]
[13 13]	[-1 13]
[13 13]	[13 13]
[13 13]	[13  8]
[13 13]	[ 8 13]
[13 13]	[13 13]
[13 13]	[13  1]
[13 13]	[1 1]
[13 13]	[1 6]
[13 13]	[6 6]
[13 13]	[6 6]
[13 13]	[6 8]
[13 13]	[8 8]
[13 13]	[ 8 13]
[13 13]	[13 13]
[13 13]	[13 13]
[13 13]	[13 13]
[13 13]	[13 13]
[13 13]	[13 13]
[13 13]	[13 13]
[13 13]	[13 13]
[13 13]	[13 13]
[13 13]	[13  6]
[13 13]	[6 6]
[13 13]	[6 6]
[13 13]	[6 8]
[13 13]	[8 8]
[13 13]	[ 8 13]
[13 13]	[13 13]
[13 13]	[13 13]
[13 13]	[13 13]
[13 13]	[13 13]
[13 13]	[13  6]
[13 13]	[6 6]
[13 13]	[6 6]
[13 13]	[ 6 13]
[13 13]	[13 13]
[13 13]	[13 13]
[13 13]	[13 13]
[13 13]	[13 13]
[13 13]	[13 13]
[13 13]	[13 13]
[13 13]	[13 13]
[13 13]	[13 13]
[13 13]	[13 13]
[13 13]	[13 13]
[13 13]	[13  8]
[13 13]	[8 8]
[13 13]	[8 8]
[13 13]	[ 8 13]
[13 13]	[13 13]
[13 13]	[13 13]
[13 13]	[13 13]
[13 13]	[13 20]
[13 13]	[20 20]
[13 13]	[20 13]
[13 13]	[13 13]
[13 13]	[13 20]
[13 13]	[20 20]
[13 13]	[20 13]
[13 13]	[13 13]
[13 13]	[13 13]
[13 13]	[13 13]
[13 13]	[13 13]
[13 13]	[13 13]
[13 13]	[13 13]
[13 13]	[13 13]
[13 13]	[13 13]
[13 13]	[13  6]
[13 13]	[6 6]
[13 13]	[6 6]
[13 13]	[6 8]
[13 13]	[8 8]
[13 13]	[ 8 13]
[13 13]	[13 13]
[13 13]	[13 13]
[13 13]	[13 20]
[13 13]	[20 20]
[13 13]	[20 20]
[13 13]	[20 10]
[13 13]	[10 10]
[13 13]	[10 10]
[13 13]	[10  5]
[13 13]	[5 5]
[13 13]	[ 5 13]
[13 13]	[13 13]
[13 13]	[13 13]
[13 13]	[13 13]
[13 13]	[13 13]
[13 13]	[13 13]
[13 13]	[13 13]
[13 13]	[13 13]
[13 13]	[13 13]
[13 13]	[13  8]
[13 13]	[8 8]
[13 13]	[8 8]
[13 13]	[ 8 13]
[13 13]	[13 13]
[13 13]	[13  8]
[13 13]	[8 8]
[13 13]	[8 8]
[13 13]	[ 8 13]
[-1 -1]	[13 13]
[13 13]	[13 13]
[13 13]	[13 13]
[13 13]	[13 13]
[13 13]	[13 13]
[13 13]	[13 13]
[13 13]	[13 13]
[13 13]	[13 18]
[13 13]	[18 18]
[13 13]	[18 18]
[13 13]	[18 18]
[13 13]	[18 13]
[13 13]	[13 18]
[13 13]	[18 18]
[13 13]	[18 18]
[13 13]	[18 13]
[13 13]	[13 13]
[13 13]	[13  8]
[13 13]	[8 8]
[13 13]	[8 8]
[13 13]	[8 8]
[13 13]	[ 8 13]
[13 13]	[13 13]
[13 13]	[13 13]
[13 13]	[13  8]
[13 13]	[8 8]
[13 13]	[8 8]
[13 13]	[8 8]
[13 13]	[ 8 13]
[13 13]	[13 13]
[13 13]	[13 13]
[13 13]	[13 10]
[13 13]	[10 10]
[13 13]	[10 12]
[13 13]	[12 12]
[13 13]	[12 12]
[13 13]	[12 12]
[13 13]	[12  5]
[13 13]	[5 8]
[13 13]	[ 8 13]
[13 13]	[13 13]
[13 13]	[13 10]
[13 13]	[10 10]
[13 13]	[10 12]
[13 13]	[12 12]
[13 13]	[12 12]
[13 13]	[12 12]
[13 13]	[12  5]
[13 13]	[5 5]
[13 13]	[5 5]
[13 13]	[5 5]
[13 13]	[5 5]
[13 13]	[ 5 12]
[13 13]	[12 12]
[13 13]	[12 12]
[13 13]	[12 12]
[13 13]	[12  5]
[13 13]	[5 5]
[13 13]	[5 5]
[13 13]	[ 5 18]
[13 13]	[18 18]
[13 13]	[18 13]
[13 13]	[13 13]
[13 13]	[13  8]
[13 13]	[8 8]
[13 13]	[8 8]
[13 13]	[8 8]
[13 13]	[ 8 13]
[13 13]	[13 18]
[13 13]	[18 18]
[13 13]	[18 18]
[13 13]	[18 13]
[13 13]	[13 13]
[13 13]	[13 12]
[13 13]	[12 12]
[13 13]	[12 12]
[13 13]	[12 12]
[13 13]	[12  5]
[13 13]	[5 5]
[13 13]	[5 5]
[13 13]	[ 5 18]
[13 13]	[18 18]
[13 13]	[18 13]
