Accuracy: 0.3325716699629409

n_chords: 2
n_melody: 0
t_prior: 230.0
e_prior: 300.0
dataset: The Session
keys: All
filter_train_set: True
filter_val_set: True

~ First 3000 predicted states ~
Predicted	True
[-1 -1]	[-1 -1]
[1 1]	[-1  1]
[1 1]	[1 1]
[1 1]	[1 1]
[1 1]	[1 1]
[1 1]	[1 1]
[1 1]	[1 1]
[1 1]	[1 8]
[1 1]	[8 8]
[1 1]	[8 8]
[1 1]	[8 1]
[1 1]	[1 1]
[1 1]	[1 1]
[1 1]	[1 6]
[1 1]	[6 6]
[1 1]	[6 6]
[1 1]	[ 6 10]
[1 1]	[10 10]
[1 1]	[10 10]
[1 1]	[10  3]
[1 1]	[3 3]
[1 1]	[3 3]
[1 1]	[3 8]
[1 1]	[8 8]
[1 1]	[8 8]
[1 1]	[8 1]
[1 1]	[1 1]
[1 1]	[1 1]
[1 1]	[1 1]
[1 1]	[1 1]
[1 1]	[1 1]
[1 1]	[1 8]
[1 1]	[8 8]
[1 1]	[8 8]
[1 1]	[8 1]
[1 1]	[1 1]
[1 1]	[1 1]
[1 1]	[1 6]
[1 1]	[6 6]
[1 1]	[6 6]
[1 1]	[6 6]
[1 1]	[6 6]
[1 1]	[6 6]
[1 1]	[6 8]
[1 1]	[8 8]
[1 1]	[8 8]
[1 1]	[8 1]
[1 1]	[ 1 10]
[1 1]	[10 10]
[1 1]	[10 10]
[1 1]	[10 10]
[1 1]	[10 10]
[1 1]	[10 10]
[1 1]	[10 10]
[1 1]	[10 10]
[1 1]	[10 10]
[1 1]	[10  8]
[1 1]	[8 8]
[1 1]	[8 8]
[1 1]	[8 1]
[1 1]	[1 1]
[1 1]	[1 1]
[1 1]	[1 3]
[1 1]	[3 3]
[1 1]	[3 3]
[1 1]	[3 8]
[1 1]	[8 8]
[1 1]	[8 8]
[1 1]	[8 8]
[1 1]	[8 8]
[1 1]	[8 8]
[1 1]	[ 8 10]
[1 1]	[10 10]
[1 1]	[10 10]
[1 1]	[10 10]
[1 1]	[10 10]
[1 1]	[10 10]
[1 1]	[10 10]
[1 1]	[10 10]
[1 1]	[10 10]
[1 1]	[10  8]
[1 1]	[8 8]
[1 1]	[8 8]
[1 1]	[8 1]
[1 1]	[1 1]
[1 1]	[1 1]
[1 1]	[1 8]
[1 1]	[8 8]
[1 1]	[8 8]
[1 1]	[8 8]
[1 1]	[8 8]
[1 1]	[8 8]
[1 1]	[8 1]
[1 1]	[1 1]
[1 1]	[1 1]
[1 1]	[1 1]
[1 1]	[1 1]
[1 1]	[1 1]
[1 1]	[1 1]
[1 1]	[1 1]
[1 1]	[1 1]
[1 1]	[1 1]
[1 1]	[1 1]
[1 1]	[1 1]
[1 1]	[1 1]
[1 1]	[1 1]
[1 1]	[1 1]
[1 1]	[1 1]
[1 1]	[1 1]
[1 1]	[1 1]
[1 1]	[1 8]
[1 1]	[8 8]
[1 1]	[8 8]
[1 1]	[8 1]
[1 1]	[1 1]
[1 1]	[1 1]
[1 1]	[1 3]
[1 1]	[3 3]
[1 1]	[3 3]
[1 1]	[3 8]
[1 1]	[8 8]
[1 1]	[8 8]
[1 1]	[8 8]
[1 1]	[8 8]
[1 1]	[8 8]
[1 1]	[8 1]
[1 1]	[1 1]
[1 1]	[1 1]
[1 1]	[1 1]
[1 1]	[1 1]
[1 1]	[1 1]
[1 1]	[1 1]
[1 1]	[1 1]
[1 1]	[1 1]
[1 1]	[1 8]
[1 1]	[8 8]
[1 1]	[8 8]
[1 1]	[8 6]
[1 1]	[6 6]
[1 1]	[6 6]
[1 1]	[6 8]
[1 1]	[8 8]
[1 1]	[8 8]
[1 1]	[8 8]
[1 1]	[8 8]
[1 1]	[8 8]
[1 1]	[8 1]
[1 1]	[1 1]
[1 1]	[1 1]
[1 1]	[1 1]
[1 1]	[1 1]
[1 1]	[1 1]
[1 1]	[1 1]
[1 1]	[1 1]
[-1 -1]	[1 1]
[13 13]	[ 1 -1]
[13 13]	[-1 -1]
[13 13]	[-1 13]
[13 13]	[13 13]
[13 13]	[13 13]
[13 13]	[13 13]
[13 13]	[13 13]
[13 13]	[13 13]
[13 13]	[13 13]
[13 13]	[13 13]
[13 13]	[13 10]
[13 13]	[10 10]
[13 13]	[10 10]
[13 13]	[10 10]
[13 13]	[10 10]
[13 13]	[10 10]
[13 13]	[10 10]
[13 13]	[10 10]
[13 13]	[10 12]
[13 13]	[12 12]
[13 13]	[12 12]
[13 13]	[12 12]
[13 13]	[12 12]
[13 13]	[12 12]
[13 13]	[12 12]
[13 13]	[12 12]
[13 13]	[12 12]
[13 13]	[12 12]
[13 13]	[12 12]
[13 13]	[12 12]
[13 13]	[12 12]
[13 13]	[12 12]
[13 13]	[12 12]
[13 13]	[12 12]
[13 13]	[12 13]
[13 13]	[13 13]
[13 13]	[13 13]
[13 13]	[13 13]
[13 13]	[13 13]
[13 13]	[13 13]
[13 13]	[13 13]
[13 13]	[13 13]
[13 13]	[13 10]
[13 13]	[10 10]
[13 13]	[10 10]
[13 13]	[10 10]
[13 13]	[10 10]
[13 13]	[10 10]
[13 13]	[10 10]
[13 13]	[10 10]
[13 13]	[10 12]
[13 13]	[12 12]
[13 13]	[12 12]
[13 13]	[12 12]
[13 13]	[12 12]
[13 13]	[12 12]
[13 13]	[12 12]
[13 13]	[12 12]
[13 13]	[12 12]
[13 13]	[12 12]
[13 13]	[12 12]
[13 13]	[12 12]
[13 13]	[12 13]
[13 13]	[13 13]
[13 13]	[13 13]
[13 13]	[13 13]
[13 13]	[13 13]
[13 13]	[13 13]
[13 13]	[13 13]
[13 13]	[13 13]
[13 13]	[13 13]
[13 13]	[13 13]
[13 13]	[13 13]
[13 13]	[13 13]
[13 13]	[13 13]
[13 13]	[13 13]
[13 13]	[13 13]
[13 13]	[13 13]
[13 13]	[13 13]
[13 13]	[13 13]
[13 13]	[13 13]
[13 13]	[13 12]
[13 13]	[12 12]
[13 13]	[12 12]
[13 13]	[12 12]
[13 13]	[12 12]
[13 13]	[12 12]
[13 13]	[12 12]
[13 13]	[12 12]
[13 13]	[12 12]
[13 13]	[12 12]
[13 13]	[12 12]
[13 13]	[12 12]
[13 13]	[12 12]
[13 13]	[12 12]
[13 13]	[12 12]
[13 13]	[12 12]
[13 13]	[12 13]
[13 13]	[13 13]
[13 13]	[13 13]
[13 13]	[13 13]
[13 13]	[13 13]
[13 13]	[13 13]
[13 13]	[13 13]
[13 13]	[13 13]
[13 13]	[13 13]
[13 13]	[13 13]
[13 13]	[13 13]
[13 13]	[13 13]
[13 13]	[13 13]
[13 13]	[13 13]
[13 13]	[13 13]
[13 13]	[13 13]
[13 13]	[13 12]
[13 13]	[12 12]
[13 13]	[12 12]
[13 13]	[12 12]
[13 13]	[12 12]
[13 13]	[12 12]
[13 13]	[12 12]
[13 13]	[12 12]
[13 13]	[12 13]
[13 13]	[13 13]
[13 13]	[13 13]
[-1 -1]	[13 13]
[1 1]	[13 -1]
[1 1]	[-1 -1]
[1 1]	[-1  1]
[1 1]	[1 1]
[1 1]	[1 1]
[1 1]	[1 1]
[1 1]	[ 1 15]
[1 1]	[15 15]
[1 1]	[15 15]
[1 1]	[15  1]
[1 1]	[1 1]
[1 1]	[1 1]
[1 1]	[1 8]
[1 1]	[8 8]
[1 1]	[8 8]
[1 1]	[8 8]
[1 1]	[8 1]
[1 1]	[1 1]
[1 1]	[1 1]
[1 1]	[1 1]
[1 1]	[ 1 15]
[1 1]	[15 15]
[1 1]	[15 15]
[1 1]	[15 22]
[1 1]	[22 22]
[1 1]	[22 22]
[1 1]	[22 22]
[1 1]	[22 22]
[1 1]	[22 22]
[1 1]	[22 22]
[1 1]	[22  1]
[1 1]	[1 1]
[1 1]	[1 1]
[1 1]	[1 1]
[1 1]	[ 1 15]
[1 1]	[15 15]
[1 1]	[15 15]
[1 1]	[15  1]
[1 1]	[1 1]
[1 1]	[1 1]
[1 1]	[1 8]
[1 1]	[8 8]
[1 1]	[8 8]
[1 1]	[8 8]
[1 1]	[8 1]
[1 1]	[1 1]
[1 1]	[1 1]
[1 1]	[1 1]
[1 1]	[ 1 15]
[1 1]	[15 15]
[1 1]	[15 15]
[1 1]	[15 15]
[1 1]	[15 22]
[1 1]	[22 22]
[1 1]	[22 22]
[1 1]	[22 22]
[1 1]	[22 22]
[1 1]	[22 22]
[1 1]	[22  1]
[1 1]	[1 1]
[1 1]	[1 1]
[1 1]	[1 1]
[1 1]	[1 1]
[1 1]	[1 1]
[1 1]	[1 1]
[1 1]	[1 1]
[1 1]	[1 1]
[1 1]	[1 1]
[1 1]	[1 1]
[1 1]	[1 1]
[1 1]	[1 1]
[1 1]	[1 1]
[1 1]	[ 1 22]
[1 1]	[22 22]
[1 1]	[22 22]
[1 1]	[22 22]
[1 1]	[22 22]
[1 1]	[22 22]
[1 1]	[22 22]
[1 1]	[22  1]
[1 1]	[1 1]
[1 1]	[1 1]
[1 1]	[1 1]
[1 1]	[1 8]
[1 1]	[8 8]
[1 1]	[8 8]
[1 1]	[8 1]
[1 1]	[1 1]
[1 1]	[1 1]
[1 1]	[1 1]
[1 1]	[1 1]
[1 1]	[1 1]
[1 1]	[1 1]
[1 1]	[1 1]
[1 1]	[ 1 22]
[1 1]	[22 22]
[1 1]	[22 22]
[1 1]	[22 22]
[1 1]	[22 22]
[1 1]	[22 22]
[1 1]	[22  1]
[1 1]	[1 1]
[1 1]	[1 1]
[1 1]	[1 1]
[1 1]	[ 1 15]
[1 1]	[15 15]
[1 1]	[15 15]
[1 1]	[15 15]
[1 1]	[15 22]
[1 1]	[22 22]
[1 1]	[22 22]
[1 1]	[22 22]
[1 1]	[22 22]
[1 1]	[22 22]
[1 1]	[22 22]
[1 1]	[22 22]
[1 1]	[22 22]
[-1 -1]	[22 22]
[1 1]	[22 -1]
[1 1]	[-1 -1]
[1 1]	[-1 -1]
[1 1]	[-1  1]
[1 1]	[1 1]
[1 1]	[1 1]
[1 1]	[1 1]
[1 1]	[1 1]
[1 1]	[1 1]
[1 1]	[1 1]
[1 1]	[1 1]
[1 1]	[1 1]
[1 1]	[1 1]
[1 1]	[1 1]
[1 1]	[1 1]
[1 1]	[1 1]
[1 1]	[1 1]
[1 1]	[1 1]
[1 1]	[1 1]
[1 1]	[1 1]
[1 1]	[1 1]
[1 1]	[1 1]
[1 1]	[1 1]
[1 1]	[1 1]
[1 1]	[1 1]
[1 1]	[1 1]
[1 1]	[1 1]
[1 1]	[1 1]
[1 1]	[1 1]
[1 1]	[1 1]
[1 1]	[1 1]
[1 1]	[1 1]
[1 1]	[1 1]
[1 1]	[1 1]
[1 1]	[1 1]
[1 1]	[1 1]
[1 1]	[1 1]
[1 1]	[1 1]
[1 1]	[1 8]
[1 1]	[8 8]
[1 1]	[8 8]
[1 1]	[8 8]
[1 1]	[8 8]
[1 1]	[8 8]
[1 1]	[8 1]
[1 1]	[1 1]
[1 1]	[1 1]
[1 1]	[1 1]
[1 1]	[1 1]
[1 1]	[1 1]
[1 1]	[1 1]
[1 1]	[1 1]
[1 1]	[1 1]
[1 1]	[1 1]
[1 1]	[1 1]
[1 1]	[1 1]
[1 1]	[1 1]
[1 1]	[1 1]
[1 1]	[1 1]
[1 1]	[1 1]
[1 1]	[1 1]
[1 1]	[1 1]
[1 1]	[1 1]
[1 1]	[1 1]
[1 1]	[1 1]
[1 1]	[1 1]
[1 1]	[1 1]
[1 1]	[ 1 15]
[1 1]	[15 15]
[1 1]	[15 15]
[1 1]	[15  1]
[1 1]	[1 1]
[1 1]	[1 1]
[1 1]	[1 1]
[1 1]	[1 1]
[1 1]	[1 1]
[1 1]	[1 1]
[1 1]	[1 1]
[1 1]	[1 1]
[1 1]	[1 1]
[1 1]	[1 1]
[1 1]	[1 1]
[1 1]	[1 1]
[1 1]	[1 1]
[1 1]	[1 1]
[1 1]	[1 1]
[1 1]	[1 8]
[1 1]	[8 8]
[1 1]	[8 8]
[1 1]	[8 8]
[1 1]	[8 8]
[1 1]	[8 8]
[1 1]	[8 1]
[1 1]	[1 1]
[1 1]	[1 1]
[1 1]	[1 1]
[1 1]	[1 1]
[1 1]	[1 1]
[1 1]	[1 1]
[1 1]	[1 1]
[1 1]	[1 6]
[1 1]	[6 6]
[1 1]	[6 6]
[1 1]	[6 6]
[1 1]	[6 6]
[1 1]	[6 1]
[1 1]	[1 1]
[1 1]	[1 1]
[1 1]	[1 1]
[1 1]	[1 1]
[1 1]	[1 1]
[1 1]	[1 8]
[1 1]	[8 8]
[1 1]	[8 8]
[1 1]	[8 8]
[1 1]	[8 8]
[1 1]	[8 1]
[1 1]	[1 1]
[1 1]	[1 1]
[1 1]	[1 1]
[1 1]	[1 1]
[1 1]	[1 6]
[1 1]	[6 6]
[1 1]	[6 6]
[1 1]	[6 6]
[1 1]	[6 6]
[1 1]	[6 1]
[1 1]	[1 1]
[1 1]	[1 1]
[1 1]	[1 1]
[1 1]	[1 1]
[1 1]	[1 1]
[1 1]	[1 8]
[1 1]	[8 8]
[1 1]	[8 8]
[1 1]	[8 8]
[1 1]	[8 8]
[1 1]	[8 8]
[1 1]	[8 1]
[1 1]	[1 1]
[1 1]	[1 1]
[-1 -1]	[1 1]
[1 1]	[ 1 -1]
[1 1]	[-1 -1]
[1 1]	[-1 -1]
[1 1]	[-1 13]
[1 1]	[13 13]
[1 1]	[13 13]
[1 1]	[13 13]
[1 1]	[13 13]
[1 1]	[13 13]
[1 1]	[13  8]
[1 1]	[8 8]
[1 1]	[8 8]
[1 1]	[8 8]
[1 1]	[8 8]
[1 1]	[8 8]
[1 1]	[8 8]
[1 1]	[8 8]
[1 1]	[8 8]
[1 1]	[8 8]
[1 1]	[8 8]
[1 1]	[8 8]
[1 1]	[8 8]
[1 1]	[8 8]
[1 1]	[ 8 13]
[1 1]	[13 13]
[1 1]	[13 13]
[1 1]	[13 13]
[1 1]	[13 13]
[1 1]	[13 13]
[1 1]	[13 18]
[1 1]	[18 18]
[1 1]	[18 18]
[1 1]	[18 18]
[1 1]	[18 18]
[1 1]	[18 18]
[1 1]	[18 13]
[1 1]	[13 13]
[1 1]	[13 13]
[1 1]	[13 13]
[1 1]	[13 13]
[1 1]	[13 13]
[1 1]	[13  3]
[1 1]	[3 3]
[1 1]	[3 3]
[1 1]	[3 3]
[1 1]	[3 3]
[1 1]	[3 3]
[1 1]	[3 8]
[1 1]	[8 8]
[1 1]	[8 8]
[1 1]	[8 8]
[1 1]	[8 8]
[1 1]	[ 8 13]
[1 1]	[13 13]
[1 1]	[13 13]
[1 1]	[13 13]
[1 1]	[13 13]
[1 1]	[13 13]
[1 1]	[13  8]
[1 1]	[8 8]
[1 1]	[8 8]
[1 1]	[8 8]
[1 1]	[8 8]
[1 1]	[8 8]
[1 1]	[8 8]
[1 1]	[8 8]
[1 1]	[8 8]
[1 1]	[8 8]
[1 1]	[8 8]
[1 1]	[8 8]
[1 1]	[8 8]
[1 1]	[8 8]
[1 1]	[ 8 13]
[1 1]	[13 13]
[1 1]	[13 13]
[1 1]	[13 13]
[1 1]	[13 13]
[1 1]	[13 13]
[1 1]	[13 18]
[1 1]	[18 18]
[1 1]	[18 18]
[1 1]	[18 18]
[1 1]	[18 18]
[1 1]	[18 18]
[1 1]	[18 18]
[1 1]	[18 18]
[1 1]	[18 13]
[1 1]	[13 13]
[1 1]	[13 13]
[1 1]	[13 13]
[1 1]	[13 13]
[1 1]	[13 13]
[1 1]	[13 13]
[1 1]	[13 13]
[1 1]	[13 13]
[1 1]	[13  8]
[1 1]	[8 8]
[1 1]	[8 8]
[1 1]	[8 8]
[1 1]	[8 8]
[1 1]	[8 8]
[1 1]	[8 8]
[1 1]	[8 8]
[1 1]	[ 8 13]
[1 1]	[13 13]
[1 1]	[13 13]
[1 1]	[13 13]
[1 1]	[13 13]
[1 1]	[13  5]
[1 1]	[5 5]
[1 1]	[5 5]
[1 1]	[5 5]
[1 1]	[5 5]
[1 1]	[5 5]
[1 1]	[ 5 18]
[1 1]	[18 18]
[1 1]	[18 18]
[1 1]	[18 18]
[13 13]	[18 18]
[13 13]	[18 12]
[13 13]	[12 12]
[13 13]	[12 12]
[13 13]	[12 12]
[13 13]	[12 12]
[13 13]	[12 12]
[13 13]	[12 12]
[13 13]	[12 12]
[13 13]	[12  5]
[13 13]	[5 5]
[13 13]	[5 5]
[13 13]	[5 5]
[13 13]	[5 5]
[13 13]	[5 5]
[13 13]	[5 5]
[13 13]	[5 5]
[13 13]	[5 5]
[13 13]	[5 5]
[13 13]	[5 5]
[13 13]	[5 5]
[13 13]	[5 5]
[13 13]	[ 5 18]
[13 13]	[18 18]
[13 13]	[18 18]
[13 13]	[18 18]
[13 13]	[18 18]
[13 13]	[18 12]
[13 13]	[12 12]
[13 13]	[12 12]
[13 13]	[12 12]
[13 13]	[12 12]
[13 13]	[12 12]
[13 13]	[12  5]
[13 13]	[5 5]
[13 13]	[5 5]
[13 13]	[5 5]
[13 13]	[5 5]
[13 13]	[5 5]
[13 13]	[5 5]
[13 13]	[5 5]
[13 13]	[5 5]
[13 13]	[5 5]
[13 13]	[5 5]
[13 13]	[5 5]
[13 13]	[5 5]
[13 13]	[ 5 18]
[13 13]	[18 18]
[13 13]	[18 18]
[13 13]	[18 18]
[13 13]	[18 18]
[13 13]	[18 18]
[13 13]	[18 18]
[13 13]	[18 18]
[13 13]	[18 18]
[13 13]	[18 12]
[13 13]	[12 12]
[13 13]	[12 12]
[13 13]	[12 12]
[13 13]	[12 12]
[13 13]	[12 12]
[13 13]	[12 12]
[13 13]	[12 12]
[13 13]	[12  5]
[13 13]	[5 5]
[13 13]	[5 5]
[13 13]	[5 5]
[13 13]	[5 5]
[13 13]	[5 5]
[13 13]	[5 5]
[13 13]	[ 5 10]
[13 13]	[10 10]
[13 13]	[10 10]
[13 13]	[10 10]
[13 13]	[10 23]
[13 13]	[23 23]
[13 13]	[23 23]
[13 13]	[23 23]
[13 13]	[23  5]
[13 13]	[5 5]
[13 13]	[5 5]
[13 13]	[5 5]
[13 13]	[5 1]
[13 13]	[1 1]
[13 13]	[1 1]
[13 13]	[1 1]
[13 13]	[ 1 18]
[13 13]	[18 18]
[13 13]	[18 18]
[13 13]	[18 18]
[13 13]	[18 12]
[13 13]	[12 12]
[13 13]	[12 12]
[13 13]	[12 12]
[13 13]	[12  5]
[13 13]	[5 5]
[13 13]	[5 5]
[13 13]	[5 5]
[13 13]	[5 5]
[13 13]	[5 1]
[13 13]	[1 1]
[13 13]	[1 1]
[13 13]	[1 1]
[13 13]	[1 1]
[13 13]	[1 1]
[13 13]	[1 1]
[13 13]	[1 1]
[13 13]	[1 1]
[13 13]	[1 1]
[13 13]	[1 1]
[13 13]	[1 1]
[13 13]	[1 1]
[13 13]	[1 1]
[13 13]	[1 1]
[13 13]	[1 1]
[13 13]	[1 1]
[13 13]	[1 1]
[13 13]	[1 1]
[13 13]	[1 1]
[13 13]	[1 1]
[13 13]	[1 1]
[13 13]	[1 1]
[13 13]	[1 1]
[13 13]	[ 1 15]
[13 13]	[15 15]
[13 13]	[15 15]
[13 13]	[15 15]
[13 13]	[15 15]
[13 13]	[15 15]
[13 13]	[15 15]
[13 13]	[15 15]
[13 13]	[15 15]
[13 13]	[15 15]
[13 13]	[15 15]
[13 13]	[15 15]
[13 13]	[15 15]
[13 13]	[15 15]
[13 13]	[15 15]
[13 13]	[15 15]
[13 13]	[15  8]
[13 13]	[8 8]
[13 13]	[8 8]
[13 13]	[8 8]
[13 13]	[8 8]
[13 13]	[8 8]
[13 13]	[8 8]
[13 13]	[8 8]
[13 13]	[8 8]
[13 13]	[8 8]
[13 13]	[8 8]
[13 13]	[8 8]
[13 13]	[8 8]
[13 13]	[8 8]
[13 13]	[8 8]
[13 13]	[8 8]
[13 13]	[8 1]
[13 13]	[1 1]
[13 13]	[1 1]
[13 13]	[1 1]
[13 13]	[1 1]
[13 13]	[1 1]
[13 13]	[1 1]
[13 13]	[1 1]
[13 13]	[1 1]
[13 13]	[1 1]
[13 13]	[1 1]
[13 13]	[1 1]
[13 13]	[1 1]
[13 13]	[1 1]
[13 13]	[1 1]
[13 13]	[1 1]
[13 13]	[1 1]
[13 13]	[1 1]
[13 13]	[1 1]
[13 13]	[1 1]
[13 13]	[1 1]
[13 13]	[1 1]
[13 13]	[1 1]
[13 13]	[1 1]
[13 13]	[ 1 10]
[13 13]	[10 10]
[13 13]	[10 10]
[13 13]	[10 10]
[13 13]	[10 10]
[13 13]	[10 10]
[13 13]	[10 15]
[13 13]	[15 15]
[13 13]	[15 15]
[13 13]	[15 15]
[13 13]	[15 13]
[13 13]	[13 13]
[13 13]	[13 13]
[13 13]	[13 13]
[13 13]	[13  6]
[13 13]	[6 6]
[13 13]	[6 6]
[13 13]	[6 6]
[13 13]	[ 6 19]
[13 13]	[19 19]
[13 13]	[19 19]
[13 13]	[19 19]
[13 13]	[19  1]
[13 13]	[1 1]
[13 13]	[1 1]
[13 13]	[1 1]
[13 13]	[ 1 10]
[13 13]	[10 10]
[13 13]	[10 10]
[13 13]	[10 10]
[13 13]	[10 15]
[13 13]	[15 15]
[13 13]	[15 15]
[13 13]	[15 15]
[13 13]	[15  8]
[13 13]	[8 8]
[13 13]	[8 8]
[13 13]	[8 8]
[-1 -1]	[8 1]
[1 1]	[1 1]
[1 1]	[1 1]
[1 1]	[1 1]
[1 1]	[1 1]
[1 1]	[1 1]
[1 1]	[1 1]
[1 1]	[1 1]
[1 1]	[ 1 15]
[1 1]	[15 15]
[1 1]	[15 15]
[1 1]	[15 15]
[1 1]	[15  8]
[1 1]	[8 8]
[1 1]	[8 8]
[1 1]	[8 1]
[1 1]	[1 1]
[1 1]	[1 1]
[1 1]	[1 1]
[1 1]	[1 1]
[1 1]	[1 6]
[1 1]	[6 6]
[1 1]	[6 6]
[1 1]	[6 6]
[1 1]	[6 8]
[1 1]	[8 8]
[1 1]	[8 8]
[1 1]	[8 8]
[1 1]	[8 1]
[1 1]	[1 1]
[1 1]	[1 1]
[1 1]	[1 1]
[1 1]	[1 1]
[1 1]	[1 1]
[1 1]	[1 1]
[1 1]	[1 1]
[1 1]	[1 1]
[1 1]	[1 1]
[1 1]	[1 6]
[1 1]	[6 6]
[1 1]	[6 6]
[1 1]	[6 8]
[1 1]	[8 8]
[1 1]	[8 8]
[1 1]	[8 8]
[1 1]	[8 1]
[1 1]	[1 1]
[1 1]	[1 1]
[1 1]	[1 1]
[1 1]	[1 1]
[1 1]	[1 1]
[1 1]	[1 1]
[1 1]	[1 1]
[1 1]	[1 1]
[1 1]	[1 6]
[1 1]	[6 6]
[1 1]	[6 6]
[1 1]	[6 8]
[1 1]	[8 8]
[1 1]	[8 8]
[1 1]	[ 8 11]
[1 1]	[11 11]
[1 1]	[11 11]
[1 1]	[11 11]
[1 1]	[11 11]
[1 1]	[11 11]
[1 1]	[11  6]
[1 1]	[6 6]
[1 1]	[6 6]
[1 1]	[6 6]
[1 1]	[6 6]
[1 1]	[6 6]
[1 1]	[6 1]
[1 1]	[1 1]
[1 1]	[1 1]
[1 1]	[1 1]
[1 1]	[1 1]
[1 1]	[1 8]
[1 1]	[8 8]
[1 1]	[8 8]
[1 1]	[8 1]
[1 1]	[1 1]
[1 1]	[1 1]
[1 1]	[1 1]
[1 1]	[1 1]
[1 1]	[1 6]
[1 1]	[6 6]
[1 1]	[6 6]
[1 1]	[6 6]
[1 1]	[6 8]
[1 1]	[8 8]
[1 1]	[8 8]
[1 1]	[8 8]
[-1 -1]	[8 8]
[1 1]	[8 1]
[1 1]	[1 1]
[1 1]	[1 1]
[1 1]	[1 1]
[1 1]	[1 1]
[1 1]	[1 1]
[1 1]	[ 1 22]
[1 1]	[22 22]
[1 1]	[22 22]
[1 1]	[22 22]
[1 1]	[22  1]
[1 1]	[1 1]
[1 1]	[1 1]
[1 1]	[1 1]
[1 1]	[ 1 15]
[1 1]	[15 15]
[1 1]	[15 15]
[1 1]	[15 15]
[1 1]	[15  8]
[1 1]	[8 8]
[1 1]	[8 8]
[1 1]	[8 8]
[1 1]	[ 8 15]
[1 1]	[15 15]
[1 1]	[15 15]
[1 1]	[15 15]
[1 1]	[15  8]
[1 1]	[8 8]
[1 1]	[8 8]
[1 1]	[8 1]
[1 1]	[1 1]
[1 1]	[1 1]
[1 1]	[1 1]
[1 1]	[1 1]
[1 1]	[1 1]
[1 1]	[ 1 22]
[1 1]	[22 22]
[1 1]	[22 22]
[1 1]	[22 22]
[1 1]	[22  1]
[1 1]	[1 1]
[1 1]	[1 1]
[1 1]	[1 1]
[1 1]	[ 1 22]
[1 1]	[22 22]
[1 1]	[22 22]
[1 1]	[22  1]
[1 1]	[1 1]
[1 1]	[1 1]
[1 1]	[1 1]
[1 1]	[1 1]
[1 1]	[1 1]
[1 1]	[1 1]
[1 1]	[1 1]
[1 1]	[1 1]
[1 1]	[1 1]
[1 1]	[1 1]
[1 1]	[1 1]
[1 1]	[1 1]
[1 1]	[1 1]
[1 1]	[1 1]
[1 1]	[1 1]
[1 1]	[1 1]
[1 1]	[1 1]
[1 1]	[1 1]
[1 1]	[1 1]
[1 1]	[1 8]
[1 1]	[8 8]
[1 1]	[8 6]
[1 1]	[6 6]
[1 1]	[6 6]
[1 1]	[6 6]
[1 1]	[6 1]
[1 1]	[1 1]
[1 1]	[1 1]
[1 1]	[ 1 15]
[1 1]	[15 15]
[1 1]	[15 15]
[1 1]	[15 15]
[1 1]	[15  8]
[1 1]	[8 8]
[1 1]	[8 8]
[1 1]	[8 8]
[1 1]	[ 8 15]
[1 1]	[15 15]
[1 1]	[15 15]
[1 1]	[15 15]
[1 1]	[15  8]
[1 1]	[8 8]
[1 1]	[8 8]
[1 1]	[8 1]
[1 1]	[1 1]
[1 1]	[1 1]
[1 1]	[1 8]
[1 1]	[8 8]
[1 1]	[8 8]
[1 1]	[8 6]
[1 1]	[6 6]
[1 1]	[6 6]
[1 1]	[6 6]
[1 1]	[6 1]
[1 1]	[1 1]
[1 1]	[1 1]
[1 1]	[ 1 22]
[1 1]	[22 22]
[1 1]	[22 22]
[1 1]	[22  1]
[1 1]	[1 1]
[1 1]	[1 1]
[1 1]	[1 1]
[1 1]	[1 1]
[1 1]	[1 1]
[1 1]	[1 1]
[1 1]	[1 1]
[1 1]	[1 1]
[1 1]	[1 1]
[1 1]	[1 1]
[1 1]	[1 1]
[1 1]	[1 1]
[1 1]	[1 1]
[1 1]	[1 1]
[1 1]	[1 1]
[1 1]	[1 1]
[1 1]	[1 1]
[1 1]	[1 6]
[1 1]	[6 6]
[1 1]	[6 1]
[1 1]	[1 1]
[1 1]	[1 1]
[1 1]	[ 1 15]
[1 1]	[15 15]
[1 1]	[15 15]
[1 1]	[15  1]
[1 1]	[1 1]
[1 1]	[1 1]
[1 1]	[ 1 15]
[1 1]	[15 15]
[1 1]	[15 15]
[1 1]	[15 15]
[1 1]	[15  8]
[1 1]	[8 8]
[1 1]	[8 8]
[1 1]	[8 8]
[1 1]	[ 8 15]
[1 1]	[15 15]
[1 1]	[15 15]
[1 1]	[15 15]
[1 1]	[15  8]
[1 1]	[8 8]
[1 1]	[8 8]
[1 1]	[8 8]
[1 1]	[8 6]
[1 1]	[6 6]
[1 1]	[6 1]
[1 1]	[1 1]
[1 1]	[1 1]
[1 1]	[1 1]
[1 1]	[ 1 15]
[1 1]	[15 15]
[1 1]	[15 15]
[1 1]	[15  1]
[1 1]	[1 1]
[1 1]	[1 1]
[1 1]	[ 1 22]
[1 1]	[22 22]
[1 1]	[22 22]
[1 1]	[22  1]
[1 1]	[1 1]
[1 1]	[1 1]
[1 1]	[1 1]
[1 1]	[1 1]
[1 1]	[1 1]
[1 1]	[1 1]
[1 1]	[1 1]
[1 1]	[1 1]
[1 1]	[1 1]
[1 1]	[1 1]
[1 1]	[1 1]
[1 1]	[1 1]
[1 1]	[1 1]
[1 1]	[1 1]
[-1 -1]	[1 1]
[1 1]	[ 1 -1]
[1 1]	[-1  1]
[1 1]	[1 1]
[1 1]	[1 1]
[1 1]	[1 1]
[1 1]	[1 1]
[1 1]	[1 1]
[1 1]	[1 1]
[1 1]	[1 1]
[1 1]	[1 1]
[1 1]	[1 1]
[1 1]	[1 1]
[1 1]	[1 1]
[1 1]	[1 1]
[1 1]	[1 1]
[1 1]	[1 8]
[1 1]	[8 8]
[1 1]	[8 8]
[1 1]	[8 8]
[1 1]	[8 6]
[1 1]	[6 6]
[1 1]	[6 6]
[1 1]	[6 6]
[1 1]	[6 1]
[1 1]	[1 1]
[1 1]	[1 1]
[1 1]	[1 1]
[1 1]	[1 6]
[1 1]	[6 6]
[1 1]	[6 6]
[1 1]	[6 1]
[1 1]	[1 1]
[1 1]	[1 1]
[1 1]	[1 8]
[1 1]	[8 8]
[1 1]	[8 8]
[1 1]	[8 8]
[1 1]	[8 8]
[1 1]	[8 8]
[1 1]	[8 8]
[1 1]	[8 8]
[1 1]	[8 8]
[1 1]	[8 1]
[1 1]	[1 1]
[1 1]	[1 1]
[1 1]	[1 1]
[1 1]	[1 1]
[1 1]	[1 1]
[1 1]	[1 1]
[1 1]	[1 1]
[1 1]	[1 1]
[1 1]	[1 1]
[1 1]	[1 6]
[1 1]	[6 6]
[1 1]	[6 6]
[1 1]	[ 6 15]
[1 1]	[15 15]
[1 1]	[15 15]
[1 1]	[15 15]
[1 1]	[15  8]
[1 1]	[8 8]
[1 1]	[8 8]
[1 1]	[8 8]
[1 1]	[8 8]
[1 1]	[8 8]
[1 1]	[8 6]
[1 1]	[6 6]
[1 1]	[6 6]
[1 1]	[6 8]
[1 1]	[8 8]
[1 1]	[8 8]
[-1 -1]	[8 1]
[1 1]	[ 1 -1]
[1 1]	[-1 -1]
[1 1]	[-1 -1]
[1 1]	[-1  1]
[1 1]	[1 1]
[1 1]	[1 1]
[1 1]	[1 1]
[1 1]	[1 1]
[1 1]	[1 8]
[1 1]	[8 8]
[1 1]	[8 8]
[1 1]	[8 8]
[1 1]	[8 1]
[1 1]	[1 1]
[1 1]	[1 1]
[1 1]	[1 1]
[1 1]	[1 1]
[1 1]	[1 1]
[1 1]	[1 8]
[1 1]	[8 8]
[1 1]	[8 8]
[1 1]	[8 1]
[1 1]	[1 1]
[1 1]	[1 1]
[1 1]	[1 1]
[1 1]	[1 8]
[1 1]	[8 8]
[1 1]	[8 8]
[1 1]	[8 8]
[1 1]	[8 1]
[1 1]	[1 1]
[1 1]	[1 1]
[1 1]	[1 1]
[1 1]	[1 1]
[1 1]	[1 8]
[1 1]	[8 8]
[1 1]	[8 8]
[1 1]	[8 8]
[1 1]	[8 1]
[1 1]	[1 1]
[1 1]	[1 1]
[1 1]	[1 1]
[1 1]	[1 1]
[1 1]	[1 1]
[1 1]	[1 1]
[1 1]	[1 1]
[1 1]	[1 1]
[1 1]	[1 1]
[1 1]	[1 1]
[1 1]	[1 8]
[1 1]	[8 8]
[1 1]	[8 8]
[1 1]	[8 1]
[1 1]	[1 1]
[1 1]	[1 1]
[1 1]	[1 1]
[1 1]	[1 8]
[1 1]	[8 8]
[1 1]	[8 8]
[1 1]	[8 8]
[1 1]	[8 8]
[1 1]	[8 8]
[1 1]	[8 1]
[1 1]	[1 1]
[1 1]	[1 1]
[1 1]	[1 1]
[1 1]	[1 1]
[1 1]	[1 1]
[1 1]	[1 1]
[1 1]	[1 1]
[1 1]	[1 6]
[1 1]	[6 6]
[1 1]	[6 6]
[1 1]	[6 6]
[1 1]	[6 6]
[1 1]	[6 6]
[1 1]	[ 6 15]
[1 1]	[15 15]
[1 1]	[15 15]
[1 1]	[15 15]
[1 1]	[15 15]
[1 1]	[15 15]
[1 1]	[15 15]
[1 1]	[15 15]
[1 1]	[15  8]
[1 1]	[8 8]
[1 1]	[8 8]
[1 1]	[8 8]
[1 1]	[8 8]
[1 1]	[8 8]
[1 1]	[8 1]
[1 1]	[1 1]
[1 1]	[1 1]
[1 1]	[1 1]
[1 1]	[1 6]
[1 1]	[6 6]
[1 1]	[6 6]
[1 1]	[6 6]
[1 1]	[6 1]
[1 1]	[1 1]
[1 1]	[1 1]
[1 1]	[1 1]
[1 1]	[1 6]
[1 1]	[6 6]
[1 1]	[6 6]
[1 1]	[6 6]
[1 1]	[6 1]
[1 1]	[1 1]
[1 1]	[1 1]
[1 1]	[1 1]
[1 1]	[1 8]
[1 1]	[8 8]
[1 1]	[8 8]
[1 1]	[8 8]
[1 1]	[8 1]
[1 1]	[1 1]
[1 1]	[1 1]
[1 1]	[1 1]
[1 1]	[1 1]
[1 1]	[1 8]
[1 1]	[8 8]
[1 1]	[8 8]
[-1 -1]	[8 8]
[13 13]	[ 8 13]
[13 13]	[13 13]
[13 13]	[13 13]
[13 13]	[13 13]
[13 13]	[13 13]
[13 13]	[13 13]
[13 13]	[13 10]
[13 13]	[10 10]
[13 13]	[10 10]
[13 13]	[10 10]
[13 13]	[10 10]
[13 13]	[10 10]
[13 13]	[10  6]
[13 13]	[6 6]
[13 13]	[6 6]
[13 13]	[6 6]
[13 13]	[6 6]
[13 13]	[6 6]
[13 13]	[ 6 12]
[13 13]	[12 12]
[13 13]	[12 12]
[13 13]	[12 12]
[13 13]	[12 12]
[13 13]	[12 12]
[13 13]	[12 12]
[13 13]	[12 12]
[13 13]	[12 13]
[13 13]	[13 13]
[13 13]	[13 13]
[13 13]	[13 13]
[13 13]	[13 13]
[13 13]	[13 13]
[13 13]	[13 10]
[13 13]	[10 10]
[13 13]	[10 10]
[13 13]	[10 10]
[13 13]	[10 10]
[13 13]	[10 10]
[13 13]	[10 12]
[13 13]	[12 12]
[13 13]	[12 12]
[13 13]	[12 12]
[13 13]	[12 12]
[13 13]	[12 12]
[13 13]	[12 12]
[13 13]	[12 12]
[13 13]	[12 20]
[13 13]	[20 20]
[13 13]	[20 20]
[13 13]	[20 13]
[13 13]	[13 13]
[13 13]	[13 13]
[13 13]	[13 13]
[13 13]	[13 13]
[13 13]	[13 13]
[13 13]	[13 13]
[13 13]	[13 13]
[13 13]	[13 18]
[13 13]	[18 18]
[13 13]	[18 18]
[13 13]	[18 18]
[13 13]	[18 18]
[13 13]	[18 18]
[13 13]	[18 10]
[13 13]	[10 10]
[13 13]	[10 10]
[13 13]	[10 10]
[13 13]	[10 10]
[13 13]	[10 10]
[13 13]	[10  8]
[13 13]	[8 8]
[13 13]	[8 8]
[13 13]	[8 8]
[13 13]	[8 8]
[13 13]	[8 8]
[13 13]	[ 8 13]
[13 13]	[13 13]
[13 13]	[13 13]
[13 13]	[13 13]
[13 13]	[13 13]
[13 13]	[13 13]
[13 13]	[13 18]
[13 13]	[18 18]
[13 13]	[18 18]
[13 13]	[18 18]
[13 13]	[18 18]
[13 13]	[18 18]
[13 13]	[18 10]
[13 13]	[10 10]
[13 13]	[10 10]
[13 13]	[10 10]
[13 13]	[10 10]
[13 13]	[10 10]
[13 13]	[10  8]
[13 13]	[8 8]
[13 13]	[8 8]
[13 13]	[ 8 13]
[13 13]	[13 13]
[13 13]	[13 13]
[13 13]	[13 13]
[13 13]	[13 13]
[13 13]	[13 13]
[13 13]	[13 13]
[13 13]	[13 10]
[13 13]	[10 10]
[13 13]	[10 10]
[13 13]	[10 10]
[13 13]	[10 10]
[13 13]	[10 10]
[13 13]	[10  6]
[13 13]	[6 6]
[13 13]	[6 6]
[13 13]	[6 6]
[13 13]	[6 6]
[13 13]	[6 6]
[13 13]	[ 6 12]
[13 13]	[12 12]
[13 13]	[12 12]
[13 13]	[12 12]
[13 13]	[12 12]
[13 13]	[12 12]
[13 13]	[12 12]
[13 13]	[12 12]
[13 13]	[12 13]
[13 13]	[13 13]
[13 13]	[13 13]
[13 13]	[13 13]
[13 13]	[13 13]
[13 13]	[13 13]
[13 13]	[13 10]
[13 13]	[10 10]
[13 13]	[10 10]
[13 13]	[10 10]
[13 13]	[10 10]
[13 13]	[10 10]
[13 13]	[10 12]
[13 13]	[12 12]
[13 13]	[12 12]
[13 13]	[12 12]
[13 13]	[12 12]
[13 13]	[12 12]
[13 13]	[12 12]
[13 13]	[12 12]
[13 13]	[12 20]
[1 1]	[20 20]
[1 1]	[20 20]
[1 1]	[20 13]
[1 1]	[13 13]
[1 1]	[13 13]
[1 1]	[13 13]
[1 1]	[13 13]
[1 1]	[13 13]
[1 1]	[13 13]
[1 1]	[13 13]
[1 1]	[13 18]
[1 1]	[18 18]
[1 1]	[18 18]
[1 1]	[18 18]
[1 1]	[18 18]
[1 1]	[18 18]
[1 1]	[18 10]
[1 1]	[10 10]
[1 1]	[10 10]
[1 1]	[10 10]
[1 1]	[10 10]
[1 1]	[10 10]
[1 1]	[10  8]
[1 1]	[8 8]
[1 1]	[8 8]
[1 1]	[8 8]
[1 1]	[8 8]
[1 1]	[8 8]
[1 1]	[ 8 13]
[1 1]	[13 13]
[1 1]	[13 13]
[1 1]	[13 13]
[1 1]	[13 13]
[1 1]	[13 18]
[1 1]	[18 18]
[1 1]	[18 18]
[1 1]	[18 18]
[1 1]	[18 18]
[1 1]	[18 18]
[1 1]	[18 10]
[1 1]	[10 10]
[1 1]	[10 10]
[1 1]	[10 10]
[1 1]	[10 10]
[1 1]	[10 10]
[1 1]	[10  8]
[1 1]	[8 8]
[1 1]	[8 8]
[1 1]	[8 8]
[1 1]	[8 8]
[1 1]	[ 8 13]
[1 1]	[13 13]
[1 1]	[13 13]
[1 1]	[13 13]
[1 1]	[13 13]
[1 1]	[13 13]
[1 1]	[13 18]
[1 1]	[18 18]
[1 1]	[18 18]
[1 1]	[18 18]
[1 1]	[18 18]
[1 1]	[18 18]
[1 1]	[18 10]
[1 1]	[10 10]
[1 1]	[10 10]
[1 1]	[10 10]
[1 1]	[10 10]
[1 1]	[10 10]
[1 1]	[10  8]
[1 1]	[8 8]
[1 1]	[8 8]
[1 1]	[8 8]
[1 1]	[8 8]
[1 1]	[8 8]
[1 1]	[ 8 13]
[1 1]	[13 13]
[1 1]	[13 13]
[1 1]	[13 13]
[1 1]	[13 13]
[1 1]	[13 13]
[1 1]	[13 10]
[1 1]	[10 10]
[1 1]	[10 10]
[1 1]	[10 10]
[1 1]	[10 10]
[1 1]	[10 10]
[1 1]	[10 12]
[1 1]	[12 12]
[1 1]	[12 12]
[1 1]	[12 12]
[1 1]	[12 12]
[1 1]	[12 12]
[1 1]	[12 20]
[1 1]	[20 20]
[1 1]	[20 20]
[-1 -1]	[20 13]
[1 1]	[13  1]
[1 1]	[1 1]
[1 1]	[1 1]
[1 1]	[1 1]
[1 1]	[1 1]
[1 1]	[1 1]
[1 1]	[1 1]
[1 1]	[1 1]
[1 1]	[1 1]
[1 1]	[1 1]
[1 1]	[1 1]
[1 1]	[1 6]
[1 1]	[6 6]
[1 1]	[6 6]
[1 1]	[6 6]
[1 1]	[6 6]
[1 1]	[6 6]
[1 1]	[6 1]
[1 1]	[1 1]
[1 1]	[1 1]
[1 1]	[1 1]
[1 1]	[1 1]
[1 1]	[1 1]
[1 1]	[1 1]
[1 1]	[1 1]
[1 1]	[1 1]
[1 1]	[1 1]
[1 1]	[1 1]
[1 1]	[1 1]
[1 1]	[1 1]
[1 1]	[1 1]
[1 1]	[1 1]
[1 1]	[1 6]
[1 1]	[6 6]
[1 1]	[6 6]
[1 1]	[6 6]
[1 1]	[6 6]
[1 1]	[6 6]
[1 1]	[6 1]
[1 1]	[1 1]
[1 1]	[1 1]
[1 1]	[1 1]
[1 1]	[1 6]
[1 1]	[6 6]
[1 1]	[6 6]
[1 1]	[6 6]
[1 1]	[6 6]
[1 1]	[6 6]
[1 1]	[6 6]
[1 1]	[6 6]
[1 1]	[6 6]
[1 1]	[6 6]
[1 1]	[6 1]
[1 1]	[1 1]
[1 1]	[1 1]
[1 1]	[1 1]
[1 1]	[1 1]
[1 1]	[1 1]
[1 1]	[1 1]
[1 1]	[1 1]
[1 1]	[1 6]
[1 1]	[6 6]
[1 1]	[6 6]
[1 1]	[6 6]
[1 1]	[6 1]
[1 1]	[1 1]
[1 1]	[1 1]
[1 1]	[1 1]
[1 1]	[1 1]
[1 1]	[1 1]
[1 1]	[1 1]
[1 1]	[1 6]
[1 1]	[6 6]
[1 1]	[6 6]
[1 1]	[6 6]
[1 1]	[6 6]
[1 1]	[6 6]
[1 1]	[6 1]
[1 1]	[1 1]
[1 1]	[1 1]
[1 1]	[ 1 15]
[1 1]	[15 15]
[1 1]	[15 15]
[1 1]	[15  1]
[1 1]	[1 1]
[1 1]	[ 1 15]
[1 1]	[15 15]
[-1 -1]	[15 15]
[13 13]	[15 13]
[13 13]	[13 13]
[13 13]	[13 13]
[13 13]	[13 13]
[13 13]	[13 13]
[13 13]	[13 13]
[13 13]	[13 13]
[13 13]	[13 13]
[13 13]	[13 13]
[13 13]	[13 13]
[13 13]	[13 13]
[13 13]	[13 13]
[13 13]	[13 13]
[13 13]	[13 13]
[13 13]	[13 13]
[13 13]	[13 13]
[13 13]	[13 13]
[13 13]	[13 13]
[13 13]	[13 13]
[13 13]	[13 13]
[13 13]	[13 13]
[13 13]	[13 12]
[13 13]	[12 12]
[13 13]	[12 12]
[13 13]	[12 12]
[13 13]	[12 12]
[13 13]	[12 12]
[13 13]	[12 12]
[13 13]	[12 13]
[13 13]	[13 13]
[13 13]	[13 13]
[13 13]	[13 13]
[13 13]	[13 13]
[13 13]	[13 13]
[13 13]	[13 13]
[13 13]	[13 13]
[13 13]	[13 13]
[13 13]	[13 13]
[13 13]	[13 13]
[13 13]	[13 13]
[13 13]	[13 13]
[13 13]	[13 13]
[13 13]	[13  5]
[13 13]	[5 5]
[13 13]	[5 5]
[13 13]	[5 5]
[13 13]	[5 5]
[13 13]	[5 5]
[13 13]	[5 5]
[13 13]	[5 5]
[13 13]	[ 5 12]
[13 13]	[12 12]
[13 13]	[12 12]
[13 13]	[12 12]
[13 13]	[12 12]
[13 13]	[12 12]
[13 13]	[12 12]
[13 13]	[12 12]
[1 1]	[12 12]
[1 1]	[12 12]
[1 1]	[12 12]
[1 1]	[12 12]
[1 1]	[12  6]
[1 1]	[6 6]
[1 1]	[6 6]
[1 1]	[6 6]
[1 1]	[ 6 12]
[1 1]	[12 12]
[1 1]	[12 12]
[1 1]	[12 12]
[1 1]	[12 12]
[1 1]	[12 20]
[1 1]	[20 20]
[1 1]	[20 20]
[1 1]	[20 12]
[1 1]	[12 12]
[1 1]	[12 12]
[1 1]	[12 12]
[1 1]	[12 12]
[1 1]	[12  6]
[1 1]	[6 6]
[1 1]	[6 6]
[1 1]	[6 6]
[1 1]	[6 6]
[1 1]	[6 6]
[1 1]	[6 6]
[1 1]	[6 6]
[1 1]	[ 6 12]
[1 1]	[12 12]
[1 1]	[12 12]
[1 1]	[12 12]
[1 1]	[12 12]
[1 1]	[12 12]
[1 1]	[12 12]
[1 1]	[12 12]
[1 1]	[12  5]
[1 1]	[5 5]
[1 1]	[5 5]
[1 1]	[5 5]
[1 1]	[ 5 12]
[1 1]	[12 12]
[1 1]	[12 12]
[1 1]	[12 12]
[1 1]	[12  6]
[1 1]	[6 6]
[1 1]	[6 6]
[1 1]	[ 6 12]
[1 1]	[12 12]
[1 1]	[12 12]
[1 1]	[12 12]
[1 1]	[12 12]
[1 1]	[12  5]
[1 1]	[5 5]
[1 1]	[5 5]
[1 1]	[5 5]
[1 1]	[5 6]
[1 1]	[6 6]
[1 1]	[6 6]
[1 1]	[6 6]
[1 1]	[ 6 12]
[1 1]	[12 12]
[1 1]	[12 12]
[1 1]	[12 12]
[1 1]	[12 12]
[1 1]	[12 12]
[1 1]	[12 12]
[1 1]	[12 12]
[1 1]	[12 12]
[1 1]	[12 12]
[1 1]	[12 12]
[1 1]	[12 12]
[1 1]	[12 12]
[1 1]	[12 12]
[1 1]	[12 12]
[1 1]	[12  6]
[1 1]	[6 6]
[1 1]	[6 6]
[1 1]	[ 6 12]
[1 1]	[12 12]
[1 1]	[12 12]
[1 1]	[12 12]
[1 1]	[12  5]
[1 1]	[5 5]
[1 1]	[5 5]
[1 1]	[5 5]
[1 1]	[5 6]
[1 1]	[6 6]
[1 1]	[6 6]
[1 1]	[6 6]
[1 1]	[ 6 12]
[1 1]	[12 12]
[1 1]	[12 12]
[1 1]	[12 12]
[1 1]	[12 12]
[1 1]	[12 12]
[1 1]	[12 12]
[1 1]	[12 12]
[1 1]	[12 12]
[1 1]	[12 12]
[1 1]	[12 12]
[1 1]	[12 12]
[1 1]	[12 12]
[1 1]	[12 12]
[1 1]	[12 12]
[1 1]	[12  6]
[1 1]	[6 6]
[1 1]	[6 6]
[1 1]	[6 5]
[1 1]	[5 5]
[1 1]	[5 5]
[1 1]	[5 5]
[1 1]	[5 5]
[1 1]	[5 5]
[1 1]	[5 5]
[1 1]	[5 5]
[1 1]	[5 6]
[1 1]	[6 6]
[1 1]	[6 6]
[1 1]	[6 6]
[1 1]	[ 6 12]
[-1 -1]	[12 12]
[1 1]	[12 -1]
[1 1]	[-1 -1]
[1 1]	[-1  1]
[1 1]	[1 1]
[1 1]	[1 1]
[1 1]	[1 1]
[1 1]	[1 1]
[1 1]	[1 1]
[1 1]	[1 1]
[1 1]	[1 1]
[1 1]	[1 1]
[1 1]	[1 1]
[1 1]	[1 1]
[1 1]	[1 1]
[1 1]	[ 1 15]
[1 1]	[15 15]
[1 1]	[15 15]
[1 1]	[15 15]
[1 1]	[15 15]
[1 1]	[15 15]
[1 1]	[15 15]
[1 1]	[15 15]
[1 1]	[15  8]
[1 1]	[8 8]
[1 1]	[8 8]
[1 1]	[8 1]
[1 1]	[1 1]
[1 1]	[1 1]
[1 1]	[1 6]
[1 1]	[6 6]
[1 1]	[6 6]
[1 1]	[6 1]
[1 1]	[1 1]
[1 1]	[1 1]
[1 1]	[1 1]
[1 1]	[1 1]
[1 1]	[1 1]
[1 1]	[1 1]
[1 1]	[1 1]
[1 1]	[1 1]
[1 1]	[1 1]
[1 1]	[1 1]
[1 1]	[1 1]
[1 1]	[1 8]
[1 1]	[8 8]
[1 1]	[8 8]
[1 1]	[8 8]
[1 1]	[8 1]
[1 1]	[1 1]
[1 1]	[1 1]
[1 1]	[1 1]
[1 1]	[1 1]
[1 1]	[1 1]
[1 1]	[1 1]
[1 1]	[1 1]
[1 1]	[1 8]
[1 1]	[8 8]
[1 1]	[8 8]
[1 1]	[ 8 22]
[1 1]	[22 22]
[1 1]	[22 22]
[1 1]	[22 22]
[1 1]	[22 22]
[1 1]	[22 22]
[1 1]	[22 22]
[1 1]	[22 15]
[1 1]	[15 15]
[1 1]	[15 15]
[1 1]	[15 15]
[1 1]	[15 15]
[1 1]	[15 15]
[1 1]	[15  8]
[1 1]	[8 8]
[1 1]	[8 8]
[1 1]	[8 8]
[1 1]	[8 8]
[1 1]	[8 1]
[1 1]	[1 1]
[1 1]	[1 1]
[1 1]	[1 8]
[1 1]	[8 8]
[1 1]	[8 8]
[1 1]	[ 8 22]
[1 1]	[22 22]
[1 1]	[22 22]
[1 1]	[22 22]
[1 1]	[22 22]
[1 1]	[22 22]
[1 1]	[22 22]
[1 1]	[22 15]
[1 1]	[15 15]
[1 1]	[15 15]
[1 1]	[15 15]
[1 1]	[15  8]
[1 1]	[8 8]
[1 1]	[8 8]
[1 1]	[8 8]
[1 1]	[8 1]
[1 1]	[1 1]
[1 1]	[1 1]
[1 1]	[1 8]
[1 1]	[8 8]
[1 1]	[8 8]
[1 1]	[8 8]
[1 1]	[8 8]
[1 1]	[8 1]
[1 1]	[1 1]
[1 1]	[1 1]
[1 1]	[1 6]
[1 1]	[6 6]
[1 1]	[6 6]
[1 1]	[6 1]
[1 1]	[1 1]
[1 1]	[1 1]
[1 1]	[1 1]
[1 1]	[1 1]
[1 1]	[1 1]
[1 1]	[1 1]
[1 1]	[1 1]
[1 1]	[1 1]
[1 1]	[1 1]
[1 1]	[1 1]
[1 1]	[1 1]
[1 1]	[1 8]
[1 1]	[8 8]
[1 1]	[8 8]
[1 1]	[8 8]
[1 1]	[8 1]
[1 1]	[1 1]
[-1 -1]	[1 1]
[1 1]	[ 1 -1]
[1 1]	[-1 -1]
[1 1]	[-1 -1]
[1 1]	[-1  1]
[1 1]	[1 8]
[1 1]	[8 8]
[1 1]	[8 1]
[1 1]	[1 1]
[1 1]	[1 1]
[1 1]	[1 1]
[1 1]	[1 1]
[1 1]	[ 1 22]
[1 1]	[22  1]
[1 1]	[1 1]
[1 1]	[1 1]
[1 1]	[1 1]
[1 1]	[ 1 22]
[1 1]	[22 22]
[1 1]	[22  8]
[1 1]	[8 8]
[1 1]	[8 8]
[1 1]	[8 8]
[1 1]	[8 8]
[1 1]	[8 8]
[1 1]	[ 8 22]
[1 1]	[22  8]
[1 1]	[8 8]
[1 1]	[8 8]
[1 1]	[8 8]
[1 1]	[8 8]
[1 1]	[8 8]
[1 1]	[8 8]
[1 1]	[8 8]
[1 1]	[8 8]
[1 1]	[8 8]
[1 1]	[8 8]
[1 1]	[8 1]
[1 1]	[1 1]
[1 1]	[1 1]
[1 1]	[1 1]
[1 1]	[1 1]
[1 1]	[1 1]
[1 1]	[1 8]
[1 1]	[8 8]
[1 1]	[8 1]
[1 1]	[1 1]
[1 1]	[1 1]
[1 1]	[1 1]
[1 1]	[1 1]
[1 1]	[ 1 22]
[1 1]	[22  1]
[1 1]	[1 1]
[1 1]	[1 1]
[1 1]	[1 1]
[1 1]	[ 1 15]
[1 1]	[15 15]
[1 1]	[15  6]
[1 1]	[6 6]
[1 1]	[6 6]
[1 1]	[6 6]
[1 1]	[ 6 15]
[1 1]	[15 15]
[1 1]	[15 15]
[1 1]	[15 15]
[1 1]	[15 15]
[1 1]	[15  6]
[1 1]	[6 6]
[1 1]	[6 6]
[1 1]	[6 6]
[1 1]	[6 1]
[1 1]	[1 1]
[1 1]	[1 1]
[1 1]	[1 1]
[1 1]	[ 1 17]
[1 1]	[17 17]
[1 1]	[17 17]
[1 1]	[17  6]
[1 1]	[6 6]
[1 1]	[6 6]
[1 1]	[6 6]
[1 1]	[6 8]
[1 1]	[8 8]
[1 1]	[8 8]
[1 1]	[8 1]
[1 1]	[1 1]
[1 1]	[1 1]
[1 1]	[1 1]
[1 1]	[1 1]
[1 1]	[1 1]
[1 1]	[1 1]
[1 1]	[1 8]
[1 1]	[8 1]
[1 1]	[1 1]
[1 1]	[1 1]
[1 1]	[1 1]
[1 1]	[1 1]
[1 1]	[ 1 22]
[1 1]	[22  1]
[1 1]	[1 1]
[1 1]	[1 1]
[1 1]	[1 1]
[1 1]	[ 1 22]
[1 1]	[22 22]
[1 1]	[22 22]
[1 1]	[22  8]
[1 1]	[8 8]
[1 1]	[8 8]
[1 1]	[ 8 22]
[1 1]	[22  8]
[1 1]	[8 8]
[1 1]	[8 8]
[1 1]	[8 8]
[1 1]	[8 8]
[1 1]	[8 8]
[1 1]	[8 8]
[1 1]	[8 8]
[1 1]	[8 8]
[1 1]	[8 8]
[1 1]	[8 8]
[1 1]	[8 1]
[1 1]	[1 1]
[1 1]	[1 1]
[1 1]	[1 1]
[1 1]	[1 1]
[1 1]	[1 1]
[1 1]	[1 1]
[1 1]	[1 8]
[1 1]	[8 1]
[1 1]	[1 1]
[1 1]	[1 1]
[1 1]	[1 1]
[1 1]	[1 1]
[1 1]	[ 1 22]
[1 1]	[22  1]
[1 1]	[1 1]
[1 1]	[1 1]
[1 1]	[1 1]
[1 1]	[ 1 15]
[1 1]	[15 15]
[1 1]	[15 15]
[1 1]	[15  6]
[1 1]	[6 6]
[1 1]	[6 6]
[1 1]	[6 6]
[1 1]	[6 6]
[1 1]	[ 6 15]
[1 1]	[15 15]
[1 1]	[15 15]
[1 1]	[15 15]
[1 1]	[15 15]
[1 1]	[15  6]
[1 1]	[6 6]
[1 1]	[6 6]
[1 1]	[6 6]
[1 1]	[6 1]
[1 1]	[1 1]
[1 1]	[1 1]
[1 1]	[1 1]
[1 1]	[ 1 17]
[1 1]	[17 17]
[1 1]	[17 17]
[1 1]	[17  6]
[1 1]	[6 6]
[1 1]	[6 6]
[1 1]	[6 6]
[1 1]	[6 8]
[1 1]	[8 8]
[1 1]	[8 8]
[1 1]	[8 1]
[1 1]	[1 1]
[1 1]	[1 1]
[-1 -1]	[1 1]
[1 1]	[1 8]
[1 1]	[8 8]
[1 1]	[8 1]
[1 1]	[1 1]
[1 1]	[1 1]
[1 1]	[1 1]
[1 1]	[1 1]
[1 1]	[1 1]
[1 1]	[1 1]
[1 1]	[1 6]
[1 1]	[6 6]
[1 1]	[6 6]
[1 1]	[6 6]
[1 1]	[6 6]
[1 1]	[6 8]
[1 1]	[8 8]
[1 1]	[8 1]
[1 1]	[1 1]
[1 1]	[1 1]
[1 1]	[ 1 22]
[1 1]	[22 22]
[1 1]	[22 22]
[1 1]	[22 22]
[1 1]	[22 15]
[1 1]	[15 15]
[1 1]	[15 15]
[1 1]	[15 15]
[1 1]	[15 15]
[1 1]	[15  8]
[1 1]	[8 8]
[1 1]	[8 1]
[1 1]	[1 1]
[1 1]	[1 1]
[1 1]	[1 1]
[1 1]	[1 1]
[1 1]	[1 1]
[1 1]	[1 1]
[1 1]	[1 6]
[1 1]	[6 6]
[1 1]	[6 6]
[1 1]	[6 6]
[1 1]	[6 6]
[1 1]	[6 8]
[1 1]	[8 8]
[1 1]	[8 1]
[1 1]	[1 1]
[1 1]	[1 8]
[1 1]	[8 8]
[1 1]	[ 8 22]
[1 1]	[22 22]
[1 1]	[22 22]
[1 1]	[22 22]
[1 1]	[22 15]
[1 1]	[15 15]
[1 1]	[15 15]
[1 1]	[15 15]
[1 1]	[15  8]
[1 1]	[8 8]
[1 1]	[8 8]
[1 1]	[8 8]
[1 1]	[8 1]
[1 1]	[1 1]
[1 1]	[1 1]
[1 1]	[ 1 22]
[1 1]	[22 22]
[1 1]	[22 22]
[1 1]	[22 22]
[1 1]	[22  6]
[1 1]	[6 6]
[1 1]	[6 1]
[1 1]	[1 1]
[1 1]	[ 1 15]
[1 1]	[15 15]
[1 1]	[15  8]
[1 1]	[8 8]
[1 1]	[8 1]
[1 1]	[1 1]
[1 1]	[1 1]
[1 1]	[ 1 22]
[1 1]	[22 22]
[1 1]	[22 22]
[1 1]	[22 22]
[1 1]	[22 22]
[1 1]	[22  6]
[1 1]	[6 6]
[1 1]	[6 6]
[1 1]	[6 6]
[1 1]	[ 6 15]
[1 1]	[15 15]
[1 1]	[15  8]
[1 1]	[8 8]
[1 1]	[8 1]
[1 1]	[1 1]
[1 1]	[1 1]
[1 1]	[ 1 22]
[1 1]	[22 22]
[1 1]	[22 22]
[1 1]	[22 22]
[1 1]	[22  6]
[1 1]	[6 6]
[1 1]	[6 6]
[1 1]	[6 6]
[1 1]	[6 8]
[1 1]	[8 8]
[1 1]	[8 8]
[1 1]	[8 1]
[1 1]	[1 1]
[1 1]	[1 1]
[1 1]	[1 1]
[1 1]	[ 1 22]
[1 1]	[22 22]
[1 1]	[22 22]
[1 1]	[22 22]
[1 1]	[22 15]
[1 1]	[15 15]
[1 1]	[15 15]
[1 1]	[15 15]
[-1 -1]	[15  8]
[1 1]	[8 1]
[1 1]	[1 1]
[1 1]	[1 1]
[1 1]	[1 1]
[1 1]	[1 1]
[1 1]	[1 1]
[1 1]	[1 1]
[1 1]	[1 1]
[1 1]	[1 1]
[1 1]	[1 1]
[1 1]	[1 1]
[1 1]	[1 1]
[1 1]	[1 1]
[1 1]	[1 1]
[1 1]	[1 1]
[1 1]	[1 1]
[1 1]	[ 1 15]
[1 1]	[15 15]
[1 1]	[15 15]
[1 1]	[15  8]
[1 1]	[8 8]
[1 1]	[8 8]
[1 1]	[8 8]
[1 1]	[8 8]
[1 1]	[8 8]
[1 1]	[8 8]
[1 1]	[8 8]
[1 1]	[8 8]
[1 1]	[8 8]
[1 1]	[8 8]
[1 1]	[8 8]
[1 1]	[8 8]
[1 1]	[8 8]
[1 1]	[8 8]
[1 1]	[8 8]
[1 1]	[8 1]
[1 1]	[1 1]
[1 1]	[1 8]
[1 1]	[8 8]
[1 1]	[8 1]
[1 1]	[1 1]
[1 1]	[1 1]
[1 1]	[1 1]
[1 1]	[1 1]
[1 1]	[1 1]
[1 1]	[1 1]
[1 1]	[1 1]
[1 1]	[1 1]
[1 1]	[1 1]
[1 1]	[1 1]
[1 1]	[1 1]
[1 1]	[1 1]
[1 1]	[1 1]
[1 1]	[1 1]
[1 1]	[1 1]
[1 1]	[ 1 15]
[1 1]	[15 15]
[1 1]	[15 15]
[1 1]	[15  8]
[1 1]	[8 8]
[1 1]	[8 8]
[1 1]	[8 8]
[1 1]	[8 8]
[1 1]	[8 8]
[1 1]	[8 8]
[1 1]	[8 8]
[1 1]	[8 8]
[1 1]	[8 8]
[1 1]	[8 8]
[1 1]	[8 8]
[1 1]	[8 8]
[1 1]	[8 8]
[1 1]	[8 8]
[1 1]	[8 8]
[1 1]	[8 1]
[1 1]	[1 1]
[1 1]	[1 1]
[1 1]	[1 1]
[1 1]	[1 1]
[1 1]	[1 1]
[1 1]	[1 1]
[1 1]	[1 1]
[1 1]	[1 1]
[1 1]	[1 1]
[1 1]	[1 1]
[1 1]	[1 1]
[1 1]	[1 1]
[1 1]	[1 1]
[1 1]	[1 1]
[1 1]	[1 1]
[1 1]	[1 1]
[1 1]	[1 1]
[1 1]	[ 1 15]
[1 1]	[15 15]
[1 1]	[15 15]
[1 1]	[15  8]
[1 1]	[8 8]
[1 1]	[8 8]
[1 1]	[8 8]
[1 1]	[8 8]
[1 1]	[8 8]
[1 1]	[8 8]
[1 1]	[8 8]
[1 1]	[8 8]
[1 1]	[8 8]
[1 1]	[8 8]
[1 1]	[8 8]
[1 1]	[8 8]
[1 1]	[8 8]
[1 1]	[8 1]
[1 1]	[1 1]
[1 1]	[1 1]
[1 1]	[1 1]
[1 1]	[1 1]
[1 1]	[1 1]
[1 1]	[1 1]
[1 1]	[1 1]
[1 1]	[1 1]
[1 1]	[1 1]
[1 1]	[1 1]
[1 1]	[1 1]
[1 1]	[1 1]
[1 1]	[1 1]
[1 1]	[1 1]
[1 1]	[1 1]
[1 1]	[1 1]
[1 1]	[1 1]
[1 1]	[1 1]
[1 1]	[ 1 15]
[1 1]	[15 15]
[1 1]	[15 15]
[1 1]	[15  8]
[1 1]	[8 8]
[1 1]	[8 8]
[1 1]	[8 8]
[1 1]	[8 8]
[1 1]	[8 8]
[1 1]	[8 8]
[1 1]	[8 8]
[1 1]	[8 8]
[1 1]	[8 8]
[1 1]	[8 8]
[1 1]	[8 8]
[1 1]	[8 8]
[1 1]	[8 8]
[1 1]	[8 8]
[1 1]	[8 8]
[-1 -1]	[8 1]
[1 1]	[ 1 -1]
[1 1]	[-1 -1]
[1 1]	[-1 -1]
[1 1]	[-1  1]
[1 1]	[1 1]
[1 1]	[1 1]
[1 1]	[1 1]
[1 1]	[1 6]
[1 1]	[6 6]
[1 1]	[6 6]
[1 1]	[6 6]
[1 1]	[6 1]
[1 1]	[1 1]
[1 1]	[1 6]
[1 1]	[6 6]
[1 1]	[6 8]
[1 1]	[8 8]
[1 1]	[8 8]
[1 1]	[8 8]
[1 1]	[8 8]
[1 1]	[8 8]
[1 1]	[8 8]
[1 1]	[8 8]
[1 1]	[8 8]
[1 1]	[8 8]
[1 1]	[8 8]
[1 1]	[8 8]
[1 1]	[8 3]
[1 1]	[3 3]
[1 1]	[3 3]
[1 1]	[3 3]
[1 1]	[3 8]
[1 1]	[8 8]
[1 1]	[8 8]
[1 1]	[8 8]
[1 1]	[8 1]
[1 1]	[1 1]
[1 1]	[1 1]
[1 1]	[1 1]
[1 1]	[1 6]
[1 1]	[6 6]
[1 1]	[6 6]
[1 1]	[6 6]
[1 1]	[6 1]
[1 1]	[1 1]
[1 1]	[1 6]
[1 1]	[6 6]
[1 1]	[6 8]
[1 1]	[8 8]
[1 1]	[8 8]
[1 1]	[8 8]
[1 1]	[8 8]
[1 1]	[8 8]
[1 1]	[8 8]
[1 1]	[8 8]
[1 1]	[8 8]
[1 1]	[8 8]
[1 1]	[8 8]
[1 1]	[8 8]
[1 1]	[8 1]
[1 1]	[1 1]
[1 1]	[1 8]
[1 1]	[8 8]
[1 1]	[8 1]
[1 1]	[1 1]
[1 1]	[1 1]
[1 1]	[1 1]
[1 1]	[1 1]
[1 1]	[1 1]
[1 1]	[1 1]
[1 1]	[1 8]
[1 1]	[8 8]
[1 1]	[8 8]
[1 1]	[8 8]
[1 1]	[8 8]
[1 1]	[8 8]
[1 1]	[8 8]
[1 1]	[8 8]
[1 1]	[8 8]
[1 1]	[8 8]
[1 1]	[8 8]
[1 1]	[8 8]
[1 1]	[8 8]
[1 1]	[8 8]
[1 1]	[8 8]
[1 1]	[8 1]
[1 1]	[1 1]
[1 1]	[1 1]
[1 1]	[1 1]
[1 1]	[1 3]
[1 1]	[3 3]
[1 1]	[3 3]
[1 1]	[3 3]
[1 1]	[3 8]
[1 1]	[8 8]
[1 1]	[8 8]
[1 1]	[8 1]
[1 1]	[1 1]
[1 1]	[1 1]
[1 1]	[1 1]
[1 1]	[1 8]
[1 1]	[8 8]
[1 1]	[8 8]
[1 1]	[8 8]
[1 1]	[8 8]
[1 1]	[8 8]
[1 1]	[8 8]
[1 1]	[8 8]
[1 1]	[8 8]
[1 1]	[8 8]
[1 1]	[8 8]
[1 1]	[8 8]
[1 1]	[8 8]
[1 1]	[8 8]
[1 1]	[8 8]
[1 1]	[8 1]
[1 1]	[1 1]
[1 1]	[1 1]
[1 1]	[1 1]
[1 1]	[1 1]
[1 1]	[1 1]
[1 1]	[1 8]
[1 1]	[8 8]
[1 1]	[8 1]
[1 1]	[1 1]
[1 1]	[1 1]
[1 1]	[1 1]
[1 1]	[1 1]
[1 1]	[1 1]
[1 1]	[1 1]
[1 1]	[1 8]
[1 1]	[8 8]
[1 1]	[8 8]
[1 1]	[8 8]
[1 1]	[8 8]
[1 1]	[8 8]
[1 1]	[8 8]
[1 1]	[8 8]
[1 1]	[8 8]
[1 1]	[8 8]
[1 1]	[8 8]
[1 1]	[8 8]
[1 1]	[8 8]
[1 1]	[8 8]
[1 1]	[8 8]
[1 1]	[8 1]
[1 1]	[1 1]
[1 1]	[1 1]
[1 1]	[1 1]
[1 1]	[1 3]
[1 1]	[3 3]
[1 1]	[3 3]
[1 1]	[3 3]
[1 1]	[3 8]
[1 1]	[8 8]
[1 1]	[8 8]
[1 1]	[8 8]
[1 1]	[8 1]
[1 1]	[1 1]
[1 1]	[1 1]
[1 1]	[1 1]
[1 1]	[1 6]
[1 1]	[6 6]
[1 1]	[6 6]
[1 1]	[6 6]
[1 1]	[6 1]
[1 1]	[1 1]
[1 1]	[1 6]
[1 1]	[6 6]
[1 1]	[6 8]
[1 1]	[8 8]
[1 1]	[8 8]
[1 1]	[8 8]
[1 1]	[8 8]
[1 1]	[8 8]
[1 1]	[8 8]
[1 1]	[8 8]
[1 1]	[8 8]
[1 1]	[8 8]
[1 1]	[8 8]
[1 1]	[8 8]
[1 1]	[8 1]
[1 1]	[1 1]
[1 1]	[1 8]
[1 1]	[8 8]
[-1 -1]	[8 1]
[1 1]	[1 1]
[1 1]	[1 1]
[1 1]	[1 1]
[1 1]	[1 1]
[1 1]	[1 1]
[1 1]	[1 1]
[1 1]	[ 1 12]
[1 1]	[12 12]
[1 1]	[12 12]
[1 1]	[12 12]
[1 1]	[12 12]
[1 1]	[12 12]
[1 1]	[12  1]
[1 1]	[1 1]
[1 1]	[1 1]
[1 1]	[1 1]
[1 1]	[1 1]
[1 1]	[1 1]
[1 1]	[ 1 12]
[1 1]	[12 12]
[1 1]	[12 12]
[1 1]	[12 12]
[1 1]	[12 12]
[1 1]	[12 12]
[1 1]	[12  1]
[1 1]	[1 1]
[1 1]	[1 1]
[1 1]	[1 1]
[1 1]	[1 1]
[1 1]	[1 1]
[1 1]	[ 1 12]
[1 1]	[12 12]
[1 1]	[12 12]
[1 1]	[12 12]
[1 1]	[12 12]
[1 1]	[12 12]
[1 1]	[12 12]
[1 1]	[12 12]
[1 1]	[12 12]
[1 1]	[12 12]
[1 1]	[12 12]
[1 1]	[12 12]
[1 1]	[12  1]
[1 1]	[1 1]
[1 1]	[1 1]
[1 1]	[1 1]
[1 1]	[1 1]
[1 1]	[ 1 12]
[1 1]	[12 12]
[1 1]	[12 12]
[1 1]	[12  1]
[1 1]	[1 1]
[1 1]	[1 1]
[1 1]	[ 1 12]
[1 1]	[12 12]
[1 1]	[12  1]
[1 1]	[1 1]
[1 1]	[1 1]
[1 1]	[ 1 12]
[1 1]	[12 12]
[1 1]	[12 12]
[1 1]	[12 12]
[1 1]	[12 12]
[1 1]	[12 12]
[1 1]	[12 12]
[1 1]	[12 12]
[1 1]	[12 12]
[1 1]	[12  1]
[1 1]	[1 1]
[1 1]	[1 1]
[1 1]	[ 1 12]
[1 1]	[12 12]
[1 1]	[12 12]
[1 1]	[12  1]
[1 1]	[1 1]
[1 1]	[1 1]
[1 1]	[ 1 12]
[1 1]	[12 12]
[1 1]	[12 12]
[1 1]	[12 12]
[1 1]	[12 12]
[1 1]	[12 12]
[1 1]	[12 12]
[1 1]	[12 12]
[1 1]	[12  1]
[1 1]	[1 1]
[1 1]	[1 1]
[1 1]	[1 1]
[1 1]	[ 1 12]
[1 1]	[12 12]
[1 1]	[12 12]
[1 1]	[12 12]
[1 1]	[12 12]
[1 1]	[12 12]
[1 1]	[12  1]
[1 1]	[1 1]
[1 1]	[1 1]
[1 1]	[1 1]
[1 1]	[1 1]
[1 1]	[ 1 12]
[1 1]	[12 12]
[1 1]	[12 12]
[1 1]	[12 12]
[1 1]	[12 12]
[1 1]	[12 12]
[1 1]	[12 12]
[1 1]	[12 12]
[1 1]	[12 12]
[1 1]	[12  1]
[1 1]	[1 1]
[1 1]	[ 1 12]
[1 1]	[12 12]
[1 1]	[12 12]
[1 1]	[12 12]
[1 1]	[12 12]
[1 1]	[12 12]
[1 1]	[12  1]
[1 1]	[1 1]
[1 1]	[1 1]
[1 1]	[ 1 12]
[1 1]	[12 12]
[1 1]	[12 12]
[1 1]	[12 12]
[1 1]	[12 12]
[1 1]	[12 12]
[1 1]	[12  1]
[1 1]	[1 1]
[1 1]	[1 1]
[1 1]	[1 1]
[1 1]	[1 1]
[1 1]	[ 1 12]
[1 1]	[12 12]
[1 1]	[12 12]
[1 1]	[12  1]
[1 1]	[1 1]
[1 1]	[1 1]
[1 1]	[ 1 12]
[1 1]	[12 12]
[1 1]	[12  1]
[1 1]	[1 1]
[1 1]	[1 1]
[1 1]	[ 1 12]
[1 1]	[12 12]
[1 1]	[12 12]
[1 1]	[12 12]
[1 1]	[12 12]
[1 1]	[12 12]
[1 1]	[12 12]
[1 1]	[12 12]
[1 1]	[12 12]
[1 1]	[12  1]
[1 1]	[1 1]
[1 1]	[1 1]
[1 1]	[ 1 12]
[1 1]	[12 12]
[1 1]	[12 12]
[1 1]	[12  1]
[1 1]	[1 1]
[1 1]	[1 1]
[1 1]	[ 1 12]
[1 1]	[12 12]
[1 1]	[12 12]
[1 1]	[12 12]
[1 1]	[12 12]
[1 1]	[12 12]
[1 1]	[12 12]
[1 1]	[12 12]
[-1 -1]	[12  1]
[1 1]	[ 1 -1]
[1 1]	[-1  1]
[1 1]	[1 1]
[1 1]	[1 8]
[1 1]	[8 8]
[1 1]	[8 8]
[1 1]	[8 1]
[1 1]	[1 1]
[1 1]	[1 1]
[1 1]	[1 1]
[1 1]	[1 1]
[1 1]	[1 1]
[1 1]	[1 8]
[1 1]	[8 8]
[1 1]	[8 8]
[1 1]	[8 1]
[1 1]	[1 1]
[1 1]	[1 1]
[1 1]	[1 6]
[1 1]	[6 6]
[1 1]	[6 8]
[1 1]	[8 8]
[1 1]	[8 1]
[1 1]	[1 1]
[1 1]	[1 1]
[1 1]	[1 1]
[1 1]	[ 1 15]
[1 1]	[15 15]
[1 1]	[15 15]
[1 1]	[15  3]
[1 1]	[3 3]
[1 1]	[3 3]
[1 1]	[3 8]
[1 1]	[8 8]
[1 1]	[8 1]
[1 1]	[1 1]
[1 1]	[1 8]
[1 1]	[8 8]
[1 1]	[8 8]
[1 1]	[8 1]
[1 1]	[1 1]
[1 1]	[1 1]
[1 1]	[1 1]
[1 1]	[1 1]
[1 1]	[1 1]
[1 1]	[1 8]
[1 1]	[8 8]
[1 1]	[8 8]
[1 1]	[8 1]
[1 1]	[1 1]
[1 1]	[ 1 22]
[1 1]	[22  6]
[1 1]	[6 6]
[1 1]	[6 8]
[1 1]	[8 8]
[1 1]	[8 1]
[1 1]	[1 1]
[1 1]	[1 5]
[1 1]	[5 5]
[1 1]	[5 6]
[1 1]	[6 6]
[1 1]	[6 6]
[1 1]	[6 8]
[1 1]	[8 8]
[1 1]	[8 8]
[1 1]	[8 8]
[1 1]	[8 8]
[1 1]	[8 8]
[1 1]	[8 8]
[1 1]	[8 8]
[1 1]	[8 8]
[1 1]	[8 3]
[1 1]	[3 3]
[1 1]	[3 8]
[1 1]	[8 8]
[1 1]	[8 8]
[1 1]	[8 3]
[1 1]	[3 3]
[1 1]	[3 8]
[1 1]	[8 8]
[1 1]	[8 3]
[1 1]	[3 3]
[1 1]	[3 3]
[1 1]	[3 3]
[1 1]	[3 3]
[1 1]	[3 3]
[1 1]	[3 3]
[1 1]	[3 3]
[1 1]	[3 3]
[1 1]	[3 3]
[1 1]	[3 3]
[1 1]	[3 3]
[1 1]	[3 3]
[1 1]	[3 3]
[1 1]	[3 3]
[1 1]	[3 3]
[1 1]	[3 3]
[1 1]	[3 3]
[1 1]	[3 3]
[1 1]	[3 3]
[1 1]	[3 8]
[1 1]	[8 8]
[1 1]	[8 8]
[1 1]	[8 8]
[1 1]	[8 8]
[1 1]	[8 8]
[1 1]	[8 8]
[1 1]	[8 8]
[1 1]	[8 8]
[1 1]	[8 8]
[1 1]	[8 8]
[1 1]	[8 8]
[1 1]	[8 8]
[1 1]	[8 8]
[1 1]	[8 8]
[1 1]	[8 8]
[1 1]	[8 8]
[1 1]	[8 1]
[1 1]	[1 1]
[1 1]	[1 1]
[1 1]	[1 1]
[1 1]	[1 1]
[1 1]	[1 1]
[1 1]	[1 1]
[1 1]	[1 1]
[1 1]	[1 8]
[1 1]	[8 8]
[1 1]	[8 8]
[1 1]	[8 8]
[1 1]	[8 3]
[1 1]	[3 3]
[1 1]	[3 3]
[1 1]	[3 3]
[1 1]	[3 3]
[1 1]	[3 3]
[1 1]	[3 3]
[1 1]	[3 3]
[1 1]	[3 3]
[1 1]	[3 1]
[1 1]	[1 1]
[1 1]	[1 8]
[1 1]	[8 8]
[1 1]	[8 8]
[1 1]	[8 1]
[1 1]	[1 1]
[1 1]	[1 1]
[1 1]	[1 1]
[1 1]	[1 1]
[1 1]	[1 1]
[1 1]	[1 8]
[1 1]	[8 8]
[1 1]	[8 8]
[1 1]	[8 1]
[1 1]	[1 1]
[1 1]	[ 1 22]
[1 1]	[22  6]
[1 1]	[6 6]
[1 1]	[6 8]
[1 1]	[8 8]
[1 1]	[8 1]
[1 1]	[1 1]
[1 1]	[1 5]
[1 1]	[5 5]
[1 1]	[5 6]
[1 1]	[6 6]
[1 1]	[6 6]
[1 1]	[6 8]
[1 1]	[8 8]
[1 1]	[8 8]
[1 1]	[8 8]
[1 1]	[8 8]
[1 1]	[8 8]
[1 1]	[8 8]
[1 1]	[8 6]
[1 1]	[6 6]
[1 1]	[6 6]
[1 1]	[6 6]
[1 1]	[6 6]
[1 1]	[6 6]
[1 1]	[6 6]
[1 1]	[6 6]
[1 1]	[6 6]
[1 1]	[6 6]
[1 1]	[6 6]
[1 1]	[6 6]
[1 1]	[6 6]
[1 1]	[6 6]
[1 1]	[6 6]
[1 1]	[6 6]
[1 1]	[6 6]
[1 1]	[6 6]
[1 1]	[6 6]
[1 1]	[6 6]
[1 1]	[6 6]
[1 1]	[ 6 20]
[1 1]	[20  3]
[1 1]	[ 3 20]
[1 1]	[20 20]
[1 1]	[20 20]
[1 1]	[20 20]
[1 1]	[20 20]
[1 1]	[20 20]
[1 1]	[20  3]
[1 1]	[3 3]
[1 1]	[3 3]
[1 1]	[ 3 20]
[1 1]	[20 20]
[1 1]	[20  1]
[1 1]	[1 1]
[1 1]	[1 1]
[1 1]	[1 1]
[1 1]	[1 8]
[1 1]	[8 8]
[1 1]	[8 8]
[1 1]	[8 8]
[1 1]	[8 1]
[1 1]	[1 1]
[1 1]	[1 8]
[1 1]	[8 8]
[1 1]	[8 8]
[1 1]	[8 1]
[1 1]	[1 1]
[1 1]	[1 1]
