Accuracy: 0.3096625016674819

n_chords: 2
n_melody: 0
t_prior: 160.0
e_prior: 150.0
dataset: FolkWiki
keys: All
filter_train_set: True
filter_val_set: True

~ First 3000 predicted states ~
Predicted	True
[-1 -1]	[-1 -1]
[1 1]	[-1 -1]
[1 1]	[-1 -1]
[1 1]	[-1 -1]
[1 1]	[-1 -1]
[1 1]	[-1 -1]
[1 1]	[-1 -1]
[1 1]	[-1 -1]
[1 1]	[-1 -1]
[1 1]	[-1 -1]
[1 1]	[-1 -1]
[1 1]	[-1 -1]
[1 1]	[-1 -1]
[1 1]	[-1 -1]
[1 1]	[-1 -1]
[1 1]	[-1 17]
[1 1]	[17 17]
[1 1]	[17 17]
[1 1]	[17 17]
[1 1]	[17 17]
[1 1]	[17 17]
[1 1]	[17 17]
[1 1]	[17 17]
[1 1]	[17 17]
[1 1]	[17 17]
[1 1]	[17 17]
[1 1]	[17 17]
[1 1]	[17 17]
[1 1]	[17 17]
[1 1]	[17 17]
[1 1]	[17 17]
[1 1]	[17 17]
[1 1]	[17 17]
[1 1]	[17 17]
[1 1]	[17 17]
[1 1]	[17 17]
[1 1]	[17 17]
[1 1]	[17 17]
[1 1]	[17 17]
[1 1]	[17 17]
[1 1]	[17 17]
[1 1]	[17 17]
[1 1]	[17 17]
[1 1]	[17 17]
[1 1]	[17 17]
[1 1]	[17 17]
[1 1]	[17 17]
[1 1]	[17 17]
[1 1]	[17 17]
[1 1]	[17 17]
[1 1]	[17 17]
[1 1]	[17 17]
[1 1]	[17 17]
[1 1]	[17 17]
[1 1]	[17 17]
[1 1]	[17 17]
[1 1]	[17 17]
[1 1]	[17 17]
[1 1]	[17 17]
[1 1]	[17  3]
[1 1]	[3 3]
[1 1]	[3 3]
[1 1]	[3 3]
[1 1]	[3 3]
[1 1]	[3 3]
[1 1]	[3 3]
[1 1]	[3 3]
[1 1]	[3 3]
[1 1]	[3 3]
[1 1]	[3 3]
[1 1]	[3 3]
[1 1]	[3 3]
[1 1]	[3 3]
[1 1]	[3 3]
[1 1]	[3 3]
[1 1]	[3 3]
[1 1]	[3 3]
[1 1]	[3 3]
[1 1]	[3 3]
[1 1]	[3 3]
[1 1]	[3 3]
[1 1]	[3 3]
[1 1]	[3 3]
[1 1]	[3 3]
[1 1]	[3 3]
[1 1]	[3 3]
[1 1]	[3 3]
[1 1]	[3 3]
[1 1]	[3 3]
[1 1]	[3 3]
[1 1]	[3 3]
[1 1]	[3 3]
[1 1]	[3 3]
[1 1]	[3 3]
[1 1]	[3 3]
[1 1]	[3 3]
[1 1]	[3 3]
[1 1]	[3 3]
[1 1]	[3 3]
[1 1]	[3 3]
[1 1]	[3 3]
[1 1]	[3 3]
[1 1]	[3 3]
[1 1]	[3 3]
[1 1]	[3 3]
[1 1]	[3 3]
[1 1]	[3 3]
[1 1]	[3 3]
[1 1]	[3 3]
[1 1]	[3 3]
[1 1]	[3 3]
[1 1]	[3 3]
[1 1]	[3 3]
[1 1]	[3 3]
[1 1]	[3 3]
[1 1]	[3 3]
[1 1]	[3 3]
[1 1]	[3 3]
[1 1]	[3 3]
[1 1]	[3 3]
[1 1]	[3 3]
[1 1]	[3 3]
[1 1]	[3 3]
[1 1]	[3 3]
[1 1]	[3 8]
[1 1]	[8 8]
[1 1]	[8 8]
[1 1]	[8 8]
[1 1]	[8 8]
[1 1]	[8 8]
[1 1]	[8 8]
[1 1]	[8 8]
[1 1]	[8 8]
[1 1]	[8 8]
[1 1]	[8 8]
[1 1]	[8 8]
[1 1]	[8 8]
[1 1]	[8 8]
[1 1]	[8 8]
[1 1]	[8 8]
[1 1]	[8 8]
[1 1]	[8 8]
[1 1]	[8 8]
[1 1]	[8 8]
[1 1]	[8 3]
[1 1]	[3 3]
[1 1]	[3 3]
[1 1]	[3 3]
[1 1]	[3 3]
[1 1]	[3 3]
[1 1]	[3 3]
[1 1]	[3 8]
[1 1]	[8 8]
[1 1]	[8 8]
[1 1]	[8 8]
[1 1]	[8 8]
[1 1]	[8 8]
[1 1]	[8 8]
[1 1]	[8 8]
[1 1]	[8 8]
[1 1]	[8 8]
[1 1]	[8 8]
[1 1]	[8 8]
[1 1]	[8 8]
[1 1]	[8 8]
[1 1]	[8 8]
[1 1]	[8 8]
[1 1]	[8 8]
[1 1]	[8 8]
[1 1]	[8 8]
[1 1]	[8 8]
[1 1]	[8 8]
[1 1]	[8 8]
[1 1]	[8 8]
[1 1]	[8 8]
[1 1]	[8 8]
[1 1]	[8 8]
[1 1]	[8 8]
[1 1]	[ 8 17]
[1 1]	[17 17]
[1 1]	[17 17]
[1 1]	[17 17]
[1 1]	[17 17]
[1 1]	[17 17]
[1 1]	[17 17]
[1 1]	[17 17]
[1 1]	[17 17]
[1 1]	[17 17]
[1 1]	[17 17]
[1 1]	[17 17]
[1 1]	[17 17]
[1 1]	[17 17]
[1 1]	[17 17]
[1 1]	[17 17]
[1 1]	[17 17]
[1 1]	[17 17]
[1 1]	[17 17]
[1 1]	[17 17]
[1 1]	[17 17]
[1 1]	[17 17]
[1 1]	[17 17]
[1 1]	[17 17]
[1 1]	[17 17]
[1 1]	[17 17]
[1 1]	[17 17]
[1 1]	[17 17]
[1 1]	[17 17]
[1 1]	[17 17]
[1 1]	[17 17]
[1 1]	[17 17]
[1 1]	[17 17]
[1 1]	[17 17]
[1 1]	[17 17]
[1 1]	[17 17]
[1 1]	[17 17]
[1 1]	[17 17]
[1 1]	[17 17]
[1 1]	[17 17]
[1 1]	[17 17]
[1 1]	[17 17]
[1 1]	[17 17]
[1 1]	[17 17]
[1 1]	[17 17]
[1 1]	[17 17]
[1 1]	[17 17]
[1 1]	[17 17]
[1 1]	[17 17]
[1 1]	[17 17]
[1 1]	[17 17]
[1 1]	[17 17]
[1 1]	[17 17]
[1 1]	[17 17]
[1 1]	[17 17]
[1 1]	[17 17]
[1 1]	[17 17]
[1 1]	[17 17]
[1 1]	[17 17]
[1 1]	[17 17]
[1 1]	[17 17]
[1 1]	[17 17]
[1 1]	[17 17]
[1 1]	[17 17]
[1 1]	[17 17]
[1 1]	[17 17]
[1 1]	[17 17]
[1 1]	[17 17]
[1 1]	[17 17]
[1 1]	[17 17]
[1 1]	[17 17]
[1 1]	[17 17]
[1 1]	[17 17]
[-1 -1]	[17 17]
[1 1]	[17  1]
[1 1]	[1 1]
[1 1]	[1 1]
[1 1]	[1 1]
[1 1]	[1 1]
[1 1]	[1 1]
[1 1]	[1 1]
[1 1]	[1 1]
[1 1]	[1 6]
[1 1]	[6 6]
[1 1]	[6 6]
[1 1]	[6 6]
[1 1]	[6 8]
[1 1]	[8 8]
[1 1]	[8 8]
[1 1]	[8 8]
[1 1]	[8 8]
[1 1]	[8 8]
[1 1]	[8 8]
[1 1]	[8 1]
[1 1]	[1 1]
[1 1]	[1 1]
[1 1]	[1 1]
[1 1]	[1 1]
[1 1]	[1 1]
[1 1]	[1 1]
[1 1]	[1 1]
[1 1]	[1 1]
[1 1]	[1 1]
[1 1]	[1 1]
[1 1]	[1 1]
[1 1]	[1 1]
[1 1]	[1 6]
[1 1]	[6 6]
[1 1]	[6 6]
[1 1]	[6 6]
[1 1]	[6 8]
[1 1]	[8 8]
[1 1]	[8 8]
[1 1]	[8 8]
[1 1]	[8 8]
[1 1]	[8 8]
[1 1]	[8 8]
[1 1]	[8 1]
[1 1]	[1 1]
[1 1]	[1 1]
[1 1]	[1 1]
[1 1]	[1 1]
[1 1]	[1 8]
[1 1]	[8 8]
[1 1]	[8 8]
[1 1]	[8 8]
[1 1]	[8 8]
[1 1]	[8 8]
[1 1]	[8 8]
[1 1]	[8 8]
[1 1]	[8 8]
[1 1]	[8 8]
[1 1]	[8 8]
[1 1]	[8 8]
[1 1]	[8 3]
[1 1]	[3 3]
[1 1]	[3 3]
[1 1]	[3 3]
[1 1]	[3 3]
[1 1]	[3 3]
[1 1]	[3 8]
[1 1]	[8 8]
[1 1]	[8 8]
[1 1]	[8 8]
[1 1]	[8 8]
[1 1]	[8 8]
[1 1]	[8 8]
[1 1]	[8 8]
[1 1]	[8 8]
[1 1]	[8 8]
[1 1]	[8 8]
[1 1]	[8 8]
[1 1]	[8 8]
[1 1]	[8 8]
[1 1]	[8 8]
[1 1]	[8 8]
[1 1]	[8 8]
[1 1]	[8 8]
[1 1]	[8 8]
[1 1]	[8 8]
[1 1]	[8 3]
[1 1]	[3 3]
[1 1]	[3 3]
[1 1]	[3 3]
[1 1]	[3 3]
[1 1]	[3 3]
[1 1]	[3 8]
[-1 -1]	[8 8]
[1 1]	[ 8 -1]
[1 1]	[-1 -1]
[1 1]	[-1  1]
[1 1]	[1 1]
[1 1]	[1 1]
[1 1]	[1 1]
[1 1]	[1 1]
[1 1]	[1 1]
[1 1]	[1 1]
[1 1]	[1 1]
[1 1]	[1 8]
[1 1]	[8 8]
[1 1]	[8 8]
[1 1]	[8 8]
[1 1]	[8 8]
[1 1]	[8 1]
[1 1]	[1 1]
[1 1]	[1 1]
[1 1]	[1 1]
[1 1]	[1 1]
[1 1]	[1 1]
[1 1]	[1 1]
[1 1]	[1 1]
[1 1]	[1 1]
[1 1]	[1 6]
[1 1]	[6 6]
[1 1]	[6 6]
[1 1]	[6 8]
[1 1]	[8 8]
[1 1]	[8 8]
[1 1]	[8 8]
[1 1]	[8 1]
[1 1]	[1 1]
[1 1]	[1 1]
[1 1]	[1 1]
[1 1]	[1 8]
[1 1]	[8 8]
[1 1]	[8 8]
[1 1]	[8 8]
[1 1]	[8 8]
[1 1]	[8 8]
[1 1]	[8 8]
[1 1]	[8 3]
[1 1]	[3 3]
[1 1]	[3 3]
[1 1]	[3 8]
[1 1]	[8 8]
[1 1]	[8 8]
[1 1]	[8 8]
[1 1]	[ 8 22]
[1 1]	[22 22]
[1 1]	[22 22]
[1 1]	[22 22]
[1 1]	[22 22]
[1 1]	[22  3]
[1 1]	[3 3]
[1 1]	[3 3]
[1 1]	[3 3]
[1 1]	[3 3]
[1 1]	[3 3]
[1 1]	[3 3]
[1 1]	[3 8]
[1 1]	[8 8]
[1 1]	[8 8]
[1 1]	[8 8]
[1 1]	[8 1]
[1 1]	[1 1]
[1 1]	[1 1]
[1 1]	[1 1]
[1 1]	[ 1 15]
[1 1]	[15 15]
[1 1]	[15 15]
[1 1]	[15 15]
[1 1]	[15  8]
[1 1]	[8 8]
[1 1]	[8 8]
[1 1]	[8 1]
[1 1]	[1 1]
[1 1]	[1 1]
[1 1]	[1 1]
[1 1]	[1 1]
[1 1]	[1 1]
[1 1]	[1 1]
[1 1]	[1 1]
[1 1]	[1 1]
[1 1]	[ 1 15]
[1 1]	[15 15]
[1 1]	[15 15]
[1 1]	[15 15]
[1 1]	[15  8]
[1 1]	[8 8]
[-1 -1]	[8 8]
[1 1]	[ 8 -1]
[1 1]	[-1 -1]
[1 1]	[-1  2]
[1 1]	[2 2]
[1 1]	[2 2]
[1 1]	[2 2]
[1 1]	[2 2]
[1 1]	[2 2]
[1 1]	[2 2]
[1 1]	[2 2]
[1 1]	[2 2]
[1 1]	[2 2]
[1 1]	[2 2]
[1 1]	[2 8]
[1 1]	[8 8]
[1 1]	[8 8]
[1 1]	[8 8]
[1 1]	[8 8]
[1 1]	[8 8]
[1 1]	[8 8]
[1 1]	[8 2]
[1 1]	[2 2]
[1 1]	[2 2]
[1 1]	[2 2]
[1 1]	[2 2]
[1 1]	[2 2]
[1 1]	[2 2]
[1 1]	[2 2]
[1 1]	[2 2]
[1 1]	[2 2]
[1 1]	[2 2]
[1 1]	[2 2]
[1 1]	[2 2]
[1 1]	[2 2]
[1 1]	[2 2]
[1 1]	[2 2]
[1 1]	[2 8]
[1 1]	[8 8]
[1 1]	[8 8]
[1 1]	[8 8]
[1 1]	[8 8]
[1 1]	[8 8]
[1 1]	[8 8]
[1 1]	[8 2]
[1 1]	[2 2]
[1 1]	[2 2]
[1 1]	[2 2]
[1 1]	[2 2]
[1 1]	[2 2]
[1 1]	[2 2]
[1 1]	[2 2]
[1 1]	[2 2]
[1 1]	[2 2]
[1 1]	[2 2]
[1 1]	[2 2]
[1 1]	[2 2]
[1 1]	[2 2]
[1 1]	[2 2]
[1 1]	[2 2]
[1 1]	[2 2]
[1 1]	[2 2]
[1 1]	[2 2]
[1 1]	[2 2]
[1 1]	[2 2]
[1 1]	[2 2]
[1 1]	[2 2]
[1 1]	[2 2]
[1 1]	[2 2]
[1 1]	[2 2]
[1 1]	[2 2]
[1 1]	[2 2]
[1 1]	[2 2]
[1 1]	[2 2]
[1 1]	[2 2]
[1 1]	[2 2]
[1 1]	[2 2]
[1 1]	[2 2]
[1 1]	[2 2]
[1 1]	[2 2]
[1 1]	[2 2]
[1 1]	[2 2]
[1 1]	[2 2]
[1 1]	[2 2]
[1 1]	[2 2]
[1 1]	[2 2]
[1 1]	[2 2]
[1 1]	[2 2]
[1 1]	[2 2]
[1 1]	[2 2]
[1 1]	[2 2]
[1 1]	[2 2]
[1 1]	[2 2]
[1 1]	[2 2]
[1 1]	[2 2]
[1 1]	[2 2]
[1 1]	[2 2]
[1 1]	[2 2]
[1 1]	[2 2]
[1 1]	[2 2]
[1 1]	[2 2]
[1 1]	[2 8]
[1 1]	[8 8]
[1 1]	[8 8]
[1 1]	[8 2]
[1 1]	[2 2]
[1 1]	[2 2]
[1 1]	[2 2]
[1 1]	[2 2]
[1 1]	[2 2]
[1 1]	[2 2]
[1 1]	[2 2]
[1 1]	[2 2]
[1 1]	[2 8]
[1 1]	[8 8]
[1 1]	[8 8]
[1 1]	[8 2]
[1 1]	[2 2]
[1 1]	[2 2]
[1 1]	[2 2]
[1 1]	[2 2]
[-1 -1]	[2 2]
[-1 -1]	[ 2 -1]
[1 1]	[-1 13]
[1 1]	[13 13]
[1 1]	[13 13]
[1 1]	[13 13]
[1 1]	[13 13]
[1 1]	[13 13]
[1 1]	[13 13]
[1 1]	[13  6]
[1 1]	[6 6]
[1 1]	[6 6]
[1 1]	[6 8]
[1 1]	[8 8]
[1 1]	[ 8 13]
[1 1]	[13 13]
[1 1]	[13 13]
[1 1]	[13 13]
[1 1]	[13 13]
[1 1]	[13 13]
[1 1]	[13  5]
[1 1]	[5 5]
[1 1]	[5 5]
[1 1]	[5 6]
[1 1]	[6 6]
[1 1]	[6 3]
[1 1]	[3 8]
[1 1]	[8 8]
[1 1]	[ 8 13]
[1 1]	[13 13]
[1 1]	[13  8]
[1 1]	[ 8 13]
[1 1]	[13  1]
[1 1]	[1 1]
[1 1]	[1 1]
[1 1]	[1 6]
[1 1]	[6 6]
[1 1]	[6 6]
[1 1]	[6 8]
[1 1]	[8 8]
[1 1]	[ 8 13]
[1 1]	[13 13]
[1 1]	[13 13]
[1 1]	[13 13]
[1 1]	[13 13]
[1 1]	[13 13]
[1 1]	[13 18]
[1 1]	[18 18]
[1 1]	[18 18]
[1 1]	[18  8]
[1 1]	[8 8]
[1 1]	[8 8]
[1 1]	[ 8 13]
[1 1]	[13  8]
[1 1]	[ 8 13]
[1 1]	[13 13]
[1 1]	[13 20]
[1 1]	[20 20]
[1 1]	[20 10]
[1 1]	[10 10]
[1 1]	[10 10]
[1 1]	[10  5]
[1 1]	[5 8]
[1 1]	[ 8 13]
[1 1]	[13 13]
[1 1]	[13 13]
[1 1]	[13 13]
[1 1]	[13 13]
[1 1]	[13 13]
[1 1]	[13 12]
[1 1]	[12 12]
[1 1]	[12 12]
[1 1]	[12  6]
[1 1]	[6 6]
[1 1]	[6 3]
[1 1]	[3 8]
[1 1]	[8 8]
[1 1]	[ 8 13]
[1 1]	[13 13]
[1 1]	[13 13]
[1 1]	[13 12]
[1 1]	[12 12]
[1 1]	[12 12]
[1 1]	[12 10]
[1 1]	[10 10]
[1 1]	[10 10]
[1 1]	[10  5]
[1 1]	[5 8]
[1 1]	[ 8 13]
[1 1]	[13 13]
[1 1]	[13 13]
[1 1]	[13 13]
[1 1]	[13 13]
[1 1]	[13 13]
[1 1]	[13 18]
[1 1]	[18 18]
[1 1]	[18 18]
[1 1]	[18  8]
[1 1]	[8 8]
[1 1]	[8 8]
[1 1]	[ 8 13]
[1 1]	[13  8]
[1 1]	[8 8]
[1 1]	[8 8]
[1 1]	[8 8]
[-1 -1]	[ 8 13]
[1 1]	[13 -1]
[1 1]	[-1 -1]
[1 1]	[-1 -1]
[1 1]	[-1 -1]
[1 1]	[-1 -1]
[1 1]	[-1 -1]
[1 1]	[-1 15]
[1 1]	[15 15]
[1 1]	[15 15]
[1 1]	[15 15]
[1 1]	[15 15]
[1 1]	[15 15]
[1 1]	[15  8]
[1 1]	[8 8]
[1 1]	[8 8]
[1 1]	[8 8]
[1 1]	[8 8]
[1 1]	[8 8]
[1 1]	[8 8]
[1 1]	[8 8]
[1 1]	[8 1]
[1 1]	[1 1]
[1 1]	[1 1]
[1 1]	[1 1]
[1 1]	[1 8]
[1 1]	[8 8]
[1 1]	[8 1]
[1 1]	[1 1]
[1 1]	[1 1]
[1 1]	[1 1]
[1 1]	[1 1]
[1 1]	[1 1]
[1 1]	[1 1]
[1 1]	[1 1]
[1 1]	[1 1]
[1 1]	[1 1]
[1 1]	[1 1]
[1 1]	[1 1]
[1 1]	[1 8]
[1 1]	[8 8]
[1 1]	[8 8]
[1 1]	[8 8]
[1 1]	[8 8]
[1 1]	[8 8]
[1 1]	[8 8]
[1 1]	[8 8]
[1 1]	[8 8]
[1 1]	[8 8]
[1 1]	[8 8]
[1 1]	[8 8]
[1 1]	[8 8]
[1 1]	[8 1]
[1 1]	[1 1]
[1 1]	[1 1]
[1 1]	[1 1]
[1 1]	[1 1]
[1 1]	[ 1 15]
[1 1]	[15 15]
[1 1]	[15 15]
[1 1]	[15 15]
[1 1]	[15 15]
[1 1]	[15 15]
[1 1]	[15  8]
[1 1]	[8 8]
[1 1]	[8 8]
[1 1]	[8 8]
[1 1]	[8 8]
[1 1]	[8 8]
[1 1]	[8 8]
[1 1]	[8 8]
[1 1]	[8 1]
[1 1]	[1 1]
[1 1]	[1 1]
[1 1]	[1 1]
[1 1]	[1 1]
[1 1]	[1 1]
[1 1]	[1 1]
[1 1]	[1 1]
[1 1]	[1 1]
[1 1]	[1 1]
[1 1]	[1 1]
[1 1]	[1 1]
[1 1]	[ 1 15]
[1 1]	[15 15]
[1 1]	[15 15]
[1 1]	[15 15]
[1 1]	[15 15]
[1 1]	[15 15]
[1 1]	[15 15]
[1 1]	[15 15]
[1 1]	[15 15]
[1 1]	[15 15]
[1 1]	[15 15]
[1 1]	[15 15]
[1 1]	[15 15]
[1 1]	[15 15]
[1 1]	[15  1]
[1 1]	[1 1]
[1 1]	[1 1]
[-1 -1]	[1 1]
[1 1]	[ 1 13]
[1 1]	[13 13]
[1 1]	[13 13]
[1 1]	[13  8]
[1 1]	[8 8]
[1 1]	[8 8]
[1 1]	[ 8 13]
[1 1]	[13 13]
[1 1]	[13 13]
[1 1]	[13 13]
[1 1]	[13 18]
[1 1]	[18 18]
[1 1]	[18 18]
[1 1]	[18 18]
[1 1]	[18  8]
[1 1]	[8 8]
[1 1]	[8 8]
[1 1]	[8 8]
[1 1]	[8 8]
[1 1]	[8 8]
[1 1]	[ 8 13]
[1 1]	[13 13]
[1 1]	[13  8]
[1 1]	[8 8]
[1 1]	[ 8 13]
[1 1]	[13 13]
[1 1]	[13 13]
[1 1]	[13 13]
[1 1]	[13 18]
[1 1]	[18 18]
[1 1]	[18 18]
[1 1]	[18 18]
[1 1]	[18  8]
[1 1]	[8 8]
[1 1]	[8 8]
[1 1]	[ 8 13]
[1 1]	[13 13]
[1 1]	[13 13]
[1 1]	[13 13]
[1 1]	[13 13]
[1 1]	[13  8]
[1 1]	[8 8]
[1 1]	[8 8]
[1 1]	[ 8 13]
[1 1]	[13 13]
[1 1]	[13 13]
[1 1]	[13 13]
[1 1]	[13 18]
[1 1]	[18 18]
[1 1]	[18 18]
[1 1]	[18 18]
[1 1]	[18  8]
[1 1]	[8 8]
[1 1]	[8 8]
[1 1]	[8 8]
[1 1]	[8 8]
[1 1]	[8 8]
[1 1]	[ 8 13]
[1 1]	[13  8]
[1 1]	[ 8 13]
[1 1]	[13 13]
[1 1]	[13 13]
[1 1]	[13 13]
[1 1]	[13 18]
[1 1]	[18 18]
[1 1]	[18 18]
[1 1]	[18 18]
[1 1]	[18  8]
[1 1]	[8 8]
[1 1]	[8 8]
[1 1]	[8 8]
[-1 -1]	[ 8 13]
[-1 -1]	[13 -1]
[1 1]	[-1 13]
[1 1]	[13 13]
[1 1]	[13  8]
[1 1]	[ 8 13]
[1 1]	[13 13]
[1 1]	[13  1]
[1 1]	[1 1]
[1 1]	[1 6]
[1 1]	[6 6]
[1 1]	[6 6]
[1 1]	[6 8]
[1 1]	[8 8]
[1 1]	[ 8 13]
[1 1]	[13 13]
[1 1]	[13 13]
[1 1]	[13 13]
[1 1]	[13 13]
[1 1]	[13 13]
[1 1]	[13 13]
[1 1]	[13 13]
[1 1]	[13 13]
[1 1]	[13  6]
[1 1]	[6 6]
[1 1]	[6 6]
[1 1]	[6 8]
[1 1]	[8 8]
[1 1]	[ 8 13]
[1 1]	[13 13]
[1 1]	[13 13]
[1 1]	[13 13]
[1 1]	[13 13]
[1 1]	[13  6]
[1 1]	[6 6]
[1 1]	[6 6]
[1 1]	[ 6 13]
[1 1]	[13 13]
[1 1]	[13 13]
[1 1]	[13 13]
[1 1]	[13 13]
[1 1]	[13 13]
[1 1]	[13 13]
[1 1]	[13 13]
[1 1]	[13 13]
[1 1]	[13 13]
[1 1]	[13 13]
[1 1]	[13  8]
[1 1]	[8 8]
[1 1]	[8 8]
[1 1]	[ 8 13]
[1 1]	[13 13]
[1 1]	[13 13]
[1 1]	[13 13]
[1 1]	[13 20]
[1 1]	[20 20]
[1 1]	[20 13]
[1 1]	[13 13]
[1 1]	[13 20]
[1 1]	[20 20]
[1 1]	[20 13]
[1 1]	[13 13]
[1 1]	[13 13]
[1 1]	[13 13]
[1 1]	[13 13]
[1 1]	[13 13]
[1 1]	[13 13]
[1 1]	[13 13]
[1 1]	[13 13]
[1 1]	[13  6]
[1 1]	[6 6]
[1 1]	[6 6]
[1 1]	[6 8]
[1 1]	[8 8]
[1 1]	[ 8 13]
[1 1]	[13 13]
[1 1]	[13 13]
[1 1]	[13 20]
[1 1]	[20 20]
[1 1]	[20 20]
[1 1]	[20 10]
[1 1]	[10 10]
[1 1]	[10 10]
[1 1]	[10  5]
[1 1]	[5 5]
[1 1]	[ 5 13]
[1 1]	[13 13]
[1 1]	[13 13]
[1 1]	[13 13]
[1 1]	[13 13]
[1 1]	[13 13]
[1 1]	[13 13]
[1 1]	[13 13]
[1 1]	[13 13]
[1 1]	[13  8]
[1 1]	[8 8]
[1 1]	[8 8]
[1 1]	[ 8 13]
[1 1]	[13 13]
[1 1]	[13  8]
[1 1]	[8 8]
[1 1]	[8 8]
[1 1]	[ 8 13]
[-1 -1]	[13 13]
[-1 -1]	[13 -1]
[1 1]	[-1 -1]
[1 1]	[-1 -1]
[1 1]	[-1 -1]
[1 1]	[-1 -1]
[1 1]	[-1 -1]
[1 1]	[-1 -1]
[1 1]	[-1 -1]
[1 1]	[-1 -1]
[1 1]	[-1 -1]
[1 1]	[-1 -1]
[1 1]	[-1 -1]
[1 1]	[-1 -1]
[1 1]	[-1 -1]
[1 1]	[-1 -1]
[1 1]	[-1 -1]
[1 1]	[-1 -1]
[1 1]	[-1 -1]
[1 1]	[-1 -1]
[1 1]	[-1 -1]
[1 1]	[-1 -1]
[1 1]	[-1 -1]
[1 1]	[-1 -1]
[1 1]	[-1 -1]
[1 1]	[-1 -1]
[1 1]	[-1 -1]
[1 1]	[-1 -1]
[1 1]	[-1 -1]
[1 1]	[-1 -1]
[1 1]	[-1 -1]
[1 1]	[-1  8]
[1 1]	[8 8]
[1 1]	[8 8]
[1 1]	[8 8]
[1 1]	[8 8]
[1 1]	[8 8]
[1 1]	[8 8]
[1 1]	[8 8]
[1 1]	[ 8 13]
[1 1]	[13 13]
[1 1]	[13 13]
[1 1]	[13 13]
[1 1]	[13 13]
[1 1]	[13 13]
[1 1]	[13 13]
[1 1]	[13 13]
[1 1]	[13 13]
[1 1]	[13 13]
[1 1]	[13 13]
[1 1]	[13 13]
[1 1]	[13 13]
[1 1]	[13 13]
[1 1]	[13 13]
[1 1]	[13 13]
[1 1]	[13 13]
[1 1]	[13 13]
[1 1]	[13 13]
[1 1]	[13 13]
[1 1]	[13 13]
[1 1]	[13 13]
[1 1]	[13 13]
[1 1]	[13 13]
[1 1]	[13 13]
[1 1]	[13 13]
[1 1]	[13 13]
[1 1]	[13 13]
[1 1]	[13 13]
[1 1]	[13 13]
[1 1]	[13 13]
[1 1]	[13 13]
[1 1]	[13 13]
[1 1]	[13 13]
[1 1]	[13 13]
[1 1]	[13 13]
[1 1]	[13 13]
[1 1]	[13 13]
[1 1]	[13 13]
[1 1]	[13 13]
[1 1]	[13 13]
[1 1]	[13 13]
[1 1]	[13 13]
[1 1]	[13 13]
[1 1]	[13 13]
[1 1]	[13 13]
[1 1]	[13 13]
[1 1]	[13 13]
[1 1]	[13 13]
[1 1]	[13 13]
[1 1]	[13 13]
[1 1]	[13 13]
[1 1]	[13 13]
[1 1]	[13 13]
[1 1]	[13 13]
[1 1]	[13 13]
[1 1]	[13 13]
[1 1]	[13 13]
[1 1]	[13 13]
[1 1]	[13 13]
[1 1]	[13 13]
[1 1]	[13 13]
[1 1]	[13 13]
[1 1]	[13 13]
[1 1]	[13 13]
[1 1]	[13 13]
[1 1]	[13 13]
[1 1]	[13 13]
[1 1]	[13 13]
[1 1]	[13 13]
[1 1]	[13 13]
[1 1]	[13 13]
[1 1]	[13 13]
[1 1]	[13 13]
[1 1]	[13 13]
[1 1]	[13 13]
[1 1]	[13 13]
[1 1]	[13 13]
[1 1]	[13 13]
[1 1]	[13 13]
[1 1]	[13 13]
[1 1]	[13 13]
[1 1]	[13 13]
[1 1]	[13 13]
[1 1]	[13 13]
[1 1]	[13 13]
[1 1]	[13 13]
[1 1]	[13 13]
[1 1]	[13 13]
[1 1]	[13 13]
[1 1]	[13 13]
[1 1]	[13 13]
[1 1]	[13 13]
[1 1]	[13 13]
[1 1]	[13 13]
[1 1]	[13 13]
[1 1]	[13 13]
[1 1]	[13 13]
[1 1]	[13 13]
[1 1]	[13 13]
[1 1]	[13 13]
[1 1]	[13 13]
[1 1]	[13 13]
[1 1]	[13 13]
[1 1]	[13 13]
[1 1]	[13 13]
[1 1]	[13 13]
[1 1]	[13 13]
[1 1]	[13 13]
[1 1]	[13 13]
[1 1]	[13 13]
[1 1]	[13 13]
[1 1]	[13 13]
[1 1]	[13 13]
[-1 -1]	[13 13]
[1 1]	[13  1]
[1 1]	[1 1]
[1 1]	[1 1]
[1 1]	[1 1]
[1 1]	[1 1]
[1 1]	[1 1]
[1 1]	[1 1]
[1 1]	[1 1]
[1 1]	[1 6]
[1 1]	[6 6]
[1 1]	[6 6]
[1 1]	[6 6]
[1 1]	[6 1]
[1 1]	[1 1]
[1 1]	[1 1]
[1 1]	[ 1 15]
[1 1]	[15 15]
[1 1]	[15 15]
[1 1]	[15 15]
[1 1]	[15 15]
[1 1]	[15  1]
[1 1]	[1 1]
[1 1]	[1 1]
[1 1]	[1 1]
[1 1]	[1 3]
[1 1]	[3 3]
[1 1]	[3 3]
[1 1]	[3 3]
[1 1]	[3 3]
[1 1]	[3 3]
[1 1]	[3 3]
[1 1]	[3 8]
[1 1]	[8 8]
[1 1]	[8 8]
[1 1]	[8 8]
[1 1]	[8 8]
[1 1]	[8 8]
[1 1]	[8 1]
[1 1]	[1 1]
[1 1]	[1 1]
[1 1]	[1 1]
[1 1]	[1 1]
[1 1]	[1 1]
[1 1]	[1 1]
[1 1]	[1 6]
[1 1]	[6 6]
[1 1]	[6 6]
[1 1]	[6 6]
[1 1]	[6 1]
[1 1]	[1 1]
[1 1]	[1 1]
[1 1]	[ 1 15]
[1 1]	[15 15]
[1 1]	[15 15]
[1 1]	[15 15]
[1 1]	[15 15]
[1 1]	[15 15]
[1 1]	[15  1]
[1 1]	[1 1]
[1 1]	[1 1]
[1 1]	[1 1]
[1 1]	[1 1]
[1 1]	[1 1]
[1 1]	[1 3]
[1 1]	[3 3]
[1 1]	[3 3]
[1 1]	[3 3]
[1 1]	[3 8]
[1 1]	[8 8]
[1 1]	[8 8]
[1 1]	[8 8]
[1 1]	[8 1]
[1 1]	[1 1]
[1 1]	[1 1]
[1 1]	[1 1]
[1 1]	[1 1]
[1 1]	[1 1]
[1 1]	[1 1]
[1 1]	[1 1]
[1 1]	[ 1 22]
[1 1]	[22 22]
[1 1]	[22 22]
[1 1]	[22 22]
[1 1]	[22 22]
[1 1]	[22  5]
[1 1]	[5 5]
[1 1]	[5 5]
[1 1]	[ 5 22]
[1 1]	[22 22]
[1 1]	[22 22]
[1 1]	[22 22]
[1 1]	[22 22]
[1 1]	[22  5]
[-1 -1]	[5 5]
[1 1]	[ 5 -1]
[1 1]	[-1 -1]
[1 1]	[-1 -1]
[1 1]	[-1 -1]
[1 1]	[-1 -1]
[1 1]	[-1 -1]
[1 1]	[-1 -1]
[1 1]	[-1 -1]
[1 1]	[-1 -1]
[1 1]	[-1 -1]
[1 1]	[-1 -1]
[1 1]	[-1 -1]
[1 1]	[-1 -1]
[1 1]	[-1 -1]
[1 1]	[-1  8]
[1 1]	[8 8]
[1 1]	[8 8]
[1 1]	[8 8]
[1 1]	[8 8]
[1 1]	[8 8]
[1 1]	[8 8]
[1 1]	[8 8]
[1 1]	[8 8]
[1 1]	[8 8]
[1 1]	[8 8]
[1 1]	[8 8]
[1 1]	[8 8]
[1 1]	[8 8]
[1 1]	[8 8]
[1 1]	[8 8]
[1 1]	[8 8]
[1 1]	[8 8]
[1 1]	[8 8]
[1 1]	[8 8]
[1 1]	[8 8]
[1 1]	[8 8]
[1 1]	[8 8]
[1 1]	[8 8]
[1 1]	[8 8]
[1 1]	[8 8]
[1 1]	[8 8]
[1 1]	[8 8]
[1 1]	[8 8]
[1 1]	[8 8]
[1 1]	[8 8]
[1 1]	[8 8]
[1 1]	[8 8]
[1 1]	[8 8]
[1 1]	[8 8]
[1 1]	[8 8]
[1 1]	[8 8]
[1 1]	[8 8]
[1 1]	[8 8]
[1 1]	[8 8]
[1 1]	[8 8]
[1 1]	[8 8]
[1 1]	[8 8]
[1 1]	[8 8]
[1 1]	[8 8]
[1 1]	[8 8]
[1 1]	[8 8]
[1 1]	[8 8]
[1 1]	[8 8]
[1 1]	[8 8]
[1 1]	[8 8]
[1 1]	[8 8]
[1 1]	[8 8]
[1 1]	[8 8]
[1 1]	[8 8]
[1 1]	[8 8]
[1 1]	[8 8]
[1 1]	[8 8]
[1 1]	[8 8]
[1 1]	[8 8]
[1 1]	[8 8]
[1 1]	[8 8]
[1 1]	[8 8]
[1 1]	[8 8]
[1 1]	[8 8]
[1 1]	[8 8]
[1 1]	[8 8]
[1 1]	[8 8]
[1 1]	[8 8]
[1 1]	[8 8]
[1 1]	[8 8]
[1 1]	[8 8]
[1 1]	[8 8]
[1 1]	[8 8]
[1 1]	[8 8]
[1 1]	[8 8]
[1 1]	[8 8]
[1 1]	[8 8]
[1 1]	[8 8]
[1 1]	[8 8]
[1 1]	[8 8]
[1 1]	[8 8]
[1 1]	[8 8]
[1 1]	[8 8]
[1 1]	[8 8]
[1 1]	[8 8]
[1 1]	[8 8]
[1 1]	[8 8]
[1 1]	[8 8]
[1 1]	[8 8]
[1 1]	[8 8]
[1 1]	[8 8]
[1 1]	[8 8]
[1 1]	[8 8]
[1 1]	[8 8]
[1 1]	[8 8]
[1 1]	[8 8]
[1 1]	[8 8]
[1 1]	[8 8]
[1 1]	[8 8]
[1 1]	[8 8]
[1 1]	[8 8]
[1 1]	[8 8]
[1 1]	[8 8]
[1 1]	[8 8]
[1 1]	[8 8]
[1 1]	[8 8]
[1 1]	[8 8]
[1 1]	[8 8]
[1 1]	[8 8]
[1 1]	[8 8]
[1 1]	[8 8]
[1 1]	[8 8]
[1 1]	[8 8]
[1 1]	[8 8]
[1 1]	[8 8]
[1 1]	[8 8]
[1 1]	[8 8]
[1 1]	[8 8]
[1 1]	[8 8]
[1 1]	[8 8]
[-1 -1]	[8 8]
[1 1]	[8 1]
[1 1]	[1 1]
[1 1]	[1 1]
[1 1]	[1 1]
[1 1]	[1 1]
[1 1]	[1 6]
[1 1]	[6 6]
[1 1]	[6 6]
[1 1]	[6 6]
[1 1]	[6 6]
[1 1]	[6 8]
[1 1]	[8 8]
[1 1]	[8 8]
[1 1]	[8 8]
[1 1]	[8 8]
[1 1]	[8 8]
[1 1]	[8 1]
[1 1]	[1 1]
[1 1]	[1 1]
[1 1]	[1 1]
[1 1]	[1 1]
[1 1]	[1 8]
[1 1]	[8 8]
[1 1]	[8 1]
[1 1]	[1 1]
[1 1]	[1 1]
[1 1]	[1 1]
[1 1]	[1 1]
[1 1]	[1 1]
[1 1]	[1 8]
[1 1]	[8 8]
[1 1]	[8 8]
[1 1]	[8 8]
[1 1]	[ 8 22]
[1 1]	[22 22]
[1 1]	[22 22]
[1 1]	[22 22]
[1 1]	[22  8]
[1 1]	[8 8]
[1 1]	[8 1]
[1 1]	[1 1]
[1 1]	[1 8]
[1 1]	[8 8]
[1 1]	[8 1]
[1 1]	[1 1]
[1 1]	[1 1]
[1 1]	[1 1]
[1 1]	[1 1]
[1 1]	[1 1]
[1 1]	[1 6]
[1 1]	[6 6]
[1 1]	[6 6]
[1 1]	[6 1]
[1 1]	[1 1]
[1 1]	[1 1]
[1 1]	[1 8]
[1 1]	[8 8]
[1 1]	[8 8]
[1 1]	[8 1]
[-1 -1]	[1 1]
[1 1]	[ 1 -1]
[1 1]	[-1 -1]
[1 1]	[-1 -1]
[1 1]	[-1 -1]
[1 1]	[-1 -1]
[1 1]	[-1 -1]
[1 1]	[-1 -1]
[1 1]	[-1 -1]
[1 1]	[-1 -1]
[1 1]	[-1 -1]
[1 1]	[-1 -1]
[1 1]	[-1 -1]
[1 1]	[-1 -1]
[1 1]	[-1 -1]
[1 1]	[-1 -1]
[1 1]	[-1 -1]
[1 1]	[-1 -1]
[1 1]	[-1 -1]
[1 1]	[-1 -1]
[1 1]	[-1 -1]
[1 1]	[-1 -1]
[1 1]	[-1 -1]
[1 1]	[-1 -1]
[1 1]	[-1 -1]
[1 1]	[-1 -1]
[1 1]	[-1 -1]
[1 1]	[-1 -1]
[1 1]	[-1 -1]
[1 1]	[-1 -1]
[1 1]	[-1 -1]
[1 1]	[-1 -1]
[1 1]	[-1 -1]
[1 1]	[-1 -1]
[1 1]	[-1 -1]
[1 1]	[-1 -1]
[1 1]	[-1 -1]
[1 1]	[-1 -1]
[1 1]	[-1 -1]
[1 1]	[-1 -1]
[1 1]	[-1 -1]
[1 1]	[-1 -1]
[1 1]	[-1 -1]
[1 1]	[-1 -1]
[1 1]	[-1 -1]
[1 1]	[-1 -1]
[1 1]	[-1 -1]
[1 1]	[-1 -1]
[1 1]	[-1 -1]
[1 1]	[-1 -1]
[1 1]	[-1 -1]
[1 1]	[-1 -1]
[1 1]	[-1 -1]
[1 1]	[-1 -1]
[1 1]	[-1 -1]
[1 1]	[-1 -1]
[1 1]	[-1 -1]
[1 1]	[-1 -1]
[1 1]	[-1 -1]
[1 1]	[-1 -1]
[1 1]	[-1 -1]
[1 1]	[-1 -1]
[1 1]	[-1 -1]
[1 1]	[-1 -1]
[1 1]	[-1 -1]
[1 1]	[-1 -1]
[1 1]	[-1 -1]
[1 1]	[-1 -1]
[1 1]	[-1 -1]
[1 1]	[-1 -1]
[1 1]	[-1 -1]
[1 1]	[-1 -1]
[1 1]	[-1 -1]
[1 1]	[-1 -1]
[1 1]	[-1 -1]
[1 1]	[-1 -1]
[1 1]	[-1 -1]
[1 1]	[-1 -1]
[1 1]	[-1 -1]
[1 1]	[-1 -1]
[1 1]	[-1 -1]
[1 1]	[-1 -1]
[1 1]	[-1 -1]
[1 1]	[-1 -1]
[1 1]	[-1 -1]
[1 1]	[-1 -1]
[1 1]	[-1 -1]
[1 1]	[-1 -1]
[1 1]	[-1  5]
[1 1]	[5 5]
[1 1]	[5 5]
[1 1]	[5 5]
[1 1]	[ 5 22]
[1 1]	[22 22]
[1 1]	[22 22]
[1 1]	[22 22]
[1 1]	[22 22]
[1 1]	[22 22]
[1 1]	[22 22]
[1 1]	[22 22]
[1 1]	[22 22]
[1 1]	[22 22]
[1 1]	[22 22]
[1 1]	[22 22]
[1 1]	[22 22]
[1 1]	[22 22]
[1 1]	[22 22]
[1 1]	[22 22]
[1 1]	[22 22]
[1 1]	[22 22]
[1 1]	[22 22]
[1 1]	[22 22]
[1 1]	[22 22]
[1 1]	[22 22]
[1 1]	[22  5]
[1 1]	[5 5]
[1 1]	[5 5]
[1 1]	[5 5]
[1 1]	[5 5]
[1 1]	[5 5]
[1 1]	[5 5]
[1 1]	[5 5]
[1 1]	[5 5]
[1 1]	[5 5]
[1 1]	[5 5]
[1 1]	[5 5]
[1 1]	[5 5]
[1 1]	[ 5 22]
[1 1]	[22 22]
[1 1]	[22 22]
[1 1]	[22 22]
[1 1]	[22 22]
[1 1]	[22 22]
[1 1]	[22 22]
[1 1]	[22 22]
[1 1]	[22 22]
[1 1]	[22  5]
[1 1]	[5 5]
[1 1]	[5 5]
[1 1]	[5 5]
[1 1]	[ 5 22]
[1 1]	[22 22]
[1 1]	[22 22]
[1 1]	[22 22]
[1 1]	[22 22]
[1 1]	[22 22]
[1 1]	[22 22]
[1 1]	[22 22]
[1 1]	[22 22]
[1 1]	[22 22]
[1 1]	[22 22]
[1 1]	[22 22]
[1 1]	[22 22]
[1 1]	[22 22]
[1 1]	[22 22]
[1 1]	[22 22]
[1 1]	[22 22]
[1 1]	[22 22]
[1 1]	[22 22]
[1 1]	[22 22]
[1 1]	[22 22]
[1 1]	[22 22]
[1 1]	[22 22]
[1 1]	[22  1]
[1 1]	[1 1]
[1 1]	[ 1 15]
[1 1]	[15 15]
[1 1]	[15  8]
[1 1]	[8 8]
[1 1]	[8 8]
[1 1]	[8 8]
[1 1]	[8 1]
[1 1]	[1 1]
[1 1]	[1 1]
[1 1]	[1 1]
[1 1]	[1 1]
[1 1]	[1 1]
[1 1]	[1 1]
[1 1]	[1 1]
[1 1]	[ 1 15]
[1 1]	[15 15]
[1 1]	[15  8]
[1 1]	[8 8]
[1 1]	[8 8]
[1 1]	[8 8]
[1 1]	[8 8]
[1 1]	[8 8]
[-1 -1]	[8 8]
[1 1]	[8 6]
[1 1]	[6 6]
[1 1]	[6 6]
[1 1]	[6 6]
[1 1]	[6 6]
[1 1]	[6 6]
[1 1]	[6 1]
[1 1]	[1 1]
[1 1]	[1 8]
[1 1]	[8 8]
[1 1]	[8 8]
[1 1]	[8 8]
[1 1]	[8 8]
[1 1]	[8 8]
[1 1]	[8 8]
[1 1]	[8 8]
[1 1]	[8 8]
[1 1]	[8 1]
[1 1]	[1 1]
[1 1]	[1 1]
[1 1]	[1 1]
[1 1]	[1 1]
[1 1]	[1 1]
[1 1]	[1 1]
[1 1]	[1 1]
[1 1]	[1 6]
[1 1]	[6 6]
[1 1]	[6 6]
[1 1]	[6 6]
[1 1]	[6 6]
[1 1]	[6 6]
[1 1]	[6 1]
[1 1]	[1 1]
[1 1]	[1 8]
[1 1]	[8 8]
[1 1]	[8 8]
[1 1]	[8 8]
[1 1]	[8 8]
[1 1]	[8 8]
[1 1]	[8 8]
[1 1]	[8 1]
[1 1]	[1 1]
[1 1]	[1 1]
[1 1]	[1 1]
[1 1]	[1 1]
[1 1]	[1 1]
[1 1]	[1 1]
[1 1]	[1 1]
[1 1]	[1 1]
[1 1]	[1 1]
[1 1]	[1 1]
[1 1]	[1 1]
[1 1]	[1 1]
[1 1]	[1 1]
[1 1]	[1 1]
[1 1]	[1 1]
[1 1]	[1 1]
[1 1]	[1 1]
[1 1]	[1 6]
[1 1]	[6 6]
[1 1]	[6 8]
[1 1]	[8 8]
[1 1]	[8 8]
[1 1]	[8 8]
[1 1]	[8 8]
[1 1]	[8 8]
[1 1]	[8 8]
[1 1]	[8 1]
[1 1]	[1 1]
[1 1]	[1 1]
[1 1]	[1 1]
[1 1]	[1 1]
[1 1]	[1 1]
[1 1]	[1 1]
[1 1]	[1 1]
[1 1]	[1 6]
[1 1]	[6 6]
[1 1]	[6 6]
[1 1]	[6 6]
[1 1]	[6 6]
[1 1]	[6 6]
[1 1]	[6 1]
[1 1]	[1 1]
[1 1]	[1 8]
[1 1]	[8 8]
[1 1]	[8 8]
[1 1]	[8 8]
[1 1]	[8 8]
[1 1]	[8 8]
[1 1]	[8 8]
[1 1]	[8 1]
[-1 -1]	[1 1]
[1 1]	[ 1 -1]
[1 1]	[-1 -1]
[1 1]	[-1 -1]
[1 1]	[-1 -1]
[1 1]	[-1  1]
[1 1]	[1 1]
[1 1]	[1 1]
[1 1]	[1 1]
[1 1]	[1 1]
[1 1]	[1 1]
[1 1]	[1 1]
[1 1]	[ 1 15]
[1 1]	[15 15]
[1 1]	[15 15]
[1 1]	[15 15]
[1 1]	[15 15]
[1 1]	[15 15]
[1 1]	[15 15]
[1 1]	[15 15]
[1 1]	[15 15]
[1 1]	[15 15]
[1 1]	[15  1]
[1 1]	[1 1]
[1 1]	[1 1]
[1 1]	[1 1]
[1 1]	[1 1]
[1 1]	[1 1]
[1 1]	[1 1]
[1 1]	[1 1]
[1 1]	[1 1]
[1 1]	[1 1]
[1 1]	[1 1]
[1 1]	[1 1]
[1 1]	[1 1]
[1 1]	[1 1]
[1 1]	[1 1]
[1 1]	[1 1]
[1 1]	[1 1]
[1 1]	[1 1]
[1 1]	[1 1]
[1 1]	[ 1 15]
[1 1]	[15 15]
[1 1]	[15 15]
[1 1]	[15 15]
[1 1]	[15  1]
[1 1]	[1 1]
[1 1]	[1 1]
[1 1]	[ 1 15]
[1 1]	[15 15]
[1 1]	[15 15]
[1 1]	[15  1]
[1 1]	[1 1]
[1 1]	[1 1]
[1 1]	[1 8]
[1 1]	[8 8]
[1 1]	[8 8]
[1 1]	[8 1]
[1 1]	[1 1]
[1 1]	[1 1]
[1 1]	[1 1]
[1 1]	[1 1]
[1 1]	[1 1]
[1 1]	[1 1]
[1 1]	[1 1]
[1 1]	[1 1]
[1 1]	[1 1]
[1 1]	[1 1]
[1 1]	[1 1]
[1 1]	[1 1]
[1 1]	[1 1]
[1 1]	[1 1]
[1 1]	[ 1 15]
[1 1]	[15 15]
[1 1]	[15 15]
[1 1]	[15  1]
[1 1]	[1 1]
[1 1]	[1 1]
[1 1]	[1 1]
[1 1]	[1 1]
[1 1]	[1 1]
[1 1]	[1 1]
[1 1]	[1 1]
[1 1]	[1 1]
[1 1]	[1 1]
[1 1]	[1 1]
[1 1]	[1 1]
[1 1]	[1 1]
[1 1]	[1 1]
[1 1]	[1 1]
[1 1]	[1 1]
[1 1]	[1 1]
[1 1]	[1 1]
[1 1]	[1 1]
[1 1]	[1 1]
[1 1]	[1 1]
[1 1]	[ 1 15]
[1 1]	[15 15]
[1 1]	[15 15]
[1 1]	[15  1]
[1 1]	[1 1]
[1 1]	[1 1]
[1 1]	[1 1]
[1 1]	[1 1]
[-1 -1]	[1 1]
[1 1]	[ 1 -1]
[1 1]	[-1 -1]
[1 1]	[-1 13]
[1 1]	[13 13]
[1 1]	[13 13]
[1 1]	[13 13]
[1 1]	[13 13]
[1 1]	[13 13]
[1 1]	[13 13]
[1 1]	[13 18]
[1 1]	[18 18]
[1 1]	[18 18]
[1 1]	[18 18]
[1 1]	[18 18]
[1 1]	[18 18]
[1 1]	[18 12]
[1 1]	[12 12]
[1 1]	[12 12]
[1 1]	[12 12]
[1 1]	[12 12]
[1 1]	[12 12]
[1 1]	[12 12]
[1 1]	[12 13]
[1 1]	[13 13]
[1 1]	[13 13]
[1 1]	[13 13]
[1 1]	[13 13]
[1 1]	[13 13]
[1 1]	[13 13]
[1 1]	[13 13]
[1 1]	[13 13]
[1 1]	[13 13]
[1 1]	[13 13]
[1 1]	[13 13]
[1 1]	[13 13]
[1 1]	[13 18]
[1 1]	[18 18]
[1 1]	[18 18]
[1 1]	[18 18]
[1 1]	[18 18]
[1 1]	[18 18]
[1 1]	[18 13]
[1 1]	[13 13]
[1 1]	[13 13]
[1 1]	[13 13]
[1 1]	[13 13]
[1 1]	[13 13]
[1 1]	[13 13]
[1 1]	[13 13]
[1 1]	[13  8]
[1 1]	[8 8]
[1 1]	[8 8]
[1 1]	[8 8]
[1 1]	[ 8 13]
[1 1]	[13 13]
[1 1]	[13 13]
[1 1]	[13 13]
[1 1]	[13 12]
[1 1]	[12 12]
[1 1]	[12 12]
[1 1]	[12 12]
[1 1]	[12 12]
[1 1]	[12 12]
[1 1]	[12 12]
[1 1]	[12 13]
[1 1]	[13 13]
[1 1]	[13 13]
[1 1]	[13 13]
[1 1]	[13 13]
[1 1]	[13 13]
[1 1]	[13  8]
[1 1]	[8 8]
[1 1]	[8 8]
[1 1]	[8 8]
[1 1]	[8 8]
[1 1]	[8 8]
[1 1]	[8 8]
[1 1]	[ 8 13]
[1 1]	[13 13]
[1 1]	[13 13]
[1 1]	[13 13]
[1 1]	[13 13]
[1 1]	[13 13]
[1 1]	[13 18]
[1 1]	[18 18]
[1 1]	[18 18]
[1 1]	[18 18]
[1 1]	[18 18]
[1 1]	[18 18]
[1 1]	[18 18]
[1 1]	[18 18]
[1 1]	[18 13]
[1 1]	[13 13]
[1 1]	[13 13]
[1 1]	[13 13]
[1 1]	[13 13]
[1 1]	[13 13]
[1 1]	[13 13]
[1 1]	[13 13]
[1 1]	[13  8]
[1 1]	[8 8]
[1 1]	[8 8]
[1 1]	[8 8]
[1 1]	[ 8 13]
[1 1]	[13 13]
[1 1]	[13 13]
[1 1]	[13 13]
[1 1]	[13  8]
[1 1]	[8 8]
[1 1]	[8 8]
[1 1]	[8 8]
[1 1]	[ 8 13]
[1 1]	[13 13]
[1 1]	[13 13]
[-1 -1]	[13 13]
[1 1]	[13 -1]
[1 1]	[-1 -1]
[1 1]	[-1 -1]
[1 1]	[-1 -1]
[1 1]	[-1 -1]
[1 1]	[-1 -1]
[1 1]	[-1 -1]
[1 1]	[-1 -1]
[1 1]	[-1 -1]
[1 1]	[-1 -1]
[1 1]	[-1 -1]
[1 1]	[-1 -1]
[1 1]	[-1 -1]
[1 1]	[-1 -1]
[1 1]	[-1 -1]
[1 1]	[-1 -1]
[1 1]	[-1 -1]
[1 1]	[-1 -1]
[1 1]	[-1 -1]
[1 1]	[-1 -1]
[1 1]	[-1 -1]
[1 1]	[-1 -1]
[1 1]	[-1 -1]
[1 1]	[-1 -1]
[1 1]	[-1 -1]
[1 1]	[-1 -1]
[1 1]	[-1 -1]
[1 1]	[-1 -1]
[1 1]	[-1 -1]
[1 1]	[-1 -1]
[1 1]	[-1 -1]
[1 1]	[-1 -1]
[1 1]	[-1 -1]
[1 1]	[-1 -1]
[1 1]	[-1 -1]
[1 1]	[-1 -1]
[1 1]	[-1 -1]
[1 1]	[-1 -1]
[1 1]	[-1 -1]
[1 1]	[-1 -1]
[1 1]	[-1 -1]
[1 1]	[-1 -1]
[1 1]	[-1 -1]
[1 1]	[-1 -1]
[1 1]	[-1 -1]
[1 1]	[-1 -1]
[1 1]	[-1 -1]
[1 1]	[-1 -1]
[1 1]	[-1 -1]
[1 1]	[-1 -1]
[1 1]	[-1 -1]
[1 1]	[-1  1]
[1 1]	[1 1]
[1 1]	[1 1]
[1 1]	[1 1]
[1 1]	[1 8]
[1 1]	[8 8]
[1 1]	[8 8]
[1 1]	[8 8]
[1 1]	[8 1]
[1 1]	[1 1]
[1 1]	[1 6]
[1 1]	[6 6]
[1 1]	[6 6]
[1 1]	[6 6]
[1 1]	[6 6]
[1 1]	[6 6]
[1 1]	[6 6]
[1 1]	[6 1]
[1 1]	[1 1]
[1 1]	[1 1]
[1 1]	[1 1]
[1 1]	[1 1]
[1 1]	[1 1]
[1 1]	[1 1]
[1 1]	[1 8]
[1 1]	[8 8]
[1 1]	[8 8]
[1 1]	[8 8]
[1 1]	[8 8]
[1 1]	[8 8]
[1 1]	[8 8]
[1 1]	[8 8]
[1 1]	[8 8]
[1 1]	[8 8]
[1 1]	[8 8]
[1 1]	[8 8]
[1 1]	[8 1]
[1 1]	[1 1]
[1 1]	[1 1]
[1 1]	[1 1]
[1 1]	[1 6]
[1 1]	[6 6]
[1 1]	[6 6]
[1 1]	[6 6]
[1 1]	[6 6]
[1 1]	[6 6]
[1 1]	[6 6]
[1 1]	[6 1]
[1 1]	[1 1]
[1 1]	[1 1]
[1 1]	[1 1]
[1 1]	[1 1]
[1 1]	[1 1]
[1 1]	[1 1]
[1 1]	[1 8]
[1 1]	[8 8]
[1 1]	[8 8]
[1 1]	[8 8]
[1 1]	[8 8]
[1 1]	[8 8]
[1 1]	[8 8]
[1 1]	[8 8]
[1 1]	[8 8]
[1 1]	[8 8]
[1 1]	[8 8]
[1 1]	[8 8]
[-1 -1]	[8 1]
[1 1]	[ 1 -1]
[1 1]	[-1 -1]
[1 1]	[-1 -1]
[1 1]	[-1  1]
[1 1]	[1 1]
[1 1]	[1 8]
[1 1]	[8 8]
[1 1]	[8 8]
[1 1]	[8 8]
[1 1]	[8 1]
[1 1]	[1 1]
[1 1]	[ 1 15]
[1 1]	[15 15]
[1 1]	[15 15]
[1 1]	[15 15]
[1 1]	[15 15]
[1 1]	[15 15]
[1 1]	[15  1]
[1 1]	[1 1]
[1 1]	[1 1]
[1 1]	[1 1]
[1 1]	[1 1]
[1 1]	[1 1]
[1 1]	[1 1]
[1 1]	[1 1]
[1 1]	[1 1]
[1 1]	[1 1]
[1 1]	[1 8]
[1 1]	[8 8]
[1 1]	[8 8]
[1 1]	[8 8]
[1 1]	[8 1]
[1 1]	[1 1]
[1 1]	[ 1 15]
[1 1]	[15 15]
[1 1]	[15 15]
[1 1]	[15  8]
[1 1]	[8 8]
[1 1]	[8 8]
[1 1]	[8 1]
[1 1]	[1 1]
[1 1]	[1 1]
[1 1]	[1 1]
[1 1]	[1 1]
[1 1]	[1 1]
[1 1]	[1 1]
[1 1]	[1 1]
[1 1]	[1 1]
[1 1]	[1 1]
[1 1]	[1 1]
[1 1]	[1 1]
[1 1]	[1 1]
[1 1]	[1 1]
[1 1]	[1 1]
[1 1]	[1 1]
[1 1]	[1 1]
[1 1]	[1 1]
[1 1]	[1 1]
[1 1]	[1 1]
[1 1]	[1 1]
[1 1]	[1 1]
[1 1]	[1 1]
[1 1]	[1 1]
[1 1]	[1 1]
[1 1]	[1 1]
[1 1]	[1 1]
[1 1]	[1 1]
[1 1]	[1 1]
[1 1]	[1 1]
[1 1]	[1 1]
[1 1]	[1 1]
[1 1]	[1 1]
[1 1]	[1 6]
[1 1]	[6 6]
[1 1]	[ 6 15]
[1 1]	[15 15]
[1 1]	[15 15]
[1 1]	[15 15]
[1 1]	[15 15]
[1 1]	[15 15]
[1 1]	[15 15]
[1 1]	[15 15]
[1 1]	[15 15]
[1 1]	[15 15]
[1 1]	[15 15]
[1 1]	[15 15]
[1 1]	[15 15]
[1 1]	[15 15]
[1 1]	[15  8]
[1 1]	[8 8]
[1 1]	[8 8]
[1 1]	[8 8]
[1 1]	[8 8]
[1 1]	[8 8]
[1 1]	[8 8]
[1 1]	[8 8]
[1 1]	[8 1]
[1 1]	[1 1]
[1 1]	[1 1]
[-1 -1]	[1 1]
[1 1]	[1 1]
[1 1]	[1 1]
[1 1]	[1 1]
[1 1]	[1 1]
[1 1]	[1 1]
[1 1]	[1 1]
[1 1]	[ 1 15]
[1 1]	[15 15]
[1 1]	[15 15]
[1 1]	[15 15]
[1 1]	[15  8]
[1 1]	[8 8]
[1 1]	[8 8]
[1 1]	[8 8]
[1 1]	[8 8]
[1 1]	[8 8]
[1 1]	[8 1]
[1 1]	[1 1]
[1 1]	[1 1]
[1 1]	[1 1]
[1 1]	[1 1]
[1 1]	[1 1]
[1 1]	[1 1]
[1 1]	[1 1]
[1 1]	[1 1]
[1 1]	[1 1]
[1 1]	[1 1]
[1 1]	[1 1]
[1 1]	[ 1 15]
[1 1]	[15 15]
[1 1]	[15 15]
[1 1]	[15 15]
[1 1]	[15  8]
[1 1]	[8 8]
[1 1]	[8 8]
[1 1]	[8 8]
[1 1]	[8 8]
[1 1]	[8 8]
[1 1]	[8 8]
[1 1]	[8 8]
[1 1]	[8 8]
[1 1]	[8 8]
[1 1]	[8 1]
[1 1]	[1 1]
[1 1]	[1 1]
[1 1]	[1 1]
[1 1]	[1 1]
[1 1]	[1 1]
[1 1]	[1 1]
[1 1]	[1 1]
[1 1]	[1 1]
[1 1]	[ 1 15]
[1 1]	[15 15]
[1 1]	[15 15]
[1 1]	[15 15]
[1 1]	[15 15]
[1 1]	[15 15]
[1 1]	[15  8]
[1 1]	[8 8]
[1 1]	[8 8]
[1 1]	[8 8]
[1 1]	[8 8]
[1 1]	[8 8]
[1 1]	[8 8]
[1 1]	[8 1]
[1 1]	[1 1]
[1 1]	[1 1]
[1 1]	[1 1]
[1 1]	[1 1]
[1 1]	[1 1]
[1 1]	[1 1]
[1 1]	[1 1]
[1 1]	[1 1]
[1 1]	[1 1]
[1 1]	[1 1]
[1 1]	[1 1]
[1 1]	[1 1]
[1 1]	[ 1 15]
[1 1]	[15 15]
[1 1]	[15 15]
[1 1]	[15 15]
[1 1]	[15 15]
[1 1]	[15 15]
[1 1]	[15  8]
[1 1]	[8 8]
[1 1]	[8 8]
[1 1]	[8 8]
[1 1]	[8 8]
[1 1]	[8 8]
[1 1]	[8 8]
[1 1]	[8 8]
[1 1]	[8 8]
[1 1]	[8 8]
[1 1]	[8 8]
[1 1]	[8 1]
[1 1]	[1 1]
[1 1]	[1 1]
[1 1]	[1 1]
[1 1]	[1 1]
[1 1]	[1 1]
[1 1]	[1 1]
[1 1]	[1 1]
[1 1]	[1 1]
[1 1]	[1 1]
[1 1]	[1 8]
[1 1]	[8 8]
[1 1]	[8 8]
[1 1]	[8 8]
[1 1]	[8 8]
[1 1]	[8 8]
[1 1]	[8 6]
[1 1]	[6 6]
[1 1]	[6 6]
[1 1]	[6 6]
[1 1]	[6 8]
[1 1]	[8 8]
[1 1]	[8 8]
[1 1]	[8 8]
[1 1]	[8 8]
[1 1]	[8 8]
[1 1]	[8 8]
[1 1]	[8 8]
[1 1]	[8 1]
[1 1]	[1 1]
[1 1]	[1 1]
[1 1]	[1 1]
[1 1]	[1 1]
[1 1]	[1 1]
[1 1]	[1 1]
[1 1]	[1 1]
[1 1]	[1 8]
[1 1]	[8 8]
[1 1]	[8 8]
[1 1]	[8 8]
[1 1]	[8 8]
[1 1]	[8 8]
[1 1]	[8 6]
[1 1]	[6 6]
[1 1]	[6 8]
[1 1]	[8 8]
[1 1]	[8 8]
[1 1]	[8 8]
[-1 -1]	[8 1]
[1 1]	[1 1]
[1 1]	[1 1]
[1 1]	[1 1]
[1 1]	[1 1]
[1 1]	[1 1]
[1 1]	[1 1]
[1 1]	[1 1]
[1 1]	[1 1]
[1 1]	[1 1]
[1 1]	[1 1]
[1 1]	[1 1]
[1 1]	[1 1]
[1 1]	[1 1]
[1 1]	[1 1]
[1 1]	[1 1]
[1 1]	[1 8]
[1 1]	[8 8]
[1 1]	[8 8]
[1 1]	[8 8]
[1 1]	[8 8]
[1 1]	[8 1]
[1 1]	[1 1]
[1 1]	[1 1]
[1 1]	[1 1]
[1 1]	[1 8]
[1 1]	[8 8]
[1 1]	[8 8]
[1 1]	[8 8]
[1 1]	[8 8]
[1 1]	[8 1]
[1 1]	[1 1]
[1 1]	[1 1]
[1 1]	[1 6]
[1 1]	[6 6]
[1 1]	[6 6]
[1 1]	[6 6]
[1 1]	[6 6]
[1 1]	[6 6]
[1 1]	[6 6]
[1 1]	[6 1]
[1 1]	[1 1]
[1 1]	[1 1]
[1 1]	[1 1]
[1 1]	[1 1]
[1 1]	[1 1]
[1 1]	[1 1]
[1 1]	[1 8]
[1 1]	[8 8]
[1 1]	[8 8]
[1 1]	[8 8]
[1 1]	[8 8]
[1 1]	[8 8]
[1 1]	[8 8]
[1 1]	[8 1]
[1 1]	[1 1]
[1 1]	[1 1]
[1 1]	[1 1]
[1 1]	[1 1]
[1 1]	[1 1]
[1 1]	[1 6]
[1 1]	[6 6]
[1 1]	[6 6]
[1 1]	[6 6]
[1 1]	[6 6]
[1 1]	[6 6]
[1 1]	[6 6]
[1 1]	[6 1]
[1 1]	[1 1]
[1 1]	[1 1]
[1 1]	[1 1]
[1 1]	[1 1]
[1 1]	[1 1]
[1 1]	[1 1]
[1 1]	[1 8]
[1 1]	[8 8]
[1 1]	[8 8]
[1 1]	[8 8]
[1 1]	[8 8]
[1 1]	[8 1]
[1 1]	[1 1]
[1 1]	[1 1]
[1 1]	[1 1]
[1 1]	[1 1]
[1 1]	[1 1]
[1 1]	[1 1]
[1 1]	[1 1]
[1 1]	[1 1]
[1 1]	[1 1]
[1 1]	[1 1]
[1 1]	[1 1]
[1 1]	[1 1]
[1 1]	[1 1]
[1 1]	[1 1]
[1 1]	[1 1]
[1 1]	[1 1]
[1 1]	[1 1]
[1 1]	[1 8]
[1 1]	[8 8]
[1 1]	[8 8]
[1 1]	[8 8]
[1 1]	[8 8]
[1 1]	[8 1]
[1 1]	[1 1]
[1 1]	[1 1]
[1 1]	[1 1]
[1 1]	[1 8]
[1 1]	[8 8]
[1 1]	[8 8]
[1 1]	[8 8]
[1 1]	[8 8]
[1 1]	[8 1]
[1 1]	[1 1]
[1 1]	[1 1]
[1 1]	[1 1]
[1 1]	[1 6]
[1 1]	[6 6]
[1 1]	[6 6]
[1 1]	[6 6]
[1 1]	[6 6]
[1 1]	[6 6]
[1 1]	[6 6]
[1 1]	[6 6]
[1 1]	[6 6]
[1 1]	[6 6]
[1 1]	[6 6]
[1 1]	[6 6]
[1 1]	[6 6]
[1 1]	[6 6]
[1 1]	[6 1]
[1 1]	[1 1]
[1 1]	[1 1]
[1 1]	[1 1]
[1 1]	[1 1]
[1 1]	[1 1]
[1 1]	[1 6]
[1 1]	[6 6]
[1 1]	[6 6]
[1 1]	[6 6]
[1 1]	[6 6]
[1 1]	[6 6]
[1 1]	[6 6]
[1 1]	[6 6]
[1 1]	[6 6]
[1 1]	[6 6]
[1 1]	[6 6]
[1 1]	[6 6]
[1 1]	[6 6]
[1 1]	[6 6]
[1 1]	[6 6]
[1 1]	[6 6]
[1 1]	[6 6]
[1 1]	[6 1]
[1 1]	[1 1]
[1 1]	[1 1]
[1 1]	[1 1]
[1 1]	[1 1]
[1 1]	[1 1]
[1 1]	[1 1]
[1 1]	[1 6]
[1 1]	[6 6]
[1 1]	[6 6]
[1 1]	[6 1]
[1 1]	[1 1]
[1 1]	[1 1]
[1 1]	[1 1]
[1 1]	[1 1]
[1 1]	[1 1]
[1 1]	[1 1]
[1 1]	[1 1]
[1 1]	[1 1]
[1 1]	[1 1]
[1 1]	[1 1]
[1 1]	[1 1]
[1 1]	[1 1]
[1 1]	[1 1]
[1 1]	[1 1]
[1 1]	[1 8]
[1 1]	[8 8]
[1 1]	[8 8]
[1 1]	[8 8]
[1 1]	[8 8]
[1 1]	[8 1]
[1 1]	[1 1]
[1 1]	[1 1]
[1 1]	[1 1]
[1 1]	[1 8]
[1 1]	[8 8]
[1 1]	[8 8]
[1 1]	[8 8]
[1 1]	[8 8]
[1 1]	[8 1]
[1 1]	[1 1]
[-1 -1]	[1 1]
[1 1]	[ 1 -1]
[1 1]	[-1 -1]
[1 1]	[-1 -1]
[1 1]	[-1 -1]
[1 1]	[-1 -1]
[1 1]	[-1 -1]
[1 1]	[-1 -1]
[1 1]	[-1 -1]
[1 1]	[-1 -1]
[1 1]	[-1 -1]
[1 1]	[-1 -1]
[1 1]	[-1 -1]
[1 1]	[-1 -1]
[1 1]	[-1 -1]
[1 1]	[-1 -1]
[1 1]	[-1 -1]
[1 1]	[-1 -1]
[1 1]	[-1 -1]
[1 1]	[-1 -1]
[1 1]	[-1 -1]
[1 1]	[-1 -1]
[1 1]	[-1 -1]
[1 1]	[-1 -1]
[1 1]	[-1 -1]
[1 1]	[-1 -1]
[1 1]	[-1 -1]
[1 1]	[-1 -1]
[1 1]	[-1 -1]
[1 1]	[-1 -1]
[1 1]	[-1 -1]
[1 1]	[-1 -1]
[1 1]	[-1 -1]
[1 1]	[-1 -1]
[1 1]	[-1 -1]
[1 1]	[-1 -1]
[1 1]	[-1 -1]
[1 1]	[-1 -1]
[1 1]	[-1 -1]
[1 1]	[-1 -1]
[1 1]	[-1 -1]
[1 1]	[-1 -1]
[1 1]	[-1 -1]
[1 1]	[-1 -1]
[1 1]	[-1 -1]
[1 1]	[-1 -1]
[1 1]	[-1 -1]
[1 1]	[-1 -1]
[1 1]	[-1 -1]
[1 1]	[-1 -1]
[1 1]	[-1 -1]
[1 1]	[-1 -1]
[1 1]	[-1 -1]
[1 1]	[-1 -1]
[1 1]	[-1 -1]
[1 1]	[-1 -1]
[1 1]	[-1 -1]
[1 1]	[-1 -1]
[1 1]	[-1 -1]
[1 1]	[-1 -1]
[1 1]	[-1 -1]
[1 1]	[-1 -1]
[1 1]	[-1 -1]
[1 1]	[-1 -1]
[1 1]	[-1 -1]
[1 1]	[-1 -1]
[1 1]	[-1 -1]
[1 1]	[-1 -1]
[1 1]	[-1 -1]
[1 1]	[-1 -1]
[1 1]	[-1 -1]
[1 1]	[-1 -1]
[1 1]	[-1 -1]
[1 1]	[-1 -1]
[1 1]	[-1 -1]
[1 1]	[-1 -1]
[1 1]	[-1 -1]
[1 1]	[-1 -1]
[1 1]	[-1 -1]
[1 1]	[-1 -1]
[1 1]	[-1 -1]
[1 1]	[-1 -1]
[1 1]	[-1 -1]
[1 1]	[-1 -1]
[1 1]	[-1 -1]
[1 1]	[-1 -1]
[1 1]	[-1 -1]
[1 1]	[-1 -1]
[1 1]	[-1 -1]
[1 1]	[-1 -1]
[1 1]	[-1 -1]
[1 1]	[-1 -1]
[1 1]	[-1 -1]
[1 1]	[-1 -1]
[1 1]	[-1 -1]
[1 1]	[-1 -1]
[1 1]	[-1 -1]
[1 1]	[-1  1]
[1 1]	[1 1]
[1 1]	[1 1]
[1 1]	[1 1]
[1 1]	[1 1]
[1 1]	[1 1]
[1 1]	[1 1]
[1 1]	[1 1]
[1 1]	[1 1]
[1 1]	[1 1]
[1 1]	[1 1]
[1 1]	[1 1]
[-1 -1]	[1 1]
[-1 -1]	[ 1 -1]
[1 1]	[-1 13]
[1 1]	[13 13]
[1 1]	[13 13]
[1 1]	[13 13]
[1 1]	[13 13]
[1 1]	[13 13]
[1 1]	[13 13]
[1 1]	[13  6]
[1 1]	[6 6]
[1 1]	[6 6]
[1 1]	[6 8]
[1 1]	[8 8]
[1 1]	[ 8 13]
[1 1]	[13 13]
[1 1]	[13 13]
[1 1]	[13 13]
[1 1]	[13 13]
[1 1]	[13 13]
[1 1]	[13  5]
[1 1]	[5 5]
[1 1]	[5 5]
[1 1]	[5 6]
[1 1]	[6 6]
[1 1]	[6 3]
[1 1]	[3 8]
[1 1]	[8 8]
[1 1]	[ 8 13]
[1 1]	[13 13]
[1 1]	[13  8]
[1 1]	[ 8 13]
[1 1]	[13  1]
[1 1]	[1 1]
[1 1]	[1 1]
[1 1]	[1 6]
[1 1]	[6 6]
[1 1]	[6 6]
[1 1]	[6 8]
[1 1]	[8 8]
[1 1]	[ 8 13]
[1 1]	[13 13]
[1 1]	[13 13]
[1 1]	[13 13]
[1 1]	[13 13]
[1 1]	[13 13]
[1 1]	[13 18]
[1 1]	[18 18]
[1 1]	[18 18]
[1 1]	[18  8]
[1 1]	[8 8]
[1 1]	[8 8]
[1 1]	[ 8 13]
[1 1]	[13  8]
[1 1]	[ 8 13]
[1 1]	[13 13]
[1 1]	[13 20]
[1 1]	[20 20]
[1 1]	[20 10]
[1 1]	[10 10]
[1 1]	[10 10]
[1 1]	[10  5]
[1 1]	[5 8]
[1 1]	[ 8 13]
[1 1]	[13 13]
[1 1]	[13 13]
[1 1]	[13 13]
[1 1]	[13 13]
[1 1]	[13 13]
[1 1]	[13 12]
[1 1]	[12 12]
[1 1]	[12 12]
[1 1]	[12  6]
[1 1]	[6 6]
[1 1]	[6 3]
[1 1]	[3 8]
[1 1]	[8 8]
[1 1]	[ 8 13]
[1 1]	[13 13]
[1 1]	[13 13]
[1 1]	[13 12]
[1 1]	[12 12]
[1 1]	[12 12]
[1 1]	[12 10]
[1 1]	[10 10]
[1 1]	[10 10]
[1 1]	[10  5]
[1 1]	[5 8]
[1 1]	[ 8 13]
[1 1]	[13 13]
[1 1]	[13 13]
[1 1]	[13 13]
[1 1]	[13 13]
[1 1]	[13 13]
[1 1]	[13 18]
[1 1]	[18 18]
[1 1]	[18 18]
[1 1]	[18  8]
[1 1]	[8 8]
[1 1]	[8 8]
[1 1]	[ 8 13]
[1 1]	[13  8]
[1 1]	[8 8]
[1 1]	[8 8]
[1 1]	[8 8]
[-1 -1]	[ 8 13]
[1 1]	[13 -1]
[1 1]	[-1 -1]
[1 1]	[-1 -1]
[1 1]	[-1 -1]
[1 1]	[-1 -1]
[1 1]	[-1 -1]
[1 1]	[-1 -1]
[1 1]	[-1 -1]
[1 1]	[-1 -1]
[1 1]	[-1 -1]
[1 1]	[-1 -1]
[1 1]	[-1 -1]
[1 1]	[-1 -1]
[1 1]	[-1 -1]
[1 1]	[-1 -1]
[1 1]	[-1 -1]
[1 1]	[-1 -1]
[1 1]	[-1 -1]
[1 1]	[-1 -1]
[1 1]	[-1 -1]
[1 1]	[-1 -1]
[1 1]	[-1 -1]
[1 1]	[-1 -1]
[1 1]	[-1 -1]
[1 1]	[-1 -1]
[1 1]	[-1 -1]
[1 1]	[-1 -1]
[1 1]	[-1 -1]
[1 1]	[-1 -1]
[1 1]	[-1 -1]
[1 1]	[-1 -1]
[1 1]	[-1 -1]
[1 1]	[-1 -1]
[1 1]	[-1 -1]
[1 1]	[-1 -1]
[1 1]	[-1 -1]
[1 1]	[-1 -1]
[1 1]	[-1 -1]
[1 1]	[-1 -1]
[1 1]	[-1 -1]
[1 1]	[-1 -1]
[1 1]	[-1 -1]
[1 1]	[-1 -1]
[1 1]	[-1 -1]
[1 1]	[-1 -1]
[1 1]	[-1 -1]
[1 1]	[-1 -1]
[1 1]	[-1 -1]
[1 1]	[-1 -1]
[1 1]	[-1 -1]
[1 1]	[-1 -1]
[1 1]	[-1 -1]
[1 1]	[-1 -1]
[1 1]	[-1 -1]
[1 1]	[-1 -1]
[1 1]	[-1 -1]
[1 1]	[-1 -1]
[1 1]	[-1 -1]
[1 1]	[-1 -1]
[1 1]	[-1 -1]
[1 1]	[-1 -1]
[1 1]	[-1  8]
[1 1]	[8 8]
[1 1]	[8 8]
[1 1]	[8 8]
[1 1]	[8 8]
[1 1]	[8 8]
[1 1]	[8 8]
[1 1]	[8 8]
[1 1]	[8 8]
[1 1]	[8 8]
[1 1]	[8 8]
[1 1]	[8 1]
[1 1]	[1 1]
[1 1]	[1 1]
[1 1]	[1 1]
[1 1]	[1 1]
[1 1]	[1 1]
[1 1]	[1 1]
[1 1]	[1 1]
[1 1]	[1 1]
[1 1]	[1 1]
[1 1]	[1 1]
[1 1]	[1 1]
[1 1]	[1 1]
[1 1]	[1 1]
[1 1]	[1 1]
[1 1]	[1 1]
[1 1]	[1 1]
[1 1]	[1 1]
[1 1]	[1 1]
[1 1]	[1 1]
[1 1]	[1 1]
[1 1]	[1 1]
[1 1]	[1 1]
[1 1]	[1 1]
[1 1]	[1 1]
[1 1]	[1 1]
[1 1]	[1 1]
[1 1]	[1 1]
[1 1]	[1 1]
[1 1]	[1 1]
[1 1]	[1 1]
[1 1]	[1 1]
[1 1]	[1 1]
[1 1]	[1 1]
[1 1]	[1 1]
[1 1]	[1 1]
[1 1]	[1 1]
[1 1]	[1 1]
[1 1]	[1 1]
[1 1]	[1 1]
[1 1]	[1 1]
[1 1]	[1 1]
[1 1]	[1 1]
[1 1]	[1 1]
[1 1]	[1 1]
[1 1]	[1 1]
[1 1]	[1 1]
[1 1]	[1 1]
[1 1]	[1 1]
[1 1]	[1 1]
[1 1]	[1 1]
[1 1]	[1 1]
[1 1]	[1 1]
[1 1]	[1 1]
[1 1]	[1 1]
[1 1]	[1 1]
[1 1]	[1 1]
[1 1]	[1 1]
[1 1]	[1 1]
[1 1]	[1 1]
[1 1]	[1 1]
[1 1]	[1 1]
[1 1]	[1 1]
[1 1]	[1 1]
[1 1]	[1 1]
[1 1]	[1 1]
[1 1]	[1 1]
[1 1]	[1 1]
[1 1]	[1 1]
[1 1]	[1 1]
[1 1]	[1 1]
[1 1]	[1 1]
[1 1]	[1 1]
[1 1]	[1 1]
[1 1]	[1 1]
[1 1]	[1 1]
[1 1]	[1 1]
[1 1]	[1 1]
[1 1]	[1 1]
[1 1]	[1 1]
[1 1]	[1 1]
[1 1]	[1 1]
[1 1]	[1 1]
[1 1]	[1 1]
[1 1]	[1 1]
[1 1]	[1 1]
[1 1]	[1 1]
[1 1]	[1 1]
[1 1]	[1 1]
[1 1]	[1 1]
[1 1]	[1 1]
[1 1]	[1 1]
[1 1]	[1 1]
[1 1]	[1 1]
[1 1]	[1 1]
[1 1]	[1 1]
[1 1]	[1 1]
[1 1]	[1 1]
[1 1]	[1 1]
[1 1]	[1 1]
[1 1]	[1 1]
[1 1]	[1 1]
[1 1]	[1 1]
[1 1]	[1 1]
[1 1]	[1 1]
[1 1]	[1 1]
[1 1]	[1 1]
[1 1]	[1 1]
[-1 -1]	[1 1]
[1 1]	[ 1 -1]
[1 1]	[-1 -1]
[1 1]	[-1 -1]
[1 1]	[-1 -1]
[1 1]	[-1 -1]
[1 1]	[-1 -1]
[1 1]	[-1 -1]
[1 1]	[-1 -1]
[1 1]	[-1 -1]
[1 1]	[-1 -1]
[1 1]	[-1 -1]
[1 1]	[-1 -1]
[1 1]	[-1 -1]
[1 1]	[-1 -1]
[1 1]	[-1 -1]
[1 1]	[-1 -1]
[1 1]	[-1 -1]
[1 1]	[-1 -1]
[1 1]	[-1 -1]
[1 1]	[-1 -1]
[1 1]	[-1 -1]
[1 1]	[-1 -1]
[1 1]	[-1 -1]
[1 1]	[-1 -1]
[1 1]	[-1 -1]
[1 1]	[-1 -1]
[1 1]	[-1 -1]
[1 1]	[-1 -1]
[1 1]	[-1 -1]
[1 1]	[-1 -1]
[1 1]	[-1 -1]
[1 1]	[-1 -1]
[1 1]	[-1 -1]
[1 1]	[-1 -1]
[1 1]	[-1 -1]
[1 1]	[-1 -1]
[1 1]	[-1 -1]
[1 1]	[-1 -1]
[1 1]	[-1 -1]
[1 1]	[-1 -1]
[1 1]	[-1  8]
[1 1]	[8 8]
[1 1]	[8 8]
[1 1]	[8 8]
[1 1]	[8 8]
[1 1]	[8 8]
[1 1]	[8 8]
[1 1]	[8 1]
[1 1]	[1 1]
[1 1]	[1 1]
[1 1]	[1 1]
[1 1]	[1 1]
[1 1]	[1 1]
[1 1]	[1 1]
[1 1]	[1 1]
[1 1]	[1 1]
[1 1]	[1 1]
[1 1]	[1 1]
[1 1]	[1 1]
[1 1]	[1 1]
[1 1]	[1 1]
[1 1]	[1 1]
[1 1]	[1 1]
[1 1]	[1 1]
[1 1]	[1 1]
[1 1]	[1 1]
[1 1]	[1 1]
[1 1]	[1 1]
[1 1]	[1 1]
[1 1]	[1 1]
[1 1]	[1 1]
[1 1]	[1 1]
[1 1]	[1 1]
[1 1]	[1 1]
[1 1]	[1 1]
[1 1]	[1 1]
[1 1]	[1 1]
[1 1]	[1 1]
[1 1]	[1 1]
[1 1]	[1 1]
[1 1]	[1 1]
[1 1]	[1 1]
[1 1]	[1 1]
[1 1]	[1 1]
[1 1]	[1 1]
[1 1]	[1 1]
[1 1]	[1 1]
[1 1]	[1 1]
[1 1]	[1 1]
[1 1]	[1 1]
[1 1]	[1 1]
[1 1]	[1 1]
[1 1]	[1 1]
[1 1]	[1 1]
[1 1]	[1 1]
[1 1]	[1 1]
[1 1]	[1 1]
[1 1]	[1 1]
[1 1]	[1 1]
[1 1]	[1 1]
[1 1]	[1 1]
[1 1]	[1 1]
[1 1]	[1 1]
[1 1]	[1 1]
[1 1]	[1 1]
[1 1]	[1 1]
[1 1]	[1 1]
[1 1]	[1 1]
[1 1]	[1 1]
[1 1]	[1 1]
[1 1]	[1 1]
[1 1]	[1 1]
[1 1]	[1 1]
[1 1]	[1 1]
[1 1]	[1 1]
[1 1]	[1 1]
[1 1]	[1 1]
[1 1]	[1 1]
[1 1]	[1 1]
[1 1]	[1 1]
[1 1]	[1 1]
[1 1]	[1 1]
[1 1]	[1 1]
[1 1]	[1 1]
[1 1]	[1 1]
[1 1]	[1 1]
[1 1]	[1 1]
[1 1]	[1 1]
[1 1]	[1 1]
[1 1]	[1 1]
[1 1]	[1 1]
[1 1]	[1 1]
[1 1]	[1 1]
[1 1]	[1 1]
[1 1]	[1 1]
[1 1]	[1 1]
[1 1]	[1 1]
[1 1]	[1 1]
[1 1]	[1 1]
[1 1]	[1 1]
[1 1]	[1 1]
[1 1]	[1 1]
[1 1]	[1 1]
[1 1]	[1 1]
[1 1]	[1 1]
[1 1]	[1 1]
[1 1]	[1 1]
[1 1]	[1 1]
[1 1]	[1 1]
[1 1]	[1 1]
[1 1]	[1 1]
[1 1]	[1 1]
[1 1]	[1 1]
[1 1]	[1 1]
[1 1]	[1 1]
[1 1]	[1 1]
[1 1]	[1 1]
[1 1]	[1 1]
[1 1]	[1 1]
[1 1]	[1 1]
[1 1]	[1 1]
[1 1]	[1 1]
[1 1]	[1 1]
[1 1]	[1 1]
[1 1]	[1 1]
[1 1]	[1 1]
[1 1]	[1 1]
[1 1]	[1 1]
[1 1]	[1 1]
[1 1]	[1 1]
[1 1]	[1 1]
