Accuracy: 0.44531022176905427

n_chords: 2
n_melody: 0
t_prior: 230.0
e_prior: 75.0
dataset: All
keys: major
filter_train_set: True
filter_val_set: True

~ First 3000 predicted states ~
Predicted	True
[-1 -1]	[-1 -1]
[-1  1]	[-1  1]
[1 1]	[ 1 13]
[1 1]	[13 13]
[1 1]	[13  6]
[1 1]	[6 8]
[1 1]	[ 8 22]
[1 1]	[22  1]
[1 1]	[1 8]
[1 1]	[ 8 15]
[1 1]	[15 15]
[1 1]	[15  1]
[1 1]	[1 8]
[1 1]	[8 8]
[1 1]	[8 1]
[1 1]	[1 6]
[1 1]	[6 1]
[1 1]	[ 1 20]
[1 1]	[20  1]
[1 1]	[1 1]
[1 1]	[ 1 13]
[1 1]	[13 13]
[1 1]	[13  6]
[1 1]	[6 8]
[1 1]	[ 8 22]
[1 1]	[22  1]
[1 1]	[1 8]
[1 1]	[ 8 15]
[1 1]	[15 15]
[1 1]	[15  1]
[1 1]	[1 8]
[1 1]	[8 8]
[1 1]	[8 1]
[1 1]	[1 6]
[1 1]	[6 1]
[1 1]	[ 1 20]
[1 1]	[20  1]
[1 1]	[ 1 10]
[1 8]	[10  3]
[8 8]	[3 5]
[8 8]	[5 6]
[8 8]	[6 6]
[8 8]	[ 6 22]
[8 8]	[22  5]
[8 8]	[ 5 22]
[8 8]	[22 24]
[8 8]	[24  1]
[8 8]	[ 1 13]
[8 8]	[13  1]
[8 8]	[ 1 15]
[8 1]	[15  8]
[-1 -1]	[8 1]
[-1  1]	[1 1]
[1 1]	[1 6]
[1 1]	[6 1]
[1 1]	[1 8]
[1 1]	[ 8 22]
[1 1]	[22  6]
[1 1]	[6 1]
[1 1]	[1 6]
[1 1]	[ 6 22]
[1 1]	[22 22]
[1 1]	[22 17]
[1 1]	[17  6]
[1 1]	[6 8]
[1 1]	[8 8]
[1 1]	[8 1]
[1 1]	[1 8]
[1 1]	[8 1]
[1 1]	[1 1]
[1 1]	[ 1 24]
[1 1]	[24  1]
[1 1]	[1 1]
[1 1]	[1 1]
[1 1]	[1 8]
[1 1]	[8 1]
[1 1]	[1 1]
[1 1]	[1 3]
[1 1]	[3 8]
[1 1]	[8 8]
[1 1]	[8 8]
[1 1]	[8 3]
[1 1]	[3 8]
[1 1]	[8 1]
[1 1]	[ 1 15]
[1 1]	[15 15]
[1 1]	[15 15]
[1 1]	[15 22]
[1 1]	[22 22]
[1 1]	[22  1]
[1 1]	[1 8]
[1 1]	[8 1]
[1 1]	[1 1]
[1 1]	[1 6]
[-1 -1]	[6 1]
[-1  1]	[1 1]
[1 1]	[1 6]
[1 1]	[ 6 24]
[1 1]	[24  1]
[1 1]	[1 8]
[1 1]	[8 6]
[1 1]	[6 8]
[1 1]	[8 1]
[1 1]	[1 1]
[1 1]	[1 6]
[1 8]	[6 1]
[8 8]	[ 1 15]
[8 8]	[15  8]
[8 8]	[8 1]
[8 8]	[1 8]
[8 8]	[8 8]
[8 8]	[8 8]
[8 8]	[8 1]
[8 8]	[1 8]
[8 8]	[ 8 22]
[8 8]	[22 24]
[8 8]	[24  5]
[8 1]	[5 5]
[1 1]	[ 5 22]
[1 1]	[22  8]
[1 1]	[8 1]
[1 1]	[1 8]
[1 1]	[8 8]
[1 1]	[8 6]
[1 1]	[6 1]
[1 1]	[1 8]
[-1 -1]	[8 1]
[8 8]	[ 1 -1]
[8 8]	[-1  1]
[8 8]	[1 1]
[8 8]	[1 1]
[8 8]	[1 1]
[8 8]	[1 6]
[8 1]	[6 6]
[1 1]	[6 8]
[1 1]	[8 8]
[1 1]	[8 1]
[1 1]	[1 1]
[1 1]	[ 1 10]
[1 1]	[10 10]
[1 1]	[10 15]
[1 1]	[15  8]
[1 1]	[8 8]
[1 1]	[8 1]
[1 1]	[1 1]
[1 1]	[1 1]
[1 1]	[1 1]
[1 1]	[1 6]
[1 1]	[6 6]
[1 1]	[6 6]
[1 1]	[6 6]
[1 1]	[6 6]
[1 1]	[6 1]
[1 1]	[1 1]
[1 1]	[1 8]
[1 1]	[8 8]
[1 1]	[8 1]
[1 1]	[1 1]
[1 1]	[1 1]
[1 1]	[1 1]
[1 1]	[1 1]
[1 1]	[1 1]
[1 1]	[1 1]
[1 1]	[1 6]
[1 1]	[6 6]
[1 1]	[ 6 15]
[1 1]	[15 15]
[1 1]	[15 15]
[1 1]	[15 15]
[1 1]	[15  8]
[1 1]	[8 8]
[1 1]	[8 8]
[1 1]	[8 8]
[1 1]	[8 8]
[1 1]	[8 8]
[1 1]	[8 1]
[1 1]	[1 1]
[1 1]	[1 1]
[1 1]	[1 1]
[1 1]	[1 6]
[1 1]	[6 6]
[1 1]	[6 8]
[1 1]	[8 8]
[1 1]	[8 1]
[1 1]	[1 1]
[1 1]	[ 1 10]
[1 1]	[10 10]
[1 1]	[10 15]
[1 1]	[15  8]
[1 1]	[8 8]
[1 1]	[8 1]
[1 1]	[1 1]
[1 1]	[1 1]
[1 1]	[1 1]
[1 1]	[1 6]
[1 1]	[6 6]
[1 1]	[ 6 15]
[1 1]	[15 15]
[1 1]	[15 15]
[1 1]	[15 15]
[1 1]	[15  8]
[1 1]	[8 8]
[1 1]	[8 1]
[-1 -1]	[1 1]
[-1  1]	[1 1]
[1 1]	[1 1]
[1 1]	[1 1]
[1 1]	[1 8]
[1 1]	[8 8]
[1 1]	[8 8]
[1 1]	[8 8]
[1 1]	[8 8]
[1 1]	[8 8]
[1 1]	[8 1]
[1 1]	[1 1]
[1 1]	[1 1]
[1 1]	[1 1]
[1 1]	[1 1]
[1 1]	[1 1]
[1 1]	[1 1]
[1 1]	[1 8]
[1 1]	[8 8]
[1 1]	[8 8]
[1 1]	[8 8]
[1 1]	[8 8]
[1 1]	[8 8]
[1 1]	[8 8]
[1 1]	[8 1]
[1 1]	[1 1]
[1 1]	[1 1]
[1 1]	[1 8]
[1 1]	[8 8]
[1 1]	[8 8]
[1 1]	[8 3]
[1 1]	[3 3]
[1 1]	[3 3]
[1 1]	[3 8]
[1 1]	[8 8]
[1 1]	[8 8]
[1 1]	[8 8]
[1 1]	[8 1]
[1 1]	[1 1]
[1 1]	[1 1]
[1 1]	[ 1 10]
[1 1]	[10 10]
[1 1]	[10 10]
[1 1]	[10 15]
[1 1]	[15 15]
[1 1]	[15 15]
[1 1]	[15 15]
[1 1]	[15  8]
[1 1]	[8 8]
[1 1]	[8 8]
[1 1]	[8 8]
[1 1]	[8 8]
[1 1]	[8 8]
[1 1]	[8 1]
[1 1]	[1 1]
[1 1]	[1 1]
[1 1]	[1 1]
[1 1]	[1 1]
[1 1]	[1 1]
[1 1]	[1 1]
[1 1]	[1 8]
[1 1]	[8 8]
[1 1]	[8 8]
[1 1]	[8 8]
[1 1]	[8 8]
[1 1]	[8 8]
[1 1]	[8 8]
[1 1]	[8 1]
[1 1]	[1 1]
[1 1]	[1 1]
[1 1]	[1 1]
[1 1]	[1 1]
[1 1]	[1 1]
[1 1]	[1 1]
[1 1]	[1 8]
[1 1]	[8 8]
[1 1]	[8 8]
[1 1]	[8 8]
[1 1]	[8 8]
[1 1]	[8 8]
[1 1]	[8 8]
[1 1]	[8 8]
[1 1]	[8 8]
[1 1]	[8 1]
[1 1]	[1 1]
[1 1]	[1 1]
[1 1]	[1 1]
[1 1]	[1 1]
[1 1]	[1 1]
[1 1]	[1 8]
[1 1]	[8 8]
[1 1]	[8 8]
[1 1]	[8 8]
[1 1]	[8 8]
[1 1]	[8 8]
[1 1]	[8 8]
[1 1]	[8 1]
[1 1]	[1 1]
[1 1]	[1 1]
[1 1]	[1 1]
[1 1]	[1 1]
[1 1]	[1 1]
[1 1]	[1 1]
[1 1]	[1 6]
[1 1]	[6 6]
[1 1]	[6 6]
[1 1]	[6 8]
[1 1]	[8 8]
[1 1]	[8 8]
[1 1]	[8 8]
[1 1]	[8 8]
[1 1]	[8 8]
[1 1]	[8 1]
[1 1]	[1 1]
[1 1]	[1 1]
[1 1]	[1 1]
[1 1]	[1 1]
[1 1]	[1 1]
[1 1]	[ 1 15]
[1 1]	[15 15]
[1 1]	[15 15]
[1 1]	[15 15]
[1 1]	[15  8]
[1 1]	[8 8]
[1 1]	[8 8]
[1 1]	[8 1]
[1 1]	[1 1]
[1 1]	[1 1]
[1 1]	[1 1]
[1 1]	[1 1]
[1 1]	[1 1]
[1 1]	[1 8]
[1 1]	[8 8]
[1 1]	[8 8]
[1 1]	[8 8]
[1 1]	[8 8]
[1 1]	[8 8]
[1 1]	[8 8]
[1 1]	[8 1]
[1 1]	[1 1]
[1 1]	[1 1]
[1 1]	[1 1]
[1 1]	[ 1 15]
[1 1]	[15 15]
[1 1]	[15 15]
[1 1]	[15 15]
[1 1]	[15  8]
[1 1]	[8 8]
[1 1]	[8 8]
[1 1]	[8 8]
[1 1]	[8 8]
[1 1]	[8 8]
[1 1]	[8 1]
[1 1]	[1 1]
[-1 -1]	[1 1]
[8 8]	[ 1 22]
[8 8]	[22 22]
[8 8]	[22 22]
[8 8]	[22 22]
[8 8]	[22 24]
[8 8]	[24  6]
[8 8]	[ 6 19]
[8 8]	[19 19]
[8 8]	[19 22]
[8 8]	[22 22]
[8 8]	[22 22]
[8 8]	[22  5]
[8 8]	[5 5]
[8 8]	[5 5]
[8 8]	[ 5 22]
[8 8]	[22 22]
[8 8]	[22 22]
[8 8]	[22  3]
[8 8]	[3 5]
[8 8]	[ 5 22]
[8 8]	[22 24]
[8 8]	[24 22]
[8 8]	[22 17]
[8 8]	[17 17]
[8 8]	[17  1]
[8 8]	[ 1 24]
[8 8]	[24 19]
[8 8]	[19  8]
[8 8]	[ 8 22]
[8 8]	[22  8]
[8 1]	[8 8]
[1 1]	[ 8 10]
[1 1]	[10 14]
[1 1]	[14 17]
[1 1]	[17 19]
[1 1]	[19  1]
[1 1]	[ 1 12]
[1 1]	[12  5]
[1 1]	[5 1]
[1 1]	[1 1]
[1 1]	[1 8]
[1 1]	[8 8]
[1 1]	[8 8]
[1 1]	[8 8]
[1 1]	[8 8]
[1 1]	[ 8 17]
[1 1]	[17  5]
[1 1]	[ 5 22]
[1 1]	[22  5]
[1 1]	[ 5 22]
[1 1]	[22 22]
[1 1]	[22 24]
[1 1]	[24 24]
[1 1]	[24 19]
[1 1]	[19 22]
[1 1]	[22 19]
[1 1]	[19 15]
[1 1]	[15  5]
[1 1]	[5 5]
[1 1]	[5 5]
[1 1]	[ 5 22]
[1 1]	[22 22]
[1 1]	[22 22]
[1 1]	[22 24]
[1 1]	[24 17]
[1 1]	[17 22]
[-1 -1]	[22  5]
[-1  1]	[5 1]
[1 1]	[1 6]
[1 1]	[6 6]
[1 1]	[6 1]
[1 1]	[1 1]
[1 1]	[1 6]
[1 1]	[6 6]
[1 1]	[6 1]
[1 1]	[1 1]
[1 1]	[1 6]
[1 1]	[6 6]
[1 1]	[6 1]
[1 1]	[1 1]
[1 1]	[1 8]
[1 1]	[8 8]
[1 1]	[8 1]
[1 1]	[1 6]
[1 1]	[6 6]
[1 1]	[6 1]
[1 1]	[1 1]
[1 1]	[1 6]
[1 1]	[6 6]
[1 1]	[6 1]
[1 1]	[1 1]
[1 1]	[1 8]
[1 1]	[8 8]
[1 1]	[8 1]
[1 1]	[1 1]
[1 1]	[1 1]
[1 1]	[1 1]
[1 1]	[1 1]
[1 1]	[1 1]
[1 1]	[1 1]
[1 1]	[1 6]
[1 1]	[6 6]
[1 1]	[6 6]
[1 1]	[6 6]
[1 1]	[6 1]
[1 1]	[1 1]
[1 1]	[1 1]
[1 1]	[1 1]
[1 1]	[1 1]
[1 1]	[1 8]
[1 1]	[8 8]
[1 1]	[8 8]
[1 1]	[8 8]
[1 1]	[8 8]
[1 1]	[8 1]
[1 1]	[1 1]
[1 1]	[1 1]
[1 1]	[1 1]
[1 1]	[1 6]
[1 1]	[6 6]
[1 1]	[6 6]
[1 1]	[6 6]
[1 1]	[6 1]
[1 1]	[1 1]
[1 1]	[1 8]
[1 1]	[8 8]
[1 1]	[8 8]
[1 1]	[8 1]
[-1 -1]	[1 1]
[-1  1]	[ 1 -1]
[1 1]	[-1 -1]
[1 1]	[-1 -1]
[1 1]	[-1 -1]
[1 1]	[-1  8]
[1 1]	[8 8]
[1 1]	[8 1]
[1 1]	[1 1]
[1 1]	[1 1]
[1 1]	[1 1]
[1 1]	[1 1]
[1 8]	[1 8]
[8 8]	[8 8]
[8 8]	[8 6]
[8 8]	[6 6]
[8 8]	[6 6]
[8 8]	[6 6]
[8 8]	[6 6]
[8 8]	[6 6]
[8 8]	[6 8]
[8 8]	[8 8]
[8 8]	[8 8]
[8 8]	[8 8]
[8 8]	[8 8]
[8 8]	[8 8]
[8 8]	[8 8]
[8 8]	[8 8]
[8 8]	[8 8]
[8 1]	[8 1]
[1 1]	[1 1]
[1 1]	[1 1]
[1 1]	[1 1]
[1 1]	[1 1]
[1 1]	[1 1]
[1 1]	[1 8]
[1 1]	[8 8]
[1 1]	[8 1]
[1 1]	[1 1]
[1 1]	[1 1]
[1 1]	[1 1]
[1 1]	[1 1]
[1 1]	[1 6]
[1 1]	[6 6]
[1 1]	[6 6]
[1 1]	[6 6]
[1 1]	[6 6]
[1 1]	[6 6]
[1 1]	[6 6]
[1 1]	[6 6]
[1 1]	[6 1]
[1 1]	[1 1]
[1 1]	[1 1]
[1 1]	[1 1]
[1 1]	[1 1]
[1 1]	[1 1]
[1 1]	[ 1 15]
[1 1]	[15 15]
[1 1]	[15  8]
[1 1]	[8 8]
[1 1]	[8 1]
[1 1]	[1 1]
[1 1]	[1 1]
[1 8]	[1 1]
[8 8]	[1 1]
[8 8]	[1 1]
[8 8]	[1 1]
[8 8]	[1 1]
[8 8]	[1 1]
[8 8]	[1 1]
[8 8]	[1 1]
[8 8]	[1 3]
[8 8]	[3 3]
[8 8]	[3 3]
[8 8]	[3 3]
[8 8]	[3 3]
[8 8]	[3 3]
[8 8]	[3 3]
[8 8]	[3 3]
[8 8]	[3 3]
[8 8]	[3 3]
[8 8]	[3 8]
[8 8]	[8 8]
[8 8]	[8 8]
[8 8]	[8 3]
[8 8]	[3 3]
[8 8]	[3 3]
[8 8]	[3 3]
[8 8]	[3 3]
[8 8]	[3 3]
[8 8]	[3 3]
[8 8]	[3 3]
[8 8]	[3 3]
[8 8]	[3 8]
[8 8]	[8 8]
[8 8]	[8 8]
[8 8]	[8 8]
[8 8]	[8 8]
[8 8]	[8 8]
[8 8]	[8 8]
[8 8]	[8 8]
[8 8]	[8 8]
[8 8]	[8 8]
[8 8]	[8 8]
[8 8]	[8 8]
[8 8]	[8 8]
[8 8]	[8 8]
[8 8]	[8 8]
[8 8]	[8 8]
[8 8]	[8 3]
[8 8]	[3 3]
[8 8]	[3 3]
[8 8]	[3 3]
[8 8]	[3 3]
[8 8]	[3 3]
[8 8]	[3 3]
[8 8]	[3 3]
[8 8]	[3 3]
[8 8]	[3 3]
[8 8]	[3 8]
[8 8]	[8 8]
[8 8]	[8 8]
[8 8]	[8 3]
[8 8]	[3 3]
[8 8]	[3 3]
[8 8]	[3 3]
[8 1]	[3 3]
[1 1]	[3 3]
[1 1]	[3 8]
[1 1]	[8 8]
[1 1]	[8 8]
[1 1]	[8 8]
[1 1]	[8 8]
[1 1]	[8 8]
[1 1]	[8 3]
[1 1]	[3 3]
[1 1]	[3 3]
[1 1]	[3 3]
[1 1]	[3 3]
[1 1]	[3 3]
[1 1]	[3 3]
[1 1]	[3 3]
[1 1]	[3 3]
[1 1]	[3 8]
[1 1]	[8 8]
[1 1]	[8 8]
[1 1]	[8 8]
[1 1]	[8 8]
[1 1]	[8 8]
[1 6]	[8 8]
[6 6]	[8 8]
[6 6]	[8 8]
[6 6]	[8 8]
[6 6]	[8 8]
[6 6]	[8 8]
[6 6]	[8 8]
[6 6]	[8 8]
[6 8]	[8 8]
[8 8]	[ 8 11]
[8 8]	[11 11]
[8 8]	[11 11]
[8 8]	[11 11]
[8 8]	[11  6]
[8 1]	[6 6]
[1 1]	[6 6]
[1 1]	[6 6]
[1 1]	[6 6]
[1 1]	[6 1]
[1 1]	[1 1]
[1 1]	[1 1]
[1 1]	[1 1]
[1 1]	[1 1]
[1 1]	[1 6]
[1 1]	[6 6]
[1 1]	[6 6]
[1 1]	[6 6]
[1 1]	[6 6]
[1 1]	[6 6]
[1 1]	[6 6]
[1 6]	[6 6]
[6 6]	[6 6]
[6 6]	[6 6]
[6 6]	[6 6]
[6 6]	[6 6]
[6 6]	[6 6]
[6 6]	[6 6]
[6 6]	[6 6]
[6 8]	[6 6]
[8 8]	[ 6 11]
[8 8]	[11 11]
[8 8]	[11 11]
[8 8]	[11 11]
[8 8]	[11  6]
[8 8]	[6 6]
[8 8]	[6 6]
[8 8]	[6 6]
[8 8]	[6 6]
[8 8]	[6 6]
[8 8]	[6 1]
[8 8]	[1 1]
[8 8]	[1 1]
[8 8]	[1 1]
[8 8]	[1 6]
[8 8]	[6 6]
[-1 -1]	[6 6]
[-1 -1]	[6 1]
[-1  1]	[1 1]
[1 1]	[1 1]
[1 1]	[1 1]
[1 1]	[1 1]
[1 1]	[1 1]
[1 1]	[1 8]
[1 1]	[8 8]
[1 1]	[8 8]
[1 1]	[8 1]
[1 1]	[1 1]
[1 1]	[1 1]
[1 1]	[1 6]
[1 1]	[6 6]
[1 1]	[6 6]
[1 1]	[ 6 10]
[1 1]	[10 10]
[1 1]	[10 10]
[1 1]	[10  3]
[1 1]	[3 3]
[1 1]	[3 3]
[1 1]	[3 8]
[1 1]	[8 8]
[1 1]	[8 8]
[1 1]	[8 1]
[1 1]	[1 1]
[1 1]	[1 1]
[1 1]	[1 1]
[1 1]	[1 1]
[1 1]	[1 1]
[1 1]	[1 8]
[1 1]	[8 8]
[1 1]	[8 8]
[1 1]	[8 1]
[1 1]	[1 1]
[1 1]	[1 1]
[1 1]	[1 6]
[1 1]	[6 6]
[1 1]	[6 6]
[1 1]	[6 6]
[1 1]	[6 6]
[1 1]	[6 6]
[1 1]	[6 8]
[1 1]	[8 8]
[1 1]	[8 8]
[1 1]	[8 1]
[1 1]	[ 1 10]
[1 1]	[10 10]
[1 1]	[10 10]
[1 1]	[10 10]
[1 1]	[10 10]
[1 1]	[10 10]
[1 1]	[10 10]
[1 1]	[10 10]
[1 1]	[10 10]
[1 1]	[10  8]
[1 1]	[8 8]
[1 1]	[8 8]
[1 1]	[8 1]
[1 1]	[1 1]
[1 1]	[1 1]
[1 1]	[1 3]
[1 1]	[3 3]
[1 1]	[3 3]
[1 1]	[3 8]
[1 1]	[8 8]
[1 1]	[8 8]
[1 1]	[8 8]
[1 1]	[8 8]
[1 1]	[8 8]
[1 1]	[ 8 10]
[1 1]	[10 10]
[1 1]	[10 10]
[1 1]	[10 10]
[1 1]	[10 10]
[1 1]	[10 10]
[1 1]	[10 10]
[1 1]	[10 10]
[1 1]	[10 10]
[1 1]	[10  8]
[1 1]	[8 8]
[1 1]	[8 8]
[1 1]	[8 1]
[1 1]	[1 1]
[1 1]	[1 1]
[1 1]	[1 8]
[1 1]	[8 8]
[1 1]	[8 8]
[1 1]	[8 8]
[1 1]	[8 8]
[1 1]	[8 8]
[1 1]	[8 1]
[1 1]	[1 1]
[1 1]	[1 1]
[1 1]	[1 1]
[1 1]	[1 1]
[1 1]	[1 1]
[1 1]	[1 1]
[1 1]	[1 1]
[1 1]	[1 1]
[1 1]	[1 1]
[1 1]	[1 1]
[1 1]	[1 1]
[1 1]	[1 1]
[1 1]	[1 1]
[1 1]	[1 1]
[1 1]	[1 1]
[1 1]	[1 1]
[1 1]	[1 1]
[1 1]	[1 8]
[1 1]	[8 8]
[1 1]	[8 8]
[1 1]	[8 1]
[1 1]	[1 1]
[1 1]	[1 1]
[1 1]	[1 3]
[1 1]	[3 3]
[1 1]	[3 3]
[1 1]	[3 8]
[1 1]	[8 8]
[1 1]	[8 8]
[1 1]	[8 8]
[1 1]	[8 8]
[1 1]	[8 8]
[1 1]	[8 1]
[1 1]	[1 1]
[1 1]	[1 1]
[1 1]	[1 1]
[1 1]	[1 1]
[1 1]	[1 1]
[1 1]	[1 1]
[1 1]	[1 1]
[1 1]	[1 1]
[1 1]	[1 8]
[1 1]	[8 8]
[1 1]	[8 8]
[1 1]	[8 6]
[1 1]	[6 6]
[1 1]	[6 6]
[1 1]	[6 8]
[1 1]	[8 8]
[1 1]	[8 8]
[1 1]	[8 8]
[1 1]	[8 8]
[1 1]	[8 8]
[1 1]	[8 1]
[1 1]	[1 1]
[1 1]	[1 1]
[1 1]	[1 1]
[1 1]	[1 1]
[1 1]	[1 1]
[1 1]	[1 1]
[1 1]	[1 1]
[-1 -1]	[1 1]
[-1  1]	[ 1 -1]
[1 1]	[-1  1]
[1 1]	[1 1]
[1 1]	[1 1]
[1 1]	[1 1]
[1 1]	[1 1]
[1 1]	[1 1]
[1 1]	[1 1]
[1 1]	[1 1]
[1 1]	[1 1]
[1 1]	[1 1]
[1 1]	[1 1]
[1 1]	[1 1]
[1 1]	[1 1]
[1 1]	[1 1]
[1 1]	[1 1]
[1 1]	[1 8]
[1 1]	[8 8]
[1 1]	[8 8]
[1 1]	[8 8]
[1 1]	[8 1]
[1 1]	[1 1]
[1 1]	[1 8]
[1 1]	[8 8]
[1 1]	[8 8]
[1 1]	[8 1]
[1 1]	[1 1]
[1 1]	[1 1]
[1 1]	[1 1]
[1 1]	[1 8]
[1 1]	[8 8]
[1 1]	[8 8]
[1 1]	[8 8]
[1 1]	[8 8]
[1 1]	[8 8]
[1 1]	[8 1]
[-1 -1]	[1 1]
[-1  1]	[1 1]
[1 1]	[1 1]
[1 1]	[1 1]
[1 1]	[1 1]
[1 1]	[1 1]
[1 1]	[1 8]
[1 1]	[8 8]
[1 1]	[8 8]
[1 1]	[8 8]
[1 1]	[8 8]
[1 1]	[8 1]
[1 1]	[1 1]
[1 1]	[1 1]
[1 1]	[1 1]
[1 1]	[1 1]
[1 1]	[1 1]
[1 1]	[1 6]
[1 1]	[6 6]
[1 1]	[6 6]
[1 1]	[6 8]
[1 1]	[8 8]
[1 1]	[8 8]
[1 1]	[8 1]
[1 1]	[1 1]
[1 1]	[1 6]
[1 1]	[6 6]
[1 1]	[6 6]
[1 1]	[6 8]
[1 1]	[8 8]
[1 1]	[8 8]
[1 1]	[8 8]
[1 1]	[8 8]
[1 1]	[8 8]
[1 1]	[8 8]
[1 1]	[8 8]
[1 1]	[8 8]
[1 1]	[8 8]
[1 1]	[8 8]
[1 1]	[8 8]
[1 1]	[ 8 22]
[1 1]	[22 22]
[1 1]	[22  1]
[1 1]	[1 1]
[1 1]	[1 1]
[1 1]	[1 8]
[1 1]	[8 8]
[1 1]	[8 8]
[1 1]	[8 1]
[1 1]	[1 1]
[1 1]	[1 1]
[1 1]	[1 1]
[1 1]	[1 6]
[1 1]	[6 6]
[1 1]	[6 6]
[1 1]	[6 1]
[1 1]	[1 1]
[1 1]	[1 1]
[1 1]	[1 8]
[1 1]	[8 8]
[1 1]	[8 8]
[1 1]	[8 8]
[1 1]	[8 1]
[1 1]	[1 1]
[1 1]	[1 1]
[1 1]	[1 1]
[1 1]	[1 6]
[1 1]	[6 6]
[1 1]	[6 6]
[1 1]	[6 1]
[1 1]	[1 1]
[1 1]	[1 1]
[1 1]	[1 8]
[1 1]	[8 8]
[1 1]	[8 8]
[1 1]	[8 1]
[1 1]	[1 1]
[1 1]	[1 1]
[1 1]	[1 8]
[1 1]	[8 8]
[1 1]	[8 8]
[-1 -1]	[8 1]
[-1  1]	[1 8]
[1 1]	[8 8]
[1 1]	[8 8]
[1 1]	[8 8]
[1 1]	[8 8]
[1 1]	[8 8]
[1 1]	[8 8]
[1 1]	[8 8]
[1 1]	[8 8]
[1 1]	[8 8]
[1 1]	[8 8]
[1 1]	[8 8]
[1 1]	[8 8]
[1 1]	[8 8]
[1 1]	[8 8]
[1 1]	[8 8]
[1 1]	[8 8]
[1 1]	[8 1]
[1 1]	[1 1]
[1 1]	[1 1]
[1 1]	[1 1]
[1 1]	[1 1]
[1 1]	[1 1]
[1 1]	[1 1]
[1 1]	[1 8]
[1 1]	[8 8]
[1 1]	[8 8]
[1 1]	[8 8]
[1 1]	[8 8]
[1 1]	[8 8]
[1 1]	[8 8]
[1 1]	[8 8]
[1 1]	[8 8]
[1 1]	[8 1]
[1 1]	[1 1]
[1 1]	[1 1]
[1 1]	[1 6]
[1 1]	[6 6]
[1 1]	[6 6]
[1 1]	[6 6]
[1 1]	[6 6]
[1 1]	[6 6]
[1 1]	[6 1]
[1 1]	[1 1]
[1 1]	[1 1]
[1 1]	[1 1]
[1 1]	[1 1]
[1 1]	[1 1]
[1 1]	[1 8]
[1 1]	[8 8]
[1 1]	[8 8]
[1 1]	[8 8]
[1 1]	[8 8]
[1 1]	[8 8]
[1 1]	[8 8]
[1 1]	[8 1]
[1 1]	[1 1]
[1 1]	[1 1]
[1 1]	[1 1]
[1 1]	[1 8]
[1 1]	[8 8]
[1 1]	[8 8]
[1 1]	[8 1]
[1 1]	[1 1]
[1 1]	[1 8]
[1 1]	[8 8]
[1 1]	[8 8]
[1 1]	[8 8]
[1 1]	[8 1]
[1 1]	[1 1]
[1 1]	[1 1]
[1 1]	[1 1]
[1 1]	[1 1]
[1 1]	[1 8]
[1 1]	[8 8]
[1 1]	[8 8]
[1 1]	[8 1]
[1 1]	[1 1]
[1 1]	[1 8]
[1 1]	[8 8]
[1 1]	[8 8]
[1 1]	[8 8]
[1 1]	[8 8]
[1 1]	[8 1]
[1 1]	[1 1]
[1 1]	[1 1]
[1 1]	[1 1]
[1 1]	[1 6]
[1 1]	[6 6]
[1 1]	[6 6]
[1 1]	[6 6]
[1 1]	[6 6]
[1 1]	[6 6]
[1 1]	[6 6]
[1 1]	[6 6]
[1 1]	[6 1]
[1 1]	[1 1]
[1 1]	[1 1]
[1 1]	[1 1]
[1 1]	[1 1]
[1 1]	[1 1]
[1 1]	[1 1]
[1 6]	[1 1]
[6 6]	[1 6]
[6 6]	[6 6]
[6 6]	[6 6]
[6 6]	[6 6]
[6 6]	[6 6]
[6 6]	[6 6]
[6 6]	[6 6]
[6 6]	[6 6]
[6 6]	[6 6]
[6 6]	[6 6]
[6 6]	[6 1]
[6 6]	[1 1]
[6 6]	[1 1]
[6 6]	[1 1]
[6 6]	[1 6]
[6 6]	[6 6]
[-1 -1]	[6 6]
[-1  1]	[ 6 -1]
[1 1]	[-1 -1]
[1 1]	[-1 -1]
[1 1]	[-1 20]
[1 1]	[20 20]
[1 1]	[20  1]
[1 1]	[1 1]
[1 1]	[1 1]
[1 1]	[1 1]
[1 1]	[1 6]
[1 1]	[6 6]
[1 1]	[6 6]
[1 1]	[6 1]
[1 1]	[1 1]
[1 1]	[1 1]
[1 1]	[1 6]
[1 1]	[6 1]
[1 1]	[1 6]
[1 1]	[6 6]
[1 1]	[6 6]
[1 1]	[ 6 20]
[1 1]	[20 20]
[1 1]	[20  1]
[1 1]	[1 1]
[1 1]	[1 1]
[1 1]	[1 1]
[1 1]	[1 6]
[1 1]	[6 6]
[1 1]	[6 6]
[1 1]	[6 1]
[1 1]	[1 1]
[1 1]	[1 1]
[1 1]	[1 8]
[1 1]	[8 1]
[1 1]	[1 1]
[1 1]	[1 1]
[1 1]	[1 1]
[1 1]	[1 6]
[1 1]	[6 6]
[1 1]	[6 6]
[1 1]	[6 6]
[1 1]	[6 6]
[1 1]	[6 6]
[1 1]	[6 6]
[1 1]	[6 6]
[1 1]	[6 6]
[1 1]	[6 1]
[1 1]	[1 1]
[1 1]	[1 1]
[1 1]	[1 1]
[1 1]	[1 1]
[1 1]	[1 1]
[1 1]	[1 1]
[1 1]	[1 1]
[1 1]	[1 1]
[1 1]	[1 1]
[1 1]	[1 1]
[1 1]	[1 6]
[1 1]	[6 6]
[1 1]	[6 6]
[1 1]	[6 6]
[1 1]	[6 6]
[1 1]	[6 6]
[1 1]	[6 6]
[1 1]	[6 6]
[1 1]	[6 6]
[1 1]	[6 6]
[1 1]	[6 6]
[1 1]	[6 6]
[1 1]	[6 1]
[1 1]	[1 1]
[1 1]	[1 1]
[1 1]	[ 1 22]
[1 1]	[22 22]
[1 1]	[22 22]
[-1 -1]	[22  8]
[-1  1]	[ 8 -1]
[1 1]	[-1 -1]
[1 1]	[-1  1]
[1 1]	[1 1]
[1 1]	[1 1]
[1 1]	[1 1]
[1 1]	[1 1]
[1 1]	[1 1]
[1 1]	[1 1]
[1 1]	[1 1]
[1 1]	[1 1]
[1 1]	[1 1]
[1 1]	[1 1]
[1 1]	[1 1]
[1 1]	[1 1]
[1 1]	[1 1]
[1 1]	[1 1]
[1 1]	[1 1]
[1 1]	[1 8]
[1 1]	[8 8]
[1 1]	[8 8]
[1 1]	[8 8]
[1 1]	[8 8]
[1 1]	[8 8]
[1 1]	[8 8]
[1 1]	[8 8]
[1 1]	[8 8]
[1 1]	[8 8]
[1 1]	[8 8]
[1 1]	[8 8]
[1 1]	[8 8]
[1 1]	[8 8]
[1 1]	[8 8]
[1 1]	[8 8]
[1 1]	[8 8]
[1 1]	[8 8]
[1 1]	[8 8]
[1 1]	[8 8]
[1 1]	[8 8]
[1 1]	[8 8]
[1 1]	[8 8]
[1 1]	[8 1]
[1 1]	[1 1]
[1 1]	[1 1]
[1 1]	[1 1]
[1 1]	[1 1]
[1 1]	[1 8]
[1 1]	[8 8]
[1 1]	[8 8]
[1 1]	[8 8]
[1 1]	[8 8]
[1 1]	[8 8]
[1 1]	[8 8]
[1 1]	[8 1]
[1 1]	[1 1]
[1 1]	[1 1]
[1 8]	[1 5]
[8 8]	[5 8]
[8 8]	[8 8]
[8 8]	[8 8]
[8 8]	[8 8]
[8 8]	[8 8]
[8 8]	[8 8]
[8 8]	[8 8]
[8 8]	[8 3]
[8 8]	[3 3]
[8 8]	[3 3]
[8 8]	[3 3]
[8 8]	[3 3]
[8 8]	[3 3]
[8 8]	[3 3]
[8 8]	[3 3]
[8 8]	[3 3]
[8 8]	[3 3]
[8 8]	[3 3]
[8 8]	[3 3]
[8 8]	[3 3]
[8 8]	[3 3]
[8 8]	[3 3]
[8 8]	[3 8]
[8 8]	[8 8]
[8 8]	[8 8]
[8 8]	[8 8]
[8 8]	[8 8]
[8 8]	[8 8]
[8 8]	[8 8]
[8 8]	[8 8]
[8 8]	[8 8]
[8 8]	[8 8]
[8 8]	[8 8]
[8 8]	[8 8]
[8 8]	[8 8]
[8 8]	[8 8]
[8 8]	[8 8]
[8 8]	[8 3]
[8 8]	[3 3]
[8 8]	[3 3]
[8 8]	[3 3]
[8 8]	[3 3]
[8 8]	[3 3]
[8 8]	[3 3]
[8 8]	[3 3]
[8 1]	[3 3]
[1 1]	[3 3]
[1 1]	[3 3]
[1 1]	[3 3]
[1 1]	[3 3]
[1 1]	[3 3]
[1 1]	[3 8]
[1 1]	[8 8]
[1 1]	[8 8]
[1 1]	[8 8]
[1 6]	[8 6]
[6 6]	[6 6]
[6 6]	[6 6]
[6 6]	[6 6]
[6 6]	[6 6]
[6 6]	[6 6]
[6 6]	[6 6]
[6 6]	[6 6]
[6 6]	[6 6]
[6 6]	[6 6]
[6 6]	[6 6]
[6 6]	[6 6]
[6 6]	[6 6]
[6 6]	[6 6]
[6 6]	[6 6]
[6 6]	[6 6]
[6 6]	[6 6]
[6 6]	[6 6]
[6 6]	[6 6]
[6 6]	[6 6]
[6 1]	[6 6]
[1 1]	[6 1]
[1 1]	[1 1]
[1 1]	[1 1]
[1 1]	[1 1]
[1 1]	[1 1]
[1 1]	[1 1]
[1 1]	[1 1]
[1 1]	[1 1]
[1 1]	[1 1]
[1 1]	[1 1]
[1 1]	[1 1]
[1 1]	[1 1]
[1 1]	[1 1]
[1 1]	[1 1]
[1 1]	[1 1]
[1 1]	[1 1]
[1 1]	[1 1]
[1 1]	[1 1]
[1 1]	[1 1]
[1 1]	[1 1]
[1 1]	[1 1]
[1 1]	[1 1]
[1 1]	[1 1]
[1 1]	[1 1]
[1 1]	[1 1]
[1 1]	[1 1]
[1 1]	[1 1]
[1 1]	[1 1]
[1 6]	[1 6]
[6 6]	[6 6]
[6 6]	[6 6]
[6 6]	[6 6]
[6 6]	[6 6]
[6 6]	[6 6]
[6 6]	[6 6]
[6 6]	[6 6]
[6 6]	[6 6]
[6 6]	[6 6]
[6 6]	[6 6]
[6 6]	[6 6]
[6 6]	[6 6]
[6 6]	[6 6]
[6 6]	[6 6]
[6 6]	[6 6]
[6 6]	[6 6]
[6 6]	[6 6]
[6 6]	[6 6]
[6 6]	[6 6]
[6 6]	[6 6]
[6 6]	[6 6]
[6 6]	[6 6]
[6 6]	[6 6]
[6 6]	[6 6]
[6 6]	[6 6]
[6 8]	[6 6]
[8 8]	[6 6]
[8 8]	[6 6]
[8 8]	[ 6 11]
[8 8]	[11 11]
[8 8]	[11 11]
[8 8]	[11 11]
[8 8]	[11 11]
[8 8]	[11 11]
[8 8]	[11 11]
[8 8]	[11 11]
[8 8]	[11 11]
[8 8]	[11 11]
[8 1]	[11 11]
[1 1]	[11  6]
[1 1]	[6 6]
[1 1]	[6 6]
[1 1]	[6 6]
[1 1]	[6 6]
[1 1]	[6 6]
[1 1]	[6 6]
[1 1]	[6 1]
[1 1]	[1 1]
[1 1]	[1 1]
[1 1]	[1 1]
[1 1]	[1 1]
[1 1]	[1 1]
[1 1]	[1 6]
[-1 -1]	[6 6]
[8 8]	[6 8]
[8 8]	[8 8]
[8 8]	[8 6]
[8 8]	[6 6]
[8 8]	[6 6]
[8 8]	[6 6]
[8 8]	[6 6]
[8 8]	[6 6]
[8 8]	[6 6]
[8 8]	[6 6]
[8 8]	[6 6]
[8 8]	[6 6]
[8 8]	[6 6]
[8 8]	[6 6]
[8 8]	[6 6]
[8 8]	[6 6]
[8 8]	[6 6]
[8 8]	[6 6]
[8 8]	[6 8]
[8 8]	[8 8]
[8 8]	[8 8]
[8 8]	[8 8]
[8 8]	[8 8]
[8 8]	[8 8]
[8 8]	[8 8]
[8 8]	[8 8]
[8 8]	[8 6]
[8 8]	[6 6]
[8 8]	[6 6]
[8 8]	[6 6]
[8 8]	[6 6]
[8 8]	[6 6]
[8 8]	[6 6]
[8 1]	[6 6]
[1 1]	[6 1]
[1 1]	[1 1]
[1 1]	[1 1]
[1 1]	[1 1]
[1 1]	[1 1]
[1 1]	[1 1]
[1 1]	[1 1]
[1 8]	[1 1]
[8 8]	[1 8]
[8 8]	[8 8]
[8 8]	[8 8]
[8 8]	[8 8]
[8 8]	[8 8]
[8 8]	[8 8]
[8 8]	[8 8]
[8 8]	[8 8]
[8 8]	[8 1]
[8 8]	[1 6]
[8 8]	[6 8]
[8 8]	[8 6]
[8 8]	[6 6]
[8 8]	[6 6]
[8 8]	[6 6]
[8 8]	[6 8]
[8 8]	[8 8]
[8 8]	[8 8]
[8 8]	[8 8]
[8 8]	[8 8]
[8 1]	[8 8]
[1 1]	[8 1]
[1 1]	[1 1]
[1 1]	[1 1]
[1 1]	[1 1]
[1 1]	[1 1]
[1 1]	[1 1]
[1 1]	[1 1]
[1 1]	[1 1]
[1 1]	[1 1]
[1 6]	[1 8]
[6 6]	[8 8]
[6 6]	[8 8]
[6 6]	[8 8]
[6 6]	[8 6]
[6 6]	[6 6]
[6 6]	[6 6]
[6 6]	[6 6]
[6 6]	[6 6]
[6 6]	[6 6]
[6 6]	[6 6]
[6 6]	[6 6]
[6 1]	[6 6]
[1 1]	[6 1]
[1 1]	[1 1]
[1 1]	[1 1]
[1 1]	[1 1]
[1 1]	[1 8]
[1 1]	[8 8]
[1 1]	[8 8]
[1 1]	[8 8]
[1 1]	[8 8]
[1 1]	[8 8]
[1 1]	[8 6]
[1 1]	[6 6]
[1 1]	[6 6]
[1 1]	[6 6]
[1 1]	[6 6]
[1 1]	[6 6]
[1 1]	[6 6]
[1 1]	[6 6]
[1 1]	[6 6]
[1 1]	[6 8]
[1 1]	[8 8]
[1 1]	[8 8]
[1 1]	[8 8]
[1 1]	[8 8]
[1 1]	[8 8]
[1 1]	[8 1]
[1 1]	[1 1]
[1 1]	[1 1]
[1 1]	[1 1]
[1 1]	[1 1]
[1 8]	[1 1]
[8 8]	[1 1]
[8 8]	[1 1]
[8 8]	[1 1]
[8 8]	[1 8]
[8 8]	[8 8]
[8 8]	[8 8]
[8 8]	[8 8]
[8 8]	[8 6]
[8 8]	[6 6]
[8 8]	[6 6]
[8 8]	[6 6]
[8 8]	[6 6]
[8 8]	[6 6]
[8 8]	[6 6]
[8 8]	[6 8]
[8 8]	[8 8]
[8 8]	[8 8]
[8 8]	[8 8]
[8 8]	[8 6]
[8 8]	[6 6]
[8 8]	[6 6]
[8 8]	[6 6]
[8 8]	[6 1]
[8 8]	[1 1]
[8 8]	[1 1]
[8 8]	[1 1]
[8 8]	[1 8]
[8 8]	[8 8]
[-1 -1]	[8 8]
[8 8]	[8 1]
[8 8]	[1 1]
[8 8]	[1 1]
[8 8]	[1 1]
[8 8]	[1 1]
[8 8]	[1 8]
[8 8]	[8 8]
[8 8]	[8 8]
[8 8]	[8 8]
[8 8]	[8 8]
[8 8]	[8 8]
[8 8]	[8 8]
[8 8]	[8 8]
[8 8]	[8 8]
[8 8]	[8 1]
[8 8]	[1 1]
[8 8]	[1 8]
[8 8]	[8 8]
[8 8]	[8 1]
[8 8]	[1 1]
[8 8]	[1 1]
[8 8]	[1 1]
[8 8]	[1 1]
[8 8]	[1 8]
[8 8]	[8 8]
[8 8]	[8 8]
[8 8]	[8 8]
[8 8]	[8 8]
[8 8]	[8 8]
[8 8]	[8 8]
[8 8]	[8 8]
[8 1]	[8 8]
[1 1]	[8 1]
[1 1]	[1 6]
[1 1]	[6 6]
[1 1]	[6 6]
[1 1]	[6 6]
[1 1]	[6 6]
[1 1]	[6 6]
[1 1]	[6 1]
[1 1]	[1 1]
[1 1]	[1 1]
[1 1]	[1 1]
[1 1]	[1 1]
[1 1]	[1 1]
[1 1]	[1 8]
[1 1]	[8 8]
[1 1]	[8 8]
[1 1]	[8 8]
[1 1]	[8 8]
[1 1]	[8 8]
[1 1]	[8 1]
[1 1]	[1 1]
[1 1]	[1 1]
[1 1]	[1 1]
[1 1]	[1 6]
[1 1]	[6 6]
[1 1]	[6 6]
[1 1]	[6 6]
[1 1]	[6 6]
[1 1]	[6 6]
[1 1]	[6 1]
[1 1]	[1 1]
[1 1]	[1 1]
[1 1]	[1 1]
[1 1]	[1 1]
[1 1]	[1 1]
[1 8]	[1 8]
[8 8]	[8 8]
[8 8]	[8 8]
[8 8]	[8 8]
[8 8]	[8 8]
[-1 -1]	[8 8]
[8 8]	[ 8 -1]
[8 8]	[-1 -1]
[8 8]	[-1 -1]
[8 8]	[-1  8]
[8 8]	[8 8]
[8 8]	[8 8]
[8 8]	[8 8]
[8 8]	[8 8]
[8 8]	[8 8]
[8 8]	[8 8]
[8 8]	[8 8]
[8 8]	[8 6]
[8 8]	[6 6]
[8 8]	[6 6]
[8 8]	[6 6]
[8 8]	[6 6]
[8 8]	[6 6]
[8 8]	[6 6]
[8 8]	[6 6]
[8 8]	[6 6]
[8 8]	[6 8]
[8 8]	[8 8]
[8 8]	[8 8]
[8 8]	[8 8]
[8 8]	[8 8]
[8 8]	[8 8]
[8 8]	[8 8]
[8 8]	[8 8]
[8 8]	[8 8]
[8 1]	[8 1]
[1 1]	[1 1]
[1 1]	[1 1]
[1 1]	[1 1]
[1 1]	[1 1]
[1 1]	[1 1]
[1 1]	[1 1]
[1 1]	[1 1]
[1 1]	[1 1]
[1 1]	[1 1]
[1 1]	[1 1]
[1 1]	[1 1]
[1 1]	[1 1]
[1 1]	[1 1]
[1 1]	[1 1]
[1 1]	[1 1]
[1 1]	[1 1]
[1 1]	[1 1]
[1 1]	[1 1]
[1 1]	[1 1]
[1 1]	[1 8]
[1 1]	[8 8]
[1 1]	[8 8]
[1 1]	[8 1]
[1 1]	[1 1]
[1 1]	[1 1]
[1 1]	[1 1]
[1 1]	[1 8]
[1 1]	[8 8]
[1 1]	[8 8]
[1 1]	[8 8]
[1 1]	[8 1]
[1 1]	[1 1]
[1 1]	[1 1]
[1 1]	[1 8]
[1 1]	[8 8]
[1 1]	[8 8]
[1 1]	[ 8 20]
[1 1]	[20 20]
[1 1]	[20 20]
[1 1]	[20 20]
[1 1]	[20  1]
[1 1]	[1 1]
[1 1]	[1 1]
[1 1]	[1 1]
[1 1]	[1 1]
[1 1]	[1 1]
[1 1]	[1 1]
[1 1]	[1 1]
[1 1]	[1 8]
[1 1]	[8 8]
[1 1]	[8 8]
[1 1]	[8 8]
[1 1]	[8 1]
[1 1]	[1 1]
[1 1]	[1 1]
[1 1]	[1 1]
[1 1]	[1 1]
[1 1]	[1 8]
[1 1]	[8 8]
[1 1]	[8 8]
[1 1]	[8 8]
[1 1]	[8 1]
[1 1]	[1 1]
[1 1]	[1 1]
[1 1]	[1 1]
[1 1]	[1 1]
[1 1]	[1 6]
[1 1]	[6 6]
[1 1]	[6 6]
[1 1]	[6 6]
[1 1]	[6 8]
[1 1]	[8 8]
[1 1]	[8 8]
[1 1]	[8 8]
[1 1]	[8 8]
[1 1]	[8 1]
[1 1]	[1 1]
[1 1]	[1 1]
[-1 -1]	[1 1]
[1 1]	[ 1 -1]
[1 1]	[-1 -1]
[1 1]	[-1  1]
[1 1]	[1 1]
[1 1]	[1 1]
[1 1]	[1 1]
[1 1]	[1 1]
[1 1]	[1 1]
[1 1]	[1 1]
[1 1]	[1 1]
[1 1]	[1 1]
[1 1]	[1 8]
[1 1]	[8 8]
[1 1]	[8 8]
[1 1]	[8 8]
[1 1]	[8 1]
[1 1]	[1 1]
[1 1]	[1 1]
[1 1]	[1 8]
[1 1]	[8 8]
[1 1]	[8 8]
[1 1]	[8 1]
[1 1]	[1 1]
[1 1]	[1 1]
[1 1]	[1 1]
[1 1]	[1 1]
[1 1]	[1 1]
[1 1]	[1 1]
[1 1]	[1 1]
[1 1]	[1 1]
[1 1]	[1 8]
[1 1]	[8 8]
[1 1]	[8 8]
[1 1]	[8 8]
[1 1]	[8 8]
[1 1]	[8 1]
[1 1]	[1 1]
[1 1]	[1 1]
[1 1]	[1 1]
[1 1]	[1 1]
[1 1]	[1 1]
[1 1]	[1 8]
[1 1]	[8 8]
[1 1]	[8 1]
[1 1]	[1 1]
[1 1]	[1 1]
[1 1]	[1 1]
[1 1]	[1 1]
[1 1]	[ 1 15]
[1 1]	[15 15]
[1 1]	[15  8]
[1 1]	[8 8]
[1 1]	[8 8]
[1 1]	[8 1]
[1 1]	[1 1]
[1 1]	[1 1]
[1 1]	[1 6]
[1 1]	[6 6]
[1 1]	[6 6]
[1 1]	[6 1]
[1 1]	[1 1]
[1 1]	[1 8]
[1 1]	[8 8]
[1 1]	[8 1]
[1 1]	[1 1]
[1 1]	[1 1]
[1 1]	[1 1]
[1 1]	[1 1]
[1 1]	[1 6]
[1 1]	[6 6]
[1 1]	[6 8]
[1 1]	[8 8]
[1 1]	[8 8]
[-1 -1]	[8 1]
[-1 -1]	[ 1 -1]
[-1  1]	[-1 -1]
[1 1]	[-1  1]
[1 1]	[1 1]
[1 1]	[1 1]
[1 1]	[1 1]
[1 1]	[1 1]
[1 1]	[1 6]
[1 1]	[6 6]
[1 1]	[6 6]
[1 1]	[6 1]
[1 1]	[1 1]
[1 1]	[1 1]
[1 1]	[1 1]
[1 1]	[1 1]
[1 1]	[1 1]
[1 1]	[1 1]
[1 1]	[1 1]
[1 1]	[1 8]
[1 1]	[8 8]
[1 1]	[8 8]
[1 1]	[8 8]
[1 1]	[8 8]
[1 1]	[8 8]
[1 1]	[8 8]
[1 1]	[8 1]
[1 1]	[1 1]
[1 1]	[1 1]
[1 1]	[1 8]
[1 1]	[8 8]
[1 1]	[8 8]
[1 1]	[8 1]
[1 1]	[1 1]
[1 1]	[1 1]
[1 1]	[1 1]
[1 1]	[1 1]
[1 1]	[1 1]
[1 1]	[1 1]
[1 1]	[1 6]
[1 1]	[6 6]
[1 1]	[6 6]
[1 1]	[6 6]
[1 1]	[6 6]
[1 1]	[6 6]
[1 1]	[6 6]
[1 1]	[6 6]
[1 1]	[6 6]
[1 1]	[6 6]
[1 1]	[6 1]
[1 1]	[1 1]
[1 1]	[1 1]
[1 1]	[1 1]
[1 1]	[1 1]
[1 1]	[1 1]
[1 1]	[1 8]
[1 1]	[8 8]
[1 1]	[8 8]
[1 1]	[8 8]
[1 1]	[8 8]
[1 1]	[8 8]
[1 1]	[8 8]
[1 1]	[8 8]
[1 1]	[8 8]
[1 1]	[8 1]
[1 1]	[1 1]
[1 1]	[1 1]
[1 1]	[1 1]
[1 1]	[1 1]
[1 1]	[1 1]
[1 1]	[1 1]
[1 1]	[1 6]
[1 1]	[6 6]
[1 1]	[6 6]
[1 1]	[6 6]
[1 1]	[6 6]
[1 1]	[6 6]
[1 1]	[6 6]
[1 1]	[6 6]
[1 1]	[6 6]
[1 1]	[6 6]
[1 1]	[6 1]
[1 1]	[1 1]
[1 1]	[1 1]
[1 1]	[1 1]
[1 1]	[1 1]
[1 1]	[1 1]
[1 1]	[1 8]
[1 1]	[8 8]
[1 1]	[8 8]
[1 1]	[8 8]
[1 1]	[8 8]
[1 1]	[8 8]
[1 1]	[8 8]
[1 1]	[8 8]
[1 1]	[8 8]
[1 1]	[8 8]
[1 1]	[8 8]
[1 1]	[8 8]
[1 1]	[8 1]
[1 1]	[1 1]
[-1 -1]	[1 1]
[1 1]	[1 1]
[1 1]	[1 1]
[1 1]	[1 8]
[1 1]	[8 8]
[1 1]	[8 8]
[1 1]	[8 8]
[1 1]	[8 8]
[1 1]	[8 8]
[1 1]	[8 8]
[1 1]	[8 1]
[1 1]	[1 1]
[1 1]	[1 1]
[1 1]	[1 1]
[1 1]	[1 1]
[1 1]	[1 1]
[1 1]	[1 1]
[1 1]	[1 1]
[1 1]	[1 1]
[1 1]	[1 1]
[1 1]	[1 1]
[1 1]	[1 1]
[1 1]	[1 8]
[1 1]	[8 8]
[1 1]	[8 8]
[1 1]	[8 8]
[1 1]	[8 8]
[1 1]	[8 8]
[1 1]	[8 8]
[1 1]	[8 8]
[1 1]	[8 1]
[1 1]	[1 1]
[1 1]	[1 1]
[1 1]	[1 1]
[1 1]	[1 1]
[1 1]	[1 1]
[1 1]	[1 1]
[1 1]	[1 1]
[1 1]	[1 1]
[1 1]	[1 1]
[1 1]	[1 1]
[1 1]	[1 1]
[1 1]	[1 1]
[1 1]	[1 1]
[1 1]	[1 1]
[1 1]	[1 1]
[1 1]	[1 1]
[1 8]	[1 1]
[8 8]	[1 1]
[8 8]	[1 1]
[8 8]	[1 1]
[8 8]	[1 1]
[8 8]	[1 1]
[8 8]	[1 1]
[8 1]	[1 1]
[1 1]	[1 1]
[1 1]	[1 1]
[1 1]	[1 1]
[1 1]	[1 1]
[1 1]	[1 1]
[1 1]	[1 1]
[1 1]	[1 1]
[1 1]	[1 1]
[1 1]	[1 1]
[1 1]	[1 1]
[1 1]	[1 1]
[1 1]	[1 1]
[1 1]	[1 1]
[1 1]	[1 1]
[1 1]	[1 1]
[1 1]	[1 1]
[1 1]	[1 8]
[1 1]	[8 8]
[1 1]	[8 8]
[1 1]	[8 8]
[1 1]	[8 8]
[1 1]	[8 8]
[1 1]	[8 8]
[1 1]	[8 8]
[1 1]	[8 8]
[1 1]	[8 8]
[1 1]	[8 8]
[1 1]	[8 8]
[1 1]	[8 8]
[1 1]	[8 1]
[1 1]	[1 1]
[1 1]	[1 1]
[-1 -1]	[1 1]
[-1  1]	[ 1 -1]
[1 1]	[-1 -1]
[1 1]	[-1 -1]
[1 1]	[-1 -1]
[1 1]	[-1 -1]
[1 1]	[-1 -1]
[1 1]	[-1 -1]
[1 1]	[-1 -1]
[1 8]	[-1 -1]
[8 8]	[-1 -1]
[8 8]	[-1 -1]
[8 8]	[-1 -1]
[8 8]	[-1 -1]
[8 8]	[-1 -1]
[8 8]	[-1 17]
[8 8]	[17 17]
[8 8]	[17 17]
[8 8]	[17 17]
[8 8]	[17 17]
[8 8]	[17 17]
[8 8]	[17 17]
[8 8]	[17 17]
[8 8]	[17 17]
[8 8]	[17 17]
[8 8]	[17 17]
[8 8]	[17 17]
[8 8]	[17 17]
[8 8]	[17 17]
[8 8]	[17 17]
[8 8]	[17 17]
[8 8]	[17 17]
[8 8]	[17 17]
[8 8]	[17 17]
[8 8]	[17 17]
[8 8]	[17 17]
[8 8]	[17 17]
[8 8]	[17 17]
[8 8]	[17 17]
[8 8]	[17 17]
[8 8]	[17 17]
[8 8]	[17 17]
[8 8]	[17 17]
[8 8]	[17 17]
[8 8]	[17 17]
[8 8]	[17 17]
[8 8]	[17 17]
[8 8]	[17 17]
[8 8]	[17 17]
[8 8]	[17 17]
[8 8]	[17 17]
[8 8]	[17 17]
[8 1]	[17 17]
[1 1]	[17 17]
[1 1]	[17 17]
[1 1]	[17 17]
[1 1]	[17 17]
[1 1]	[17 17]
[1 1]	[17 17]
[1 1]	[17  3]
[1 1]	[3 3]
[1 1]	[3 3]
[1 1]	[3 3]
[1 1]	[3 3]
[1 1]	[3 3]
[1 1]	[3 3]
[1 1]	[3 3]
[1 1]	[3 3]
[1 1]	[3 3]
[1 1]	[3 3]
[1 1]	[3 3]
[1 1]	[3 3]
[1 1]	[3 3]
[1 1]	[3 3]
[1 1]	[3 3]
[1 1]	[3 3]
[1 8]	[3 3]
[8 8]	[3 3]
[8 8]	[3 3]
[8 8]	[3 3]
[8 8]	[3 3]
[8 8]	[3 3]
[8 8]	[3 3]
[8 8]	[3 3]
[8 8]	[3 3]
[8 8]	[3 3]
[8 8]	[3 3]
[8 8]	[3 3]
[8 8]	[3 3]
[8 8]	[3 3]
[8 8]	[3 3]
[8 8]	[3 3]
[8 8]	[3 3]
[8 8]	[3 3]
[8 8]	[3 3]
[8 8]	[3 3]
[8 8]	[3 3]
[8 8]	[3 3]
[8 8]	[3 3]
[8 8]	[3 3]
[8 8]	[3 3]
[8 8]	[3 3]
[8 8]	[3 3]
[8 8]	[3 3]
[8 8]	[3 3]
[8 8]	[3 3]
[8 8]	[3 3]
[8 8]	[3 3]
[8 8]	[3 3]
[8 8]	[3 3]
[8 8]	[3 3]
[8 8]	[3 3]
[8 8]	[3 3]
[8 8]	[3 3]
[8 8]	[3 3]
[8 8]	[3 3]
[8 8]	[3 3]
[8 8]	[3 3]
[8 8]	[3 3]
[8 8]	[3 3]
[8 8]	[3 3]
[8 8]	[3 3]
[8 8]	[3 3]
[8 8]	[3 3]
[8 8]	[3 8]
[8 8]	[8 8]
[8 8]	[8 8]
[8 8]	[8 8]
[8 8]	[8 8]
[8 8]	[8 8]
[8 8]	[8 8]
[8 8]	[8 8]
[8 8]	[8 8]
[8 8]	[8 8]
[8 8]	[8 8]
[8 8]	[8 8]
[8 8]	[8 8]
[8 8]	[8 8]
[8 8]	[8 8]
[8 8]	[8 8]
[8 8]	[8 8]
[8 8]	[8 8]
[8 8]	[8 8]
[8 8]	[8 8]
[8 8]	[8 3]
[8 8]	[3 3]
[8 8]	[3 3]
[8 8]	[3 3]
[8 8]	[3 3]
[8 8]	[3 3]
[8 8]	[3 3]
[8 8]	[3 8]
[8 8]	[8 8]
[8 8]	[8 8]
[8 8]	[8 8]
[8 1]	[8 8]
[1 1]	[8 8]
[1 1]	[8 8]
[1 1]	[8 8]
[1 1]	[8 8]
[1 1]	[8 8]
[1 1]	[8 8]
[1 1]	[8 8]
[1 1]	[8 8]
[1 1]	[8 8]
[1 1]	[8 8]
[1 1]	[8 8]
[1 1]	[8 8]
[1 1]	[8 8]
[1 1]	[8 8]
[1 1]	[8 8]
[1 1]	[8 8]
[1 1]	[8 8]
[1 1]	[8 8]
[1 1]	[8 8]
[1 1]	[8 8]
[1 1]	[8 8]
[1 1]	[8 8]
[1 1]	[ 8 17]
[1 1]	[17 17]
[1 1]	[17 17]
[1 1]	[17 17]
[1 1]	[17 17]
[1 1]	[17 17]
[1 1]	[17 17]
[1 1]	[17 17]
[1 1]	[17 17]
[1 1]	[17 17]
[1 1]	[17 17]
[1 1]	[17 17]
[1 1]	[17 17]
[1 1]	[17 17]
[1 1]	[17 17]
[1 1]	[17 17]
[1 1]	[17 17]
[1 1]	[17 17]
[1 1]	[17 17]
[1 1]	[17 17]
[1 1]	[17 17]
[1 1]	[17 17]
[1 1]	[17 17]
[1 1]	[17 17]
[1 1]	[17 17]
[1 1]	[17 17]
[1 1]	[17 17]
[1 1]	[17 17]
[1 1]	[17 17]
[1 1]	[17 17]
[1 1]	[17 17]
[1 1]	[17 17]
[1 1]	[17 17]
[1 1]	[17 17]
[1 1]	[17 17]
[1 1]	[17 17]
[1 1]	[17 17]
[1 8]	[17 17]
[8 8]	[17 17]
[8 8]	[17 17]
[8 8]	[17 17]
[8 8]	[17 17]
[8 8]	[17 17]
[8 8]	[17 17]
[8 8]	[17 17]
[8 8]	[17 17]
[8 8]	[17 17]
[8 8]	[17 17]
[8 8]	[17 17]
[8 8]	[17 17]
[8 8]	[17 17]
[8 8]	[17 17]
[8 8]	[17 17]
[8 8]	[17 17]
[8 8]	[17 17]
[8 1]	[17 17]
[1 1]	[17 17]
[1 1]	[17 17]
[1 1]	[17 17]
[1 1]	[17 17]
[1 1]	[17 17]
[1 1]	[17 17]
[1 1]	[17 17]
[1 1]	[17 17]
[1 1]	[17 17]
[1 1]	[17 17]
[1 1]	[17 17]
[1 1]	[17 17]
[1 1]	[17 17]
[1 1]	[17 17]
[1 1]	[17 17]
[1 1]	[17 17]
[1 1]	[17 17]
[-1 -1]	[17 17]
[-1 -1]	[17 -1]
[-1  1]	[-1 -1]
[1 1]	[-1  1]
[1 1]	[1 1]
[1 1]	[1 1]
[1 1]	[1 1]
[1 1]	[1 1]
[1 1]	[1 1]
[1 1]	[1 1]
[1 1]	[1 1]
[1 1]	[1 1]
[1 1]	[1 1]
[1 1]	[1 1]
[1 1]	[1 1]
[1 1]	[1 1]
[1 1]	[1 1]
[1 8]	[1 1]
[8 8]	[1 8]
[8 8]	[8 8]
[8 8]	[8 8]
[8 8]	[8 8]
[8 8]	[8 8]
[8 8]	[8 8]
[8 8]	[8 8]
[8 8]	[8 8]
[8 8]	[8 8]
[8 8]	[8 8]
[8 8]	[8 8]
[8 8]	[8 8]
[8 8]	[8 8]
[8 1]	[8 8]
[1 1]	[8 8]
[1 1]	[8 8]
[1 1]	[8 8]
[1 1]	[8 8]
[1 1]	[8 8]
[1 1]	[8 1]
[1 1]	[1 1]
[1 1]	[1 1]
[1 1]	[1 1]
[1 1]	[1 1]
[1 1]	[1 1]
[1 1]	[1 1]
[1 1]	[1 1]
[1 1]	[1 1]
[1 1]	[1 1]
[1 1]	[1 1]
[1 1]	[1 1]
[1 1]	[1 1]
[1 1]	[1 1]
[1 1]	[1 1]
[1 1]	[1 1]
[1 1]	[1 6]
[1 1]	[6 6]
[1 1]	[6 6]
[1 1]	[6 6]
[1 1]	[6 6]
[1 1]	[6 6]
[1 1]	[6 1]
[1 1]	[1 1]
[1 1]	[1 1]
[1 1]	[1 1]
[1 1]	[1 8]
[1 1]	[8 8]
[1 1]	[8 8]
[1 1]	[8 8]
[1 1]	[8 1]
[1 1]	[1 1]
[1 1]	[1 1]
[1 1]	[1 1]
[1 1]	[1 6]
[1 1]	[6 6]
[1 1]	[6 6]
[1 1]	[6 6]
[1 1]	[6 6]
[1 1]	[6 6]
[1 1]	[6 1]
[1 1]	[1 1]
[1 1]	[1 1]
[1 1]	[1 1]
[1 1]	[1 8]
[1 1]	[8 8]
[1 1]	[8 8]
[1 1]	[8 8]
[1 1]	[8 1]
[1 1]	[1 1]
[1 1]	[1 1]
[1 1]	[1 1]
[1 1]	[1 1]
[1 1]	[1 1]
[1 1]	[1 1]
[1 1]	[1 1]
[1 1]	[1 1]
[1 1]	[1 6]
[1 1]	[6 6]
[1 1]	[6 6]
[1 1]	[6 6]
[1 1]	[6 6]
[1 1]	[6 6]
[1 1]	[6 1]
[1 1]	[1 1]
[1 1]	[1 1]
[1 1]	[1 1]
[1 1]	[1 1]
[1 1]	[1 1]
[1 1]	[1 1]
[1 1]	[1 1]
[1 1]	[1 1]
[1 8]	[1 1]
[8 8]	[1 1]
[8 8]	[1 1]
[8 8]	[1 1]
[8 8]	[1 1]
[8 8]	[1 1]
[8 8]	[1 1]
[8 8]	[1 1]
[8 8]	[1 1]
[8 8]	[1 6]
[8 8]	[6 6]
[8 8]	[6 6]
[8 8]	[6 6]
[8 1]	[6 6]
[1 1]	[6 6]
[1 1]	[6 6]
[1 1]	[6 6]
[1 1]	[6 6]
[1 1]	[6 1]
[1 1]	[1 1]
[1 1]	[1 1]
[1 1]	[1 1]
[1 1]	[1 1]
[1 1]	[1 1]
[1 1]	[1 1]
[1 1]	[1 1]
[1 1]	[1 1]
[1 1]	[1 1]
[1 1]	[1 1]
[1 1]	[1 1]
[1 1]	[1 1]
[1 1]	[1 6]
[1 1]	[6 6]
[1 1]	[6 6]
[1 1]	[6 6]
[1 1]	[6 6]
[1 1]	[6 6]
[-1 -1]	[6 6]
[-1  1]	[6 1]
[1 1]	[1 1]
[1 1]	[1 1]
[1 1]	[1 1]
[1 1]	[1 1]
[1 1]	[1 1]
[1 1]	[1 1]
[1 1]	[1 1]
[1 1]	[1 1]
[1 1]	[1 1]
[1 1]	[1 1]
[1 1]	[1 1]
[1 1]	[1 8]
[1 1]	[8 8]
[1 1]	[8 8]
[1 1]	[8 8]
[1 1]	[8 8]
[1 1]	[8 8]
[1 1]	[8 8]
[1 1]	[8 8]
[1 1]	[8 8]
[1 1]	[8 8]
[1 1]	[8 8]
[1 1]	[8 1]
[1 1]	[1 1]
[1 1]	[1 1]
[1 1]	[1 1]
[1 1]	[1 1]
[1 1]	[1 1]
[1 1]	[1 1]
[1 1]	[1 1]
[1 1]	[1 1]
[1 1]	[1 1]
[1 1]	[1 1]
[1 1]	[1 1]
[1 1]	[1 1]
[1 1]	[1 1]
[1 1]	[1 1]
[1 1]	[1 1]
[1 1]	[1 1]
[1 1]	[1 1]
[1 1]	[1 1]
[1 1]	[1 1]
[1 1]	[1 1]
[1 1]	[1 1]
[1 1]	[1 1]
[1 1]	[1 8]
[1 1]	[8 8]
[1 1]	[8 8]
[1 1]	[8 1]
[1 1]	[1 1]
[1 1]	[1 1]
[1 1]	[1 1]
[1 1]	[1 8]
[1 1]	[8 8]
[1 1]	[8 8]
[1 1]	[8 1]
[1 1]	[1 1]
[1 1]	[1 8]
[1 1]	[8 8]
[1 1]	[8 8]
[1 1]	[8 8]
[1 1]	[8 1]
[1 1]	[1 1]
[1 1]	[1 1]
[1 1]	[1 1]
[1 1]	[1 1]
[1 1]	[1 1]
[1 1]	[1 8]
[1 1]	[8 8]
[1 1]	[8 8]
[1 1]	[8 8]
[1 1]	[8 1]
[1 1]	[1 1]
[1 1]	[1 1]
[1 1]	[1 1]
[1 1]	[1 1]
[1 1]	[1 1]
[1 1]	[1 1]
[1 1]	[1 1]
[1 1]	[1 1]
[1 1]	[1 1]
[1 1]	[1 1]
[1 1]	[1 1]
[1 1]	[1 1]
[1 1]	[1 1]
[1 1]	[1 1]
[1 1]	[1 1]
[1 1]	[1 1]
[1 1]	[1 1]
[1 1]	[1 1]
[1 1]	[1 1]
[1 1]	[1 1]
[1 1]	[1 1]
[1 1]	[1 1]
[1 1]	[1 1]
[1 1]	[1 1]
[1 1]	[1 1]
[1 1]	[1 1]
[1 1]	[1 1]
[1 1]	[1 8]
[1 1]	[8 8]
[1 1]	[8 8]
[1 1]	[8 1]
[1 1]	[1 1]
[1 1]	[1 1]
[1 1]	[1 8]
[1 1]	[8 8]
[1 1]	[8 8]
[-1 -1]	[8 1]
[1 1]	[ 1 -1]
[1 1]	[-1 -1]
[1 1]	[-1  1]
[1 1]	[1 1]
[1 1]	[1 1]
[1 1]	[1 1]
[1 1]	[1 1]
[1 1]	[1 1]
[1 1]	[1 1]
[1 1]	[1 1]
[1 1]	[1 1]
[1 1]	[1 1]
[1 1]	[1 6]
[1 1]	[6 6]
[1 1]	[6 6]
[1 1]	[6 6]
[1 1]	[6 6]
[1 1]	[6 6]
[1 1]	[6 6]
[1 1]	[6 6]
[1 1]	[6 8]
[1 1]	[8 8]
[1 1]	[8 8]
[1 1]	[8 8]
[1 1]	[8 8]
[1 1]	[8 8]
[1 1]	[8 1]
[1 1]	[1 1]
[1 1]	[1 1]
[1 1]	[1 1]
[1 1]	[1 1]
[1 1]	[1 1]
[1 1]	[1 1]
[1 1]	[1 1]
[1 1]	[1 1]
[1 1]	[1 1]
[1 1]	[1 6]
[1 1]	[6 6]
[1 1]	[6 6]
[1 1]	[6 6]
[1 1]	[6 8]
[1 1]	[8 8]
[1 1]	[8 8]
[1 1]	[8 1]
[1 1]	[1 1]
[1 1]	[1 1]
[1 1]	[1 1]
[1 1]	[1 1]
[1 1]	[1 1]
[1 1]	[1 1]
[1 1]	[1 1]
[1 1]	[1 1]
[1 1]	[1 1]
[1 1]	[1 1]
[1 1]	[1 1]
[1 1]	[1 1]
[1 1]	[1 1]
[1 1]	[1 1]
[1 1]	[1 1]
[1 1]	[1 1]
[1 1]	[1 6]
[1 1]	[6 6]
[1 1]	[6 6]
[1 1]	[6 6]
[1 1]	[6 6]
[1 1]	[6 6]
[1 1]	[6 6]
[1 1]	[6 6]
[1 1]	[6 8]
[1 1]	[8 8]
[1 1]	[8 8]
[1 1]	[8 8]
[1 1]	[8 8]
[1 1]	[8 8]
[1 1]	[8 1]
[1 1]	[1 1]
[1 1]	[1 1]
[1 1]	[1 1]
[1 1]	[1 1]
[1 1]	[1 1]
[1 1]	[1 1]
[1 1]	[1 1]
[1 1]	[1 1]
[1 1]	[1 1]
[1 1]	[1 1]
[1 1]	[1 1]
[1 1]	[1 1]
[1 1]	[1 6]
[1 1]	[6 6]
[1 1]	[6 6]
[1 1]	[6 6]
[1 1]	[6 8]
[1 1]	[8 8]
[1 1]	[8 8]
[-1 -1]	[8 1]
[1 1]	[ 1 -1]
[1 1]	[-1  6]
[1 1]	[6 6]
[1 1]	[6 6]
[1 1]	[6 6]
[1 1]	[6 6]
[1 1]	[6 6]
[1 1]	[6 1]
[1 1]	[1 1]
[1 1]	[1 1]
[1 1]	[1 1]
[1 1]	[1 1]
[1 1]	[1 1]
[1 1]	[1 1]
[1 1]	[1 1]
[1 1]	[1 1]
[1 1]	[1 1]
[1 1]	[1 1]
[1 1]	[1 6]
[1 1]	[6 6]
[1 1]	[6 6]
[1 1]	[6 6]
[1 1]	[6 6]
[1 1]	[6 6]
[1 1]	[6 6]
[1 1]	[6 6]
[1 1]	[6 6]
[1 1]	[6 6]
[1 1]	[6 6]
[1 1]	[6 6]
[1 1]	[6 1]
[1 1]	[1 1]
[1 1]	[1 1]
[1 1]	[1 1]
[1 1]	[1 1]
[1 1]	[1 1]
[1 1]	[1 1]
[1 1]	[1 1]
[1 1]	[1 1]
[1 1]	[1 1]
[1 1]	[1 1]
[1 1]	[1 6]
[1 1]	[6 6]
[1 1]	[6 6]
[1 1]	[6 6]
[1 1]	[6 6]
[-1 -1]	[6 6]
[-1  1]	[6 1]
[1 1]	[1 1]
[1 1]	[1 1]
[1 1]	[1 1]
[1 1]	[1 8]
[1 1]	[8 8]
[1 1]	[8 8]
[1 1]	[8 8]
[1 1]	[8 8]
[1 1]	[8 8]
[1 1]	[8 8]
[1 1]	[8 8]
[1 1]	[8 8]
[1 1]	[8 8]
[1 1]	[8 1]
[1 1]	[1 1]
[1 1]	[1 1]
[1 1]	[1 1]
[1 1]	[1 1]
[1 1]	[1 1]
[1 1]	[1 1]
[1 1]	[1 1]
[1 1]	[1 1]
[1 8]	[1 8]
[8 8]	[8 8]
[8 8]	[8 8]
[8 8]	[8 8]
[8 8]	[8 8]
[8 8]	[8 8]
[8 8]	[8 8]
[8 8]	[8 8]
[8 8]	[8 8]
[8 8]	[8 8]
[8 1]	[8 8]
[1 1]	[8 1]
[1 1]	[1 1]
[1 1]	[1 1]
[1 1]	[1 1]
[1 8]	[1 3]
[8 8]	[3 3]
[8 8]	[3 3]
[8 8]	[3 3]
[8 8]	[3 3]
[8 8]	[3 3]
[8 8]	[3 8]
[8 8]	[8 8]
[8 8]	[8 8]
[8 8]	[8 8]
[8 8]	[8 8]
[8 8]	[8 8]
[8 8]	[8 3]
[8 8]	[3 3]
[8 8]	[3 3]
[8 8]	[3 3]
[8 8]	[3 8]
[8 8]	[8 8]
[8 8]	[8 8]
[8 8]	[8 8]
[8 8]	[8 3]
[8 8]	[3 3]
[8 8]	[3 3]
[8 8]	[3 3]
[8 8]	[3 3]
[8 8]	[3 3]
[8 8]	[3 8]
[8 8]	[8 8]
[8 8]	[8 8]
[8 8]	[8 8]
[8 8]	[8 8]
[8 1]	[8 8]
[1 1]	[8 3]
[1 1]	[3 3]
[1 1]	[3 3]
[1 1]	[3 3]
[1 1]	[3 8]
[1 1]	[8 8]
[1 1]	[8 8]
[1 1]	[8 8]
[1 1]	[8 6]
[1 1]	[6 6]
[1 1]	[6 6]
[1 1]	[6 6]
[1 1]	[6 6]
[1 1]	[6 6]
[1 1]	[6 1]
[1 1]	[1 1]
[1 1]	[1 1]
[1 1]	[1 1]
[1 1]	[1 1]
[1 1]	[1 1]
[1 1]	[1 1]
[1 1]	[1 1]
[1 1]	[1 1]
[1 1]	[1 1]
[1 1]	[1 1]
[1 1]	[1 1]
[1 1]	[1 1]
[1 1]	[1 1]
[1 1]	[1 1]
[1 1]	[1 1]
[1 1]	[1 6]
[1 1]	[6 6]
[1 6]	[6 6]
[6 6]	[6 6]
[6 6]	[6 6]
[6 6]	[6 6]
[6 6]	[6 6]
[6 6]	[6 6]
[6 1]	[6 6]
[1 1]	[6 6]
[1 1]	[6 1]
[1 1]	[1 1]
[1 1]	[1 1]
[1 1]	[1 1]
[1 1]	[1 1]
[1 1]	[1 1]
[1 8]	[1 1]
[8 8]	[1 6]
[8 8]	[6 6]
[8 8]	[6 6]
[8 8]	[6 1]
[8 8]	[1 1]
[8 8]	[1 1]
[8 8]	[1 1]
[8 8]	[1 1]
[8 8]	[1 6]
[8 8]	[6 6]
[8 8]	[6 6]
[8 8]	[6 6]
[8 8]	[6 6]
[8 8]	[ 6 11]
[8 8]	[11 11]
[8 8]	[11 11]
[8 8]	[11 11]
[8 8]	[11 11]
[8 8]	[11  6]
[8 8]	[6 6]
[8 8]	[6 6]
[8 8]	[6 6]
[8 8]	[6 6]
[8 8]	[6 1]
[8 8]	[1 1]
[8 8]	[1 1]
[8 8]	[1 1]
[8 8]	[1 6]
[8 8]	[6 6]
[8 8]	[6 6]
[8 8]	[6 6]
[8 8]	[ 6 11]
[8 8]	[11 11]
[8 8]	[11 11]
[8 8]	[11 11]
[8 8]	[11 11]
[8 8]	[11  6]
[8 8]	[6 6]
[8 8]	[6 6]
[8 8]	[6 6]
[8 8]	[6 6]
[8 8]	[6 1]
[8 8]	[1 1]
[8 8]	[1 1]
[8 8]	[1 1]
[8 8]	[1 6]
[8 8]	[6 6]
[8 8]	[6 6]
[-1 -1]	[6 6]
[8 8]	[ 6 -1]
[8 8]	[-1 -1]
[8 8]	[-1 -1]
[8 8]	[-1  8]
[8 8]	[8 8]
[8 8]	[8 6]
[8 8]	[6 6]
[8 1]	[6 6]
[1 1]	[6 6]
[1 1]	[6 1]
[1 1]	[1 1]
[1 1]	[1 1]
[1 1]	[1 1]
[1 1]	[1 1]
[1 1]	[1 1]
[1 1]	[1 8]
[1 1]	[8 8]
[1 1]	[8 8]
[1 1]	[8 8]
[1 1]	[8 8]
[1 1]	[8 8]
[1 1]	[8 8]
[1 1]	[8 8]
[1 1]	[8 1]
[1 1]	[1 1]
[1 1]	[1 1]
[1 1]	[1 1]
[1 1]	[1 1]
[1 1]	[1 1]
[1 1]	[1 1]
[1 1]	[1 1]
[1 1]	[1 8]
[1 1]	[8 8]
[1 1]	[8 6]
[1 1]	[6 6]
[1 1]	[6 6]
[1 1]	[6 6]
[1 1]	[6 1]
[1 1]	[1 1]
[1 1]	[1 1]
[1 1]	[1 1]
[1 1]	[1 1]
[1 1]	[1 1]
[1 1]	[ 1 17]
[1 1]	[17 17]
[1 1]	[17 12]
[1 1]	[12 12]
[1 1]	[12 12]
[1 1]	[12 12]
[1 1]	[12 17]
[1 1]	[17 17]
[1 1]	[17 17]
[1 1]	[17 17]
[1 1]	[17 17]
[1 1]	[17 17]
[1 1]	[17 17]
[1 1]	[17 17]
[1 1]	[17 17]
[1 1]	[17  8]
[1 1]	[8 8]
[1 1]	[8 8]
[1 1]	[8 8]
[1 1]	[8 8]
[1 1]	[8 8]
[1 1]	[8 8]
[1 1]	[8 1]
[1 1]	[1 1]
[1 1]	[1 1]
[1 1]	[1 1]
[1 1]	[1 1]
[1 1]	[1 1]
[1 1]	[1 1]
[1 1]	[1 8]
[1 1]	[8 8]
[1 1]	[8 8]
[1 1]	[8 8]
[1 1]	[8 8]
[1 1]	[8 1]
[1 1]	[1 1]
[1 1]	[1 1]
[1 1]	[1 1]
[1 1]	[1 1]
[1 1]	[1 8]
[1 1]	[8 8]
[1 1]	[8 8]
[1 1]	[8 8]
[1 1]	[8 8]
[1 1]	[8 8]
[1 1]	[8 8]
[1 1]	[8 1]
[1 1]	[1 1]
[1 1]	[1 1]
[1 1]	[1 1]
[1 1]	[1 1]
[1 1]	[1 1]
[1 1]	[1 1]
[1 1]	[1 8]
[1 1]	[8 8]
[1 1]	[8 8]
[1 1]	[8 8]
[1 1]	[8 8]
[1 1]	[8 8]
[1 1]	[8 1]
[1 1]	[1 1]
[1 1]	[1 1]
[1 1]	[1 1]
[1 1]	[1 1]
[1 1]	[1 6]
[1 1]	[6 6]
[1 8]	[6 1]
[8 8]	[1 1]
[8 8]	[1 1]
[8 8]	[1 1]
[8 8]	[1 6]
[8 8]	[6 6]
[8 8]	[6 6]
[8 8]	[6 6]
[8 8]	[6 6]
[8 8]	[6 6]
[8 8]	[6 6]
[8 8]	[ 6 20]
[8 8]	[20 20]
[8 8]	[20 20]
[8 8]	[20 20]
[8 8]	[20 20]
[8 8]	[20 20]
[8 1]	[20 20]
[1 1]	[20 20]
[1 1]	[20 20]
[1 1]	[20 20]
[1 1]	[20  1]
[1 1]	[1 1]
[1 1]	[1 1]
[1 1]	[1 1]
[1 1]	[1 1]
[1 1]	[1 1]
[1 1]	[1 1]
[1 1]	[1 1]
[1 1]	[1 1]
[1 6]	[1 1]
[6 6]	[1 6]
[6 6]	[6 6]
[6 6]	[6 6]
[6 6]	[6 6]
[6 6]	[6 6]
[6 6]	[6 6]
[6 6]	[6 6]
[6 6]	[6 6]
[6 6]	[6 6]
[6 6]	[6 6]
[6 6]	[6 1]
[6 6]	[1 1]
[6 6]	[1 1]
[6 6]	[1 1]
[6 6]	[1 6]
[6 6]	[6 6]
[6 6]	[6 6]
[6 6]	[6 6]
[6 6]	[6 6]
[6 6]	[6 6]
[6 6]	[6 6]
[6 6]	[6 6]
[6 8]	[6 6]
[8 8]	[6 6]
[8 8]	[6 6]
[8 8]	[6 6]
[8 8]	[ 6 11]
[8 8]	[11 11]
[8 8]	[11 11]
[8 8]	[11 11]
[8 8]	[11 11]
[8 8]	[11 11]
[8 8]	[11 11]
[8 8]	[11 11]
[8 8]	[11 11]
[8 8]	[11  6]
[8 8]	[6 6]
[8 8]	[6 6]
[8 8]	[6 6]
[8 8]	[6 6]
[8 8]	[6 6]
[8 8]	[6 1]
[8 8]	[1 1]
[8 8]	[1 1]
[8 8]	[1 1]
[8 8]	[1 1]
[8 8]	[1 1]
[8 8]	[1 1]
[8 8]	[1 1]
[8 8]	[1 6]
[8 8]	[6 6]
[8 8]	[6 6]
[-1 -1]	[6 6]
[-1  1]	[ 6 -1]
[1 1]	[-1  1]
[1 1]	[1 1]
[1 1]	[1 1]
[1 1]	[1 1]
[1 1]	[1 1]
[1 1]	[1 6]
[1 1]	[6 6]
[1 1]	[6 6]
[1 1]	[6 6]
[1 1]	[6 6]
[1 1]	[6 1]
[1 1]	[1 1]
[1 1]	[1 1]
[1 1]	[1 1]
[1 1]	[1 1]
[1 1]	[ 1 22]
[1 1]	[22 22]
[1 1]	[22 22]
[1 1]	[22 22]
[1 1]	[22 22]
[1 1]	[22  1]
[1 1]	[1 1]
[1 1]	[1 1]
[1 1]	[1 6]
[1 1]	[6 6]
[1 1]	[6 6]
[1 1]	[6 6]
