Accuracy: 0.43560744253921924

n_chords: 2
n_melody: 1
t_prior: 0.0
e_prior: 2.5
dataset: The Session
keys: All
filter_train_set: True
filter_val_set: True

~ First 3000 predicted states ~
Predicted	True
[-1 -1 -1]	[-1 -1 -1]
[-1  1 -1]	[-1  1 -1]
[ 1  1 80]	[ 1  1 68]
[ 1  1 78]	[ 1  1 70]
[ 1  8 77]	[ 1  1 73]
[ 8  8 75]	[ 1  1 77]
[ 8  8 77]	[ 1  1 75]
[ 8  1 75]	[ 1  8 73]
[ 1  1 73]	[ 8  8 75]
[ 1  1 75]	[ 8  8 73]
[ 1  1 77]	[ 8  1 75]
[ 1  1 80]	[ 1  1 77]
[ 1  6 80]	[ 1  1 80]
[ 6  6 82]	[ 1  6 85]
[ 6  6 84]	[ 6  6 82]
[ 6  6 85]	[ 6  6 85]
[ 6  1 82]	[ 6 10 82]
[ 1  1 80]	[10 10 82]
[ 1  1 77]	[10 10 80]
[ 1  1 75]	[10  3 77]
[ 1  1 73]	[ 3  3 75]
[ 1  1 73]	[ 3  3 77]
[ 1  1 73]	[ 3  8 75]
[ 1  1 68]	[ 8  8 75]
[ 1  1 70]	[ 8  8 73]
[ 1  1 68]	[ 8  1 70]
[ 1  1 73]	[ 1  1 68]
[ 1  1 75]	[ 1  1 70]
[ 1  1 77]	[ 1  1 73]
[ 1  1 75]	[ 1  1 77]
[ 1  1 77]	[ 1  1 75]
[ 1  1 75]	[ 1  8 73]
[ 1  1 77]	[ 8  8 75]
[ 1  1 80]	[ 8  8 73]
[ 1  1 82]	[ 8  1 75]
[ 1  1 84]	[ 1  1 77]
[ 1  6 85]	[ 1  1 80]
[ 6  6 87]	[ 1  6 85]
[ 6  6 85]	[ 6  6 82]
[ 6  6 84]	[ 6  6 85]
[ 6  1 82]	[ 6  6 82]
[ 1  1 80]	[ 6  6 82]
[ 1  1 77]	[ 6  6 80]
[ 1  1 75]	[ 6  8 77]
[ 1  1 73]	[ 8  8 75]
[ 1  1 77]	[ 8  8 73]
[ 1  1 80]	[ 8  1 70]
[ 1  1 85]	[ 1 10 73]
[ 1  1 87]	[10 10 85]
[ 1  6 85]	[10 10 84]
[ 6  6 82]	[10 10 85]
[ 6  6 80]	[10 10 82]
[ 6  1 78]	[10 10 80]
[ 1  1 77]	[10 10 78]
[ 1  1 78]	[10 10 77]
[ 1  1 77]	[10 10 78]
[ 1  1 75]	[10  8 80]
[ 1  1 77]	[ 8  8 80]
[ 1  1 73]	[ 8  8 77]
[ 1  1 68]	[ 8  1 80]
[ 1  1 73]	[ 1  1 68]
[ 1  1 73]	[ 1  1 70]
[ 1  1 75]	[ 1  3 73]
[ 1  8 73]	[ 3  3 75]
[ 8  8 75]	[ 3  3 73]
[ 8  8 77]	[ 3  8 75]
[ 8  8 78]	[ 8  8 77]
[ 8  8 77]	[ 8  8 75]
[ 8  1 78]	[ 8  8 75]
[ 1  1 77]	[ 8  8 75]
[ 1  1 80]	[ 8  8 77]
[ 1  1 85]	[ 8 10 80]
[ 1  1 87]	[10 10 85]
[ 1  6 85]	[10 10 84]
[ 6  6 82]	[10 10 85]
[ 6  6 80]	[10 10 82]
[ 6  1 78]	[10 10 80]
[ 1  1 77]	[10 10 78]
[ 1  1 78]	[10 10 77]
[ 1  1 77]	[10 10 78]
[ 1  1 75]	[10  8 80]
[ 1  1 77]	[ 8  8 80]
[ 1  1 73]	[ 8  8 77]
[ 1  1 68]	[ 8  1 80]
[ 1  1 73]	[ 1  1 68]
[ 1  8 77]	[ 1  1 70]
[ 8  8 75]	[ 1  8 73]
[ 8  8 77]	[ 8  8 75]
[ 8  1 75]	[ 8  8 73]
[ 1  1 73]	[ 8  8 75]
[ 1  1 73]	[ 8  8 77]
[ 1  1 75]	[ 8  8 73]
[ 1  1 77]	[ 8  1 73]
[ 1  1 75]	[ 1  1 73]
[ 1  1 73]	[ 1  1 80]
[ 1  1 73]	[ 1  1 77]
[ 1  1 75]	[ 1  1 73]
[ 1  1 77]	[ 1  1 73]
[ 1  1 75]	[ 1  1 73]
[ 1  1 77]	[ 1  1 75]
[ 1  1 78]	[ 1  1 77]
[ 1  1 80]	[ 1  1 78]
[ 1  1 82]	[ 1  1 80]
[ 1  1 80]	[ 1  1 77]
[ 1  1 82]	[ 1  1 80]
[ 1  1 80]	[ 1  1 85]
[ 1  1 82]	[ 1  1 80]
[ 1  1 80]	[ 1  1 77]
[ 1  1 77]	[ 1  1 80]
[ 1  1 73]	[ 1  1 77]
[ 1  1 68]	[ 1  8 73]
[ 1  1 70]	[ 8  8 77]
[ 1  1 68]	[ 8  8 73]
[ 1  1 70]	[ 8  1 68]
[ 1  1 68]	[ 1  1 73]
[ 1  1 73]	[ 1  1 72]
[ 1  1 75]	[ 1  3 73]
[ 1  8 73]	[ 3  3 75]
[ 8  8 75]	[ 3  3 73]
[ 8  8 77]	[ 3  8 75]
[ 8  8 78]	[ 8  8 77]
[ 8  8 77]	[ 8  8 75]
[ 8  1 78]	[ 8  8 75]
[ 1  1 77]	[ 8  8 75]
[ 1  1 78]	[ 8  8 77]
[ 1  1 80]	[ 8  1 78]
[ 1  1 82]	[ 1  1 80]
[ 1  1 80]	[ 1  1 77]
[ 1  1 82]	[ 1  1 80]
[ 1  1 80]	[ 1  1 85]
[ 1  1 82]	[ 1  1 80]
[ 1  1 80]	[ 1  1 77]
[ 1  1 77]	[ 1  1 80]
[ 1  1 75]	[ 1  1 77]
[ 1  1 73]	[ 1  8 73]
[ 1  1 73]	[ 8  8 77]
[ 1  1 75]	[ 8  8 73]
[ 1  8 73]	[ 8  6 68]
[ 8  8 75]	[ 6  6 73]
[ 8  8 77]	[ 6  6 72]
[ 8  1 75]	[ 6  8 73]
[ 1  1 73]	[ 8  8 75]
[ 1  1 73]	[ 8  8 73]
[ 1  1 75]	[ 8  8 75]
[ 1  1 77]	[ 8  8 77]
[ 1  1 75]	[ 8  8 73]
[ 1  1 77]	[ 8  1 73]
[ 1  1 75]	[ 1  1 73]
[ 1  1 77]	[ 1  1 75]
[ 1  1 75]	[ 1  1 77]
[ 1  1 73]	[ 1  1 78]
[ 1  1 73]	[ 1  1 77]
[ 1  1 75]	[ 1  1 73]
[ 1  1 77]	[ 1  1 73]
[-1 -1 -1]	[ 1  1 73]
[-1  1 -1]	[ 1 -1 80]
[ 1  1 80]	[-1 -1 73]
[ 1  8 77]	[-1 13 75]
[ 8  8 78]	[13 13 76]
[ 8  8 76]	[13 13 75]
[ 8 13 75]	[13 13 76]
[13 13 73]	[13 13 75]
[13 13 75]	[13 13 73]
[13 13 76]	[13 13 68]
[13 13 75]	[13 13 73]
[13 13 76]	[13 10 75]
[13 13 75]	[10 10 76]
[13 13 76]	[10 10 75]
[13 13 73]	[10 10 76]
[13 13 71]	[10 10 75]
[13 13 73]	[10 10 73]
[13 13 75]	[10 10 69]
[13 12 73]	[10 10 73]
[12 12 71]	[10 12 76]
[12 12 68]	[12 12 75]
[12 12 68]	[12 12 71]
[12 12 66]	[12 12 66]
[12 12 68]	[12 12 71]
[12 12 66]	[12 12 68]
[12 12 68]	[12 12 66]
[12 12 68]	[12 12 68]
[12 12 71]	[12 12 71]
[12 12 73]	[12 12 66]
[12 13 71]	[12 12 68]
[13 13 73]	[12 12 71]
[13 13 73]	[12 12 73]
[13 13 73]	[12 12 75]
[13 13 73]	[12 12 73]
[13 13 75]	[12 12 71]
[13 13 76]	[12 13 75]
[13 13 75]	[13 13 76]
[13 13 76]	[13 13 75]
[13 13 73]	[13 13 76]
[13 13 71]	[13 13 75]
[13 13 73]	[13 13 73]
[13 13 73]	[13 13 68]
[13 13 75]	[13 13 73]
[13 13 76]	[13 10 75]
[13 13 75]	[10 10 76]
[13 13 76]	[10 10 75]
[13 13 73]	[10 10 76]
[13 13 71]	[10 10 75]
[13 13 73]	[10 10 73]
[13 13 75]	[10 10 69]
[13 13 76]	[10 10 73]
[13 12 73]	[10 12 76]
[12 12 71]	[12 12 78]
[12 12 73]	[12 12 75]
[12 12 71]	[12 12 66]
[12 12 68]	[12 12 75]
[12 12 66]	[12 12 68]
[12 12 68]	[12 12 66]
[12 12 66]	[12 12 68]
[12 13 63]	[12 12 71]
[13 13 61]	[12 12 66]
[13 13 61]	[12 12 64]
[13 13 61]	[12 12 63]
[13 13 61]	[12 13 64]
[13 13 61]	[13 13 61]
[13 13 61]	[13 13 59]
[13 13 61]	[13 13 63]
[13 13 61]	[13 13 64]
[13 13 61]	[13 13 61]
[13 13 61]	[13 13 68]
[13 13 61]	[13 13 61]
[13 13 61]	[13 13 69]
[13 13 61]	[13 13 61]
[13 13 61]	[13 13 68]
[13 13 61]	[13 13 61]
[13 13 61]	[13 13 71]
[13 13 61]	[13 13 61]
[13 13 63]	[13 13 68]
[13 13 64]	[13 13 61]
[13 13 66]	[13 13 69]
[13 12 63]	[13 13 68]
[12 12 64]	[13 13 66]
[12 12 63]	[13 12 64]
[12 12 64]	[12 12 63]
[12 12 63]	[12 12 59]
[12 12 64]	[12 12 66]
[12 12 63]	[12 12 59]
[12 12 64]	[12 12 68]
[12 12 63]	[12 12 59]
[12 12 64]	[12 12 66]
[12 12 63]	[12 12 59]
[12 12 64]	[12 12 69]
[12 12 63]	[12 12 59]
[12 13 59]	[12 12 68]
[13 13 61]	[12 12 59]
[13 13 61]	[12 12 66]
[13 13 61]	[12 12 64]
[13 13 61]	[12 12 59]
[13 13 61]	[12 13 63]
[13 13 61]	[13 13 64]
[13 13 61]	[13 13 61]
[13 13 61]	[13 13 68]
[13 13 61]	[13 13 61]
[13 13 61]	[13 13 69]
[13 13 61]	[13 13 61]
[13 13 61]	[13 13 68]
[13 13 61]	[13 13 61]
[13 13 61]	[13 13 71]
[13 13 61]	[13 13 61]
[13 13 63]	[13 13 68]
[13 13 64]	[13 13 61]
[13 13 66]	[13 13 69]
[13 12 63]	[13 13 68]
[12 12 64]	[13 13 66]
[12 12 63]	[13 12 64]
[12 12 64]	[12 12 63]
[12 12 63]	[12 12 59]
[12 12 64]	[12 12 66]
[12 12 63]	[12 12 59]
[12 12 64]	[12 12 68]
[12 12 63]	[12 12 59]
[12 13 59]	[12 12 66]
[13 13 61]	[12 13 59]
[13 13 61]	[13 13 64]
[13 13 61]	[13 13 61]
[-1 -1 -1]	[13 13 61]
[-1  1 -1]	[13 -1 59]
[ 1  1 80]	[-1 -1 85]
[ 1  1 85]	[-1  1 87]
[ 1  1 89]	[ 1  1 89]
[ 1  1 87]	[ 1  1 87]
[ 1  1 89]	[ 1  1 85]
[ 1  1 87]	[ 1 15 89]
[ 1  1 85]	[15 15 87]
[ 1  1 82]	[15 15 85]
[ 1  1 80]	[15  1 82]
[ 1  1 80]	[ 1  1 80]
[ 1  1 82]	[ 1  1 77]
[ 1  1 80]	[ 1  8 77]
[ 1  1 85]	[ 8  8 80]
[ 1  1 89]	[ 8  8 82]
[ 1  1 87]	[ 8  8 85]
[ 1  1 89]	[ 8  1 87]
[ 1  1 89]	[ 1  1 89]
[ 1  1 87]	[ 1  1 87]
[ 1  1 89]	[ 1  1 85]
[ 1  1 87]	[ 1 15 89]
[ 1  1 89]	[15 15 87]
[ 1  1 90]	[15 15 85]
[ 1  1 92]	[15 22 87]
[ 1  6 92]	[22 22 89]
[ 6  6 94]	[22 22 94]
[ 6  6 92]	[22 22 94]
[ 6  6 94]	[22 22 92]
[ 6  6 92]	[22 22 94]
[ 6  6 90]	[22 22 92]
[ 6  6 89]	[22  1 90]
[ 6  6 87]	[ 1  1 89]
[ 6  6 90]	[ 1  1 87]
[ 6  6 89]	[ 1  1 85]
[ 6  6 87]	[ 1 15 89]
[ 6  6 85]	[15 15 87]
[ 6  1 82]	[15 15 85]
[ 1  1 80]	[15  1 82]
[ 1  1 80]	[ 1  1 80]
[ 1  1 82]	[ 1  1 77]
[ 1  1 80]	[ 1  8 77]
[ 1  1 85]	[ 8  8 80]
[ 1  1 89]	[ 8  8 82]
[ 1  1 87]	[ 8  8 85]
[ 1  1 89]	[ 8  1 87]
[ 1  1 89]	[ 1  1 89]
[ 1  1 87]	[ 1  1 87]
[ 1  1 89]	[ 1  1 85]
[ 1  1 87]	[ 1 15 89]
[ 1  6 85]	[15 15 87]
[ 6  6 82]	[15 15 85]
[ 6  6 84]	[15 15 82]
[ 6  6 85]	[15 22 80]
[ 6  1 82]	[22 22 82]
[ 1  1 80]	[22 22 82]
[ 1  1 85]	[22 22 80]
[ 1  1 89]	[22 22 82]
[ 1  1 90]	[22 22 85]
[ 1  1 92]	[22  1 87]
[ 1  1 94]	[ 1  1 89]
[ 1  1 92]	[ 1  1 92]
[ 1  1 94]	[ 1  1 92]
[ 1  1 92]	[ 1  1 94]
[ 1  1 89]	[ 1  1 92]
[ 1  1 87]	[ 1  1 89]
[ 1  1 85]	[ 1  1 87]
[ 1  6 80]	[ 1  1 89]
[ 6  6 82]	[ 1  1 85]
[ 6  6 85]	[ 1  1 82]
[ 6  6 87]	[ 1  1 80]
[ 6  6 89]	[ 1  1 82]
[ 6  6 90]	[ 1  1 85]
[ 6  6 94]	[ 1 22 87]
[ 6  6 92]	[22 22 89]
[ 6  6 94]	[22 22 94]
[ 6  6 92]	[22 22 94]
[ 6  6 94]	[22 22 92]
[ 6  6 92]	[22 22 94]
[ 6  1 90]	[22 22 92]
[ 1  1 89]	[22  1 90]
[ 1  1 89]	[ 1  1 89]
[ 1  1 87]	[ 1  1 87]
[ 1  1 89]	[ 1  1 85]
[ 1  1 87]	[ 1  8 89]
[ 1  1 89]	[ 8  8 87]
[ 1  1 90]	[ 8  8 85]
[ 1  1 92]	[ 8  1 87]
[ 1  1 94]	[ 1  1 89]
[ 1  1 92]	[ 1  1 92]
[ 1  1 94]	[ 1  1 92]
[ 1  1 92]	[ 1  1 94]
[ 1  1 89]	[ 1  1 92]
[ 1  1 87]	[ 1  1 89]
[ 1  1 85]	[ 1  1 87]
[ 1  6 80]	[ 1 22 89]
[ 6  6 82]	[22 22 85]
[ 6  6 85]	[22 22 82]
[ 6  6 87]	[22 22 80]
[ 6  6 89]	[22 22 82]
[ 6  6 90]	[22 22 85]
[ 6  6 89]	[22  1 87]
[ 6  6 87]	[ 1  1 89]
[ 6  6 90]	[ 1  1 87]
[ 6  6 89]	[ 1  1 85]
[ 6  6 87]	[ 1 15 89]
[ 6  6 85]	[15 15 87]
[ 6  6 82]	[15 15 85]
[ 6  6 84]	[15 15 82]
[ 6  6 85]	[15 22 80]
[ 6  6 82]	[22 22 82]
[ 6  6 85]	[22 22 82]
[ 6  6 84]	[22 22 80]
[ 6  6 85]	[22 22 82]
[ 6  6 84]	[22 22 85]
[ 6  6 85]	[22 22 87]
[ 6  1 82]	[22 22 82]
[ 1  1 80]	[22 22 82]
[-1 -1 -1]	[22 22 80]
[-1  1 -1]	[22 -1 82]
[ 1  1 80]	[-1 -1 73]
[ 1  1 77]	[-1 -1 77]
[ 1  6 80]	[-1  1 78]
[ 6  6 82]	[ 1  1 80]
[ 6  6 80]	[ 1  1 82]
[ 6  1 78]	[ 1  1 80]
[ 1  1 77]	[ 1  1 78]
[ 1  1 78]	[ 1  1 77]
[ 1  1 77]	[ 1  1 78]
[ 1  1 75]	[ 1  1 80]
[ 1  1 77]	[ 1  1 78]
[ 1  1 75]	[ 1  1 77]
[ 1  6 77]	[ 1  1 73]
[ 6  6 78]	[ 1  1 77]
[ 6  6 80]	[ 1  1 78]
[ 6  6 82]	[ 1  1 80]
[ 6  6 80]	[ 1  1 82]
[ 6  1 78]	[ 1  1 80]
[ 1  1 77]	[ 1  1 78]
[ 1  1 75]	[ 1  1 77]
[ 1  1 73]	[ 1  1 75]
[ 1  1 73]	[ 1  1 77]
[ 1  1 75]	[ 1  1 73]
[ 1  6 77]	[ 1  1 73]
[ 6  6 78]	[ 1  1 77]
[ 6  6 80]	[ 1  1 78]
[ 6  6 82]	[ 1  1 80]
[ 6  6 80]	[ 1  1 82]
[ 6  1 78]	[ 1  1 80]
[ 1  1 77]	[ 1  1 78]
[ 1  1 78]	[ 1  1 77]
[ 1  1 77]	[ 1  1 78]
[ 1  1 75]	[ 1  1 80]
[ 1  1 77]	[ 1  1 78]
[ 1  1 75]	[ 1  1 77]
[ 1  6 77]	[ 1  1 73]
[ 6  6 78]	[ 1  1 77]
[ 6  6 80]	[ 1  8 78]
[ 6  6 82]	[ 8  8 80]
[ 6  6 80]	[ 8  8 82]
[ 6  1 78]	[ 8  8 80]
[ 1  1 77]	[ 8  8 78]
[ 1  1 75]	[ 8  8 77]
[ 1  1 77]	[ 8  1 75]
[ 1  1 75]	[ 1  1 73]
[ 1  1 77]	[ 1  1 73]
[ 1  1 77]	[ 1  1 77]
[ 1  1 80]	[ 1  1 78]
[ 1  1 82]	[ 1  1 73]
[ 1  1 80]	[ 1  1 85]
[ 1  1 82]	[ 1  1 84]
[ 1  1 80]	[ 1  1 82]
[ 1  1 80]	[ 1  1 80]
[ 1  1 82]	[ 1  1 77]
[ 1  1 80]	[ 1  1 82]
[ 1  6 77]	[ 1  1 80]
[ 6  6 78]	[ 1  1 77]
[ 6  6 80]	[ 1  1 78]
[ 6  1 78]	[ 1  1 80]
[ 1  1 77]	[ 1  1 78]
[ 1  1 75]	[ 1  1 77]
[ 1  6 77]	[ 1  1 73]
[ 6  6 78]	[ 1  1 77]
[ 6  6 80]	[ 1  1 78]
[ 6  6 82]	[ 1  1 80]
[ 6  6 80]	[ 1  1 82]
[ 6  6 78]	[ 1 15 80]
[ 6  6 80]	[15 15 78]
[ 6  6 82]	[15 15 77]
[ 6  6 84]	[15  1 78]
[ 6  6 85]	[ 1  1 80]
[ 6  6 84]	[ 1  1 85]
[ 6  1 82]	[ 1  1 84]
[ 1  1 80]	[ 1  1 82]
[ 1  1 80]	[ 1  1 80]
[ 1  1 82]	[ 1  1 77]
[ 1  1 80]	[ 1  1 82]
[ 1  6 77]	[ 1  1 80]
[ 6  6 78]	[ 1  1 77]
[ 6  6 80]	[ 1  1 78]
[ 6  1 78]	[ 1  1 80]
[ 1  1 77]	[ 1  1 78]
[ 1  1 75]	[ 1  1 77]
[ 1  6 77]	[ 1  1 73]
[ 6  6 78]	[ 1  1 77]
[ 6  6 80]	[ 1  8 78]
[ 6  6 82]	[ 8  8 80]
[ 6  6 80]	[ 8  8 82]
[ 6  1 78]	[ 8  8 80]
[ 1  1 77]	[ 8  8 78]
[ 1  1 77]	[ 8  8 77]
[ 1  1 80]	[ 8  1 75]
[ 1  1 82]	[ 1  1 73]
[ 1  1 80]	[ 1  1 85]
[ 1  1 77]	[ 1  1 84]
[ 1  1 75]	[ 1  1 82]
[ 1  1 77]	[ 1  1 73]
[ 1  1 75]	[ 1  1 73]
[ 1  6 77]	[ 1  1 75]
[ 6  6 78]	[ 1  6 77]
[ 6  6 80]	[ 6  6 78]
[ 6  1 78]	[ 6  6 78]
[ 1  1 77]	[ 6  6 78]
[ 1  1 78]	[ 6  6 77]
[ 1  1 77]	[ 6  1 78]
[ 1  1 75]	[ 1  1 80]
[ 1  1 73]	[ 1  1 78]
[ 1  1 73]	[ 1  1 77]
[ 1  1 75]	[ 1  1 73]
[ 1  6 77]	[ 1  1 75]
[ 6  6 78]	[ 1  8 77]
[ 6  6 80]	[ 8  8 78]
[ 6  1 78]	[ 8  8 78]
[ 1  1 77]	[ 8  8 78]
[ 1  1 75]	[ 8  8 77]
[ 1  1 77]	[ 8  1 75]
[ 1  1 75]	[ 1  1 77]
[ 1  1 77]	[ 1  1 73]
[ 1  1 75]	[ 1  1 73]
[ 1  6 77]	[ 1  1 75]
[ 6  6 78]	[ 1  6 77]
[ 6  6 77]	[ 6  6 78]
[ 6  6 78]	[ 6  6 78]
[ 6  6 80]	[ 6  6 78]
[ 6  6 82]	[ 6  6 77]
[ 6  6 80]	[ 6  1 78]
[ 6  1 78]	[ 1  1 80]
[ 1  1 77]	[ 1  1 78]
[ 1  1 75]	[ 1  1 77]
[ 1  6 77]	[ 1  1 73]
[ 6  6 78]	[ 1  1 77]
[ 6  6 80]	[ 1  8 78]
[ 6  6 82]	[ 8  8 80]
[ 6  6 80]	[ 8  8 82]
[ 6  1 78]	[ 8  8 80]
[ 1  1 77]	[ 8  8 78]
[ 1  1 75]	[ 8  8 77]
[ 1  1 73]	[ 8  1 75]
[ 1  1 73]	[ 1  1 73]
[ 1  1 75]	[ 1  1 73]
[-1 -1 -1]	[ 1  1 75]
[-1  1 -1]	[ 1 -1 77]
[ 1  1 80]	[-1 -1 68]
[ 1  6 77]	[-1 -1 67]
[ 6  1 70]	[-1 13 68]
[ 1  1 68]	[13 13 69]
[ 1  1 65]	[13 13 68]
[ 1  1 66]	[13 13 73]
[ 1  1 65]	[13 13 68]
[ 1  1 63]	[13 13 67]
[ 1  1 65]	[13  8 68]
[ 1  1 63]	[ 8  8 69]
[ 1  1 65]	[ 8  8 68]
[ 1  1 66]	[ 8  8 75]
[ 1  1 65]	[ 8  8 68]
[ 1  6 68]	[ 8  8 67]
[ 6  6 70]	[ 8  8 68]
[ 6  6 73]	[ 8  8 69]
[ 6  6 73]	[ 8  8 68]
[ 6  6 73]	[ 8  8 78]
[ 6  6 70]	[ 8  8 75]
[ 6  6 68]	[ 8  8 72]
[ 6  6 66]	[ 8  8 68]
[ 6  6 66]	[ 8  8 66]
[ 6  6 70]	[ 8 13 65]
[ 6  6 72]	[13 13 64]
[ 6  6 73]	[13 13 72]
[ 6  6 70]	[13 13 73]
[ 6  6 68]	[13 13 72]
[ 6 12 70]	[13 13 71]
[12 12 71]	[13 18 70]
[12 12 75]	[18 18 69]
[12 12 71]	[18 18 73]
[12 13 75]	[18 18 78]
[13 13 76]	[18 18 69]
[13 13 73]	[18 18 73]
[13 13 73]	[18 13 78]
[13 13 75]	[13 13 68]
[13 13 73]	[13 13 73]
[13 13 73]	[13 13 76]
[13 13 71]	[13 13 68]
[13 13 73]	[13 13 73]
[13 13 75]	[13  3 74]
[13 13 76]	[ 3  3 75]
[13 13 75]	[ 3  3 76]
[13  8 73]	[ 3  3 75]
[ 8  8 75]	[ 3  3 73]
[ 8  8 73]	[ 3  3 72]
[ 8  8 72]	[ 3  8 73]
[ 8  8 68]	[ 8  8 75]
[ 8  1 66]	[ 8  8 75]
[ 1  1 65]	[ 8  8 68]
[ 1  1 63]	[ 8  8 67]
[ 1  1 65]	[ 8 13 68]
[ 1  1 68]	[13 13 69]
[ 1  1 65]	[13 13 68]
[ 1  1 66]	[13 13 73]
[ 1  1 65]	[13 13 68]
[ 1  1 63]	[13 13 67]
[ 1  1 65]	[13  8 68]
[ 1  1 63]	[ 8  8 69]
[ 1  1 65]	[ 8  8 68]
[ 1  1 66]	[ 8  8 75]
[ 1  1 65]	[ 8  8 68]
[ 1  1 68]	[ 8  8 67]
[ 1  1 70]	[ 8  8 68]
[ 1 15 73]	[ 8  8 69]
[15 15 75]	[ 8  8 68]
[15  8 73]	[ 8  8 78]
[ 8  8 72]	[ 8  8 75]
[ 8  8 68]	[ 8  8 72]
[ 8  8 66]	[ 8  8 68]
[ 8  8 65]	[ 8  8 66]
[ 8  8 68]	[ 8 13 65]
[ 8  8 72]	[13 13 64]
[ 8  8 68]	[13 13 72]
[ 8  8 70]	[13 13 73]
[ 8  8 68]	[13 13 72]
[ 8 18 72]	[13 13 71]
[18 18 69]	[13 18 70]
[18 18 73]	[18 18 69]
[18 18 73]	[18 18 73]
[18 18 75]	[18 18 78]
[18 18 76]	[18 18 69]
[18 13 75]	[18 18 73]
[13 13 73]	[18 18 78]
[13 13 71]	[18 18 69]
[13 13 73]	[18 13 73]
[13 13 75]	[13 13 68]
[13 13 73]	[13 13 73]
[13 13 73]	[13 13 76]
[13 13 75]	[13 13 68]
[13 13 73]	[13 13 73]
[13 13 73]	[13 13 76]
[13 13 76]	[13 13 68]
[13 13 78]	[13 13 72]
[13 13 76]	[13  8 75]
[13 13 78]	[ 8  8 80]
[13 13 80]	[ 8  8 68]
[13 13 78]	[ 8  8 80]
[13 13 76]	[ 8  8 81]
[13 13 75]	[ 8  8 80]
[13 13 76]	[ 8  8 78]
[13 13 73]	[ 8  8 76]
[13 13 71]	[ 8 13 75]
[13 13 68]	[13 13 73]
[13 20 66]	[13 13 73]
[20 20 68]	[13 13 68]
[20 20 71]	[13 13 69]
[20 20 68]	[13  5 70]
[20 20 71]	[ 5  5 71]
[20 20 68]	[ 5  5 70]
[20 20 68]	[ 5  5 71]
[20 13 66]	[ 5  5 70]
[13 13 68]	[ 5  5 71]
[13 18 68]	[ 5 18 72]
[18 18 69]	[18 18 73]
[18 18 73]	[18 18 69]
[18 12 71]	[18 18 68]
[12 12 68]	[18 18 69]
[12 12 66]	[18 12 70]
[12 12 68]	[12 12 71]
[12 12 68]	[12 12 63]
[12 12 66]	[12 12 66]
[12 12 68]	[12 12 71]
[12 12 71]	[12 12 63]
[12 13 75]	[12 12 66]
[13 13 73]	[12 12 75]
[13 13 71]	[12  5 74]
[13 13 73]	[ 5  5 73]
[13 13 75]	[ 5  5 68]
[13 13 73]	[ 5  5 76]
[13 13 75]	[ 5  5 76]
[13 13 73]	[ 5  5 68]
[13 13 75]	[ 5  5 76]
[13 13 73]	[ 5  5 68]
[13 13 73]	[ 5  5 76]
[13 13 71]	[ 5  5 68]
[13 13 73]	[ 5  5 75]
[13 13 71]	[ 5  5 68]
[13 13 68]	[ 5  5 75]
[13 18 68]	[ 5 18 68]
[18 18 69]	[18 18 73]
[18 18 68]	[18 18 69]
[18 18 69]	[18 18 62]
[18 18 73]	[18 18 63]
[18 18 71]	[18 12 66]
[18 18 73]	[12 12 75]
[18 18 69]	[12 12 69]
[18 18 73]	[12 12 73]
[18  5 71]	[12 12 68]
[ 5  5 68]	[12 12 69]
[ 5  5 71]	[12  5 70]
[ 5  5 68]	[ 5  5 71]
[ 5  5 71]	[ 5  5 68]
[ 5  5 68]	[ 5  5 67]
[ 5  5 71]	[ 5  5 68]
[ 5  5 68]	[ 5  5 69]
[ 5  5 71]	[ 5  5 71]
[ 5  5 68]	[ 5  5 64]
[ 5  5 64]	[ 5  5 68]
[ 5  5 66]	[ 5  5 71]
[ 5  5 68]	[ 5  5 64]
[ 5 18 71]	[ 5  5 68]
[18 18 69]	[ 5  5 71]
[18 18 66]	[ 5 18 72]
[18 18 68]	[18 18 73]
[18 18 69]	[18 18 66]
[18 18 73]	[18 18 69]
[18 18 78]	[18 18 73]
[18 18 76]	[18 18 66]
[18 12 73]	[18 18 76]
[12 12 71]	[18 18 75]
[12 12 68]	[18 18 74]
[12 12 66]	[18 12 73]
[12 12 68]	[12 12 71]
[12 12 68]	[12 12 63]
[12 12 66]	[12 12 66]
[12 12 68]	[12 12 71]
[12 12 68]	[12 12 63]
[12 13 66]	[12 12 66]
[13 13 68]	[12 12 71]
[13 13 66]	[12  5 72]
[13 13 68]	[ 5  5 73]
[13 13 71]	[ 5  5 68]
[13 13 73]	[ 5  5 68]
[13 13 75]	[ 5  5 68]
[13 13 76]	[ 5  5 71]
[13 13 75]	[ 5  5 76]
[13 13 73]	[ 5 10 75]
[13 13 73]	[10 10 73]
[13 13 73]	[10 10 72]
[13 13 76]	[10 10 73]
[13 13 75]	[10 23 75]
[13 13 76]	[23 23 78]
[13 13 78]	[23 23 76]
[13 13 80]	[23 23 75]
[13 12 82]	[23  5 76]
[12 12 83]	[ 5  5 80]
[12 12 85]	[ 5  5 81]
[12 12 87]	[ 5  5 82]
[12 12 85]	[ 5  1 83]
[12 12 83]	[ 1  1 85]
[12 12 83]	[ 1  1 83]
[12 12 80]	[ 1  1 81]
[12 12 78]	[ 1 18 80]
[12 12 76]	[18 18 78]
[12 12 75]	[18 18 76]
[12 12 71]	[18 18 75]
[12 12 68]	[18 12 73]
[12 12 66]	[12 12 71]
[12 12 68]	[12 12 69]
[12 13 66]	[12 12 68]
[13 13 68]	[12  5 66]
[13 13 73]	[ 5  5 64]
[13 13 75]	[ 5  5 64]
[13 13 78]	[ 5  5 73]
[13 13 80]	[ 5  5 76]
[13 13 76]	[ 5  1 80]
[13 13 78]	[ 1  1 85]
[13 13 80]	[ 1  1 73]
[13 13 85]	[ 1  1 76]
[13 13 83]	[ 1  1 80]
[13 13 80]	[ 1  1 83]
[13 13 78]	[ 1  1 73]
[13 13 80]	[ 1  1 76]
[13 13 73]	[ 1  1 80]
[13 13 75]	[ 1  1 81]
[13 13 78]	[ 1  1 73]
[13 13 80]	[ 1  1 76]
[13 13 78]	[ 1  1 80]
[13 13 75]	[ 1  1 81]
[13 13 73]	[ 1  1 80]
[13 13 73]	[ 1  1 76]
[13 13 75]	[ 1  1 73]
[13 13 76]	[ 1  1 85]
[13 13 78]	[ 1  1 73]
[13 13 80]	[ 1  1 76]
[13 13 73]	[ 1  1 80]
[13 13 75]	[ 1  1 83]
[13 13 76]	[ 1  1 73]
[13 18 80]	[ 1  1 76]
[18 18 78]	[ 1 15 80]
[18 18 76]	[15 15 81]
[18 18 78]	[15 15 69]
[18 18 80]	[15 15 75]
[18 18 78]	[15 15 78]
[18 18 76]	[15 15 81]
[18 18 73]	[15 15 78]
[18 18 71]	[15 15 75]
[18 18 73]	[15 15 69]
[18 18 76]	[15 15 85]
[18 18 78]	[15 15 69]
[18 18 76]	[15 15 75]
[18 18 75]	[15 15 78]
[18 18 76]	[15 15 83]
[18 18 78]	[15 15 69]
[18 18 80]	[15 15 75]
[18 18 78]	[15  8 78]
[18 18 76]	[ 8  8 81]
[18 18 78]	[ 8  8 69]
[18 18 80]	[ 8  8 75]
[18 18 78]	[ 8  8 78]
[18 18 76]	[ 8  8 81]
[18 18 73]	[ 8  8 78]
[18 18 71]	[ 8  8 75]
[18 18 73]	[ 8  8 69]
[18 18 78]	[ 8  8 85]
[18 18 80]	[ 8  8 69]
[18 18 81]	[ 8  8 75]
[18 18 80]	[ 8  8 78]
[18 18 78]	[ 8  8 83]
[18 18 80]	[ 8  8 69]
[18 18 78]	[ 8  8 75]
[18 18 76]	[ 8  1 78]
[18 18 78]	[ 1  1 81]
[18 18 81]	[ 1  1 73]
[18 18 80]	[ 1  1 76]
[18 18 81]	[ 1  1 80]
[18 13 78]	[ 1  1 81]
[13 13 76]	[ 1  1 80]
[13 13 80]	[ 1  1 76]
[13 13 76]	[ 1  1 73]
[13 13 78]	[ 1  1 85]
[13 13 80]	[ 1  1 73]
[13 13 85]	[ 1  1 76]
[13 13 83]	[ 1  1 80]
[13 13 80]	[ 1  1 83]
[13 13 78]	[ 1  1 73]
[13 13 80]	[ 1  1 76]
[13 13 73]	[ 1  1 80]
[13 13 75]	[ 1  1 81]
[13 13 78]	[ 1  1 73]
[13 13 80]	[ 1  1 76]
[13 13 78]	[ 1  1 80]
[13 13 75]	[ 1  1 81]
[13 13 76]	[ 1  1 80]
[13 18 80]	[ 1  1 76]
[18 18 81]	[ 1 10 73]
[18 18 80]	[10 10 81]
[18 18 81]	[10 10 83]
[18 18 80]	[10 10 81]
[18 18 78]	[10 10 80]
[18 18 80]	[10 10 78]
[18 13 78]	[10 15 76]
[13 13 76]	[15 15 81]
[13 13 75]	[15 15 80]
[13 13 76]	[15 15 78]
[13 13 75]	[15 13 76]
[13 12 73]	[13 13 75]
[12 12 75]	[13 13 73]
[12 12 71]	[13 13 71]
[12 12 73]	[13  6 71]
[12 13 71]	[ 6  6 69]
[13 13 73]	[ 6  6 71]
[13 13 73]	[ 6  6 72]
[13 13 73]	[ 6 19 73]
[13 13 73]	[19 19 75]
[13 13 73]	[19 19 73]
[13 13 75]	[19 19 71]
[13 13 76]	[19  1 73]
[13 13 80]	[ 1  1 76]
[13 13 78]	[ 1  1 78]
[13 13 80]	[ 1  1 79]
[13 13 78]	[ 1 10 80]
[13 13 76]	[10 10 81]
[13 13 75]	[10 10 80]
[13 13 76]	[10 10 78]
[13 13 75]	[10 15 76]
[13 13 73]	[15 15 75]
[13 13 68]	[15 15 73]
[13 13 66]	[15 15 71]
[13 13 64]	[15  8 69]
[13 13 61]	[ 8  8 68]
[13 13 61]	[ 8  8 66]
[13 13 61]	[ 8  8 64]
[-1 -1 -1]	[ 8  1 63]
[-1  1 -1]	[ 1  1 61]
[ 1  1 80]	[ 1  1 77]
[ 1  1 77]	[ 1  1 77]
[ 1  1 75]	[ 1  1 77]
[ 1  8 73]	[ 1  1 78]
[ 8  8 75]	[ 1  1 77]
[ 8  8 80]	[ 1  1 75]
[ 8  8 78]	[ 1 15 73]
[ 8  8 77]	[15 15 87]
[ 8  8 75]	[15 15 75]
[ 8  8 77]	[15 15 75]
[ 8  1 75]	[15  8 77]
[ 1  1 73]	[ 8  8 75]
[ 1  1 75]	[ 8  8 73]
[ 1  6 77]	[ 8  1 75]
[ 6  6 78]	[ 1  1 77]
[ 6  6 77]	[ 1  1 78]
[ 6  6 75]	[ 1  1 77]
[ 6  6 73]	[ 1  1 75]
[ 6  6 70]	[ 1  6 73]
[ 6  6 70]	[ 6  6 70]
[ 6  6 68]	[ 6  6 73]
[ 6  1 70]	[ 6  6 72]
[ 1  1 68]	[ 6  8 70]
[ 1  1 73]	[ 8  8 68]
[ 1  1 73]	[ 8  8 70]
[ 1  1 77]	[ 8  8 73]
[ 1  1 80]	[ 8  1 75]
[ 1  1 82]	[ 1  1 73]
[ 1  1 80]	[ 1  1 77]
[ 1  1 82]	[ 1  1 80]
[ 1  1 80]	[ 1  1 80]
[ 1  1 82]	[ 1  1 80]
[ 1  1 80]	[ 1  1 82]
[ 1  1 77]	[ 1  1 80]
[ 1  1 75]	[ 1  1 77]
[ 1  1 77]	[ 1  1 75]
[ 1  1 80]	[ 1  6 77]
[ 1  1 85]	[ 6  6 73]
[ 1  1 84]	[ 6  6 85]
[ 1  1 85]	[ 6  8 85]
[ 1  1 84]	[ 8  8 85]
[ 1  1 82]	[ 8  8 84]
[ 1  1 80]	[ 8  8 82]
[ 1  1 82]	[ 8  1 80]
[ 1  1 80]	[ 1  1 77]
[ 1  1 82]	[ 1  1 80]
[ 1  1 80]	[ 1  1 80]
[ 1  1 82]	[ 1  1 80]
[ 1  1 80]	[ 1  1 82]
[ 1  1 77]	[ 1  1 80]
[ 1  1 75]	[ 1  1 77]
[ 1  1 77]	[ 1  1 75]
[ 1  1 80]	[ 1  6 77]
[ 1  1 85]	[ 6  6 73]
[ 1  1 84]	[ 6  6 85]
[ 1  1 82]	[ 6  8 85]
[ 1  1 80]	[ 8  8 85]
[ 1  1 82]	[ 8  8 80]
[ 1  6 80]	[ 8 11 82]
[ 6  6 82]	[11 11 83]
[ 6  6 84]	[11 11 82]
[ 6  6 85]	[11 11 84]
[ 6  6 84]	[11 11 85]
[ 6  6 85]	[11 11 84]
[ 6  6 82]	[11  6 85]
[ 6  6 85]	[ 6  6 82]
[ 6  6 84]	[ 6  6 80]
[ 6  6 85]	[ 6  6 82]
[ 6  6 84]	[ 6  6 85]
[ 6  8 82]	[ 6  6 82]
[ 8  8 80]	[ 6  1 85]
[ 8  8 82]	[ 1  1 80]
[ 8  8 80]	[ 1  1 82]
[ 8  8 78]	[ 1  1 80]
[ 8  8 77]	[ 1  1 78]
[ 8  1 75]	[ 1  8 77]
[ 1  1 73]	[ 8  8 75]
[ 1  1 75]	[ 8  8 73]
[ 1  6 77]	[ 8  1 75]
[ 6  6 78]	[ 1  1 77]
[ 6  6 77]	[ 1  1 78]
[ 6  6 75]	[ 1  1 77]
[ 6  6 73]	[ 1  1 75]
[ 6  6 70]	[ 1  6 73]
[ 6  6 70]	[ 6  6 70]
[ 6  6 68]	[ 6  6 73]
[ 6  1 70]	[ 6  6 72]
[ 1  1 68]	[ 6  8 70]
[ 1  1 70]	[ 8  8 68]
[ 1  1 68]	[ 8  8 70]
[ 1  1 73]	[ 8  8 73]
[-1 -1 -1]	[ 8  8 73]
[-1  1 -1]	[ 8  1 75]
[ 1  1 80]	[ 1  1 73]
[ 1  1 77]	[ 1  1 75]
[ 1  1 75]	[ 1  1 77]
[ 1  1 77]	[ 1  1 73]
[ 1  6 80]	[ 1  1 77]
[ 6  6 82]	[ 1 22 80]
[ 6  6 84]	[22 22 82]
[ 6  6 85]	[22 22 84]
[ 6  1 82]	[22 22 85]
[ 1  1 80]	[22  1 82]
[ 1  8 77]	[ 1  1 80]
[ 8  8 75]	[ 1  1 77]
[ 8  8 73]	[ 1  1 75]
[ 8  8 72]	[ 1 15 73]
[ 8  8 73]	[15 15 70]
[ 8  1 72]	[15 15 75]
[ 1  1 73]	[15 15 75]
[ 1  1 75]	[15  8 73]
[ 1  8 73]	[ 8  8 75]
[ 8  8 75]	[ 8  8 77]
[ 8  8 73]	[ 8  8 75]
[ 8  8 72]	[ 8 15 73]
[ 8  8 73]	[15 15 70]
[ 8  8 75]	[15 15 75]
[ 8  8 73]	[15 15 75]
[ 8  8 72]	[15  8 73]
[ 8  8 73]	[ 8  8 75]
[ 8  1 72]	[ 8  8 68]
[ 1  1 73]	[ 8  1 70]
[ 1  1 75]	[ 1  1 73]
[ 1  1 77]	[ 1  1 75]
[ 1  1 75]	[ 1  1 77]
[ 1  1 77]	[ 1  1 73]
[ 1  6 80]	[ 1  1 77]
[ 6  6 82]	[ 1 22 80]
[ 6  6 84]	[22 22 82]
[ 6  6 85]	[22 22 84]
[ 6  1 82]	[22 22 85]
[ 1  1 80]	[22  1 82]
[ 1  8 77]	[ 1  1 80]
[ 8  8 75]	[ 1  1 77]
[ 8  8 73]	[ 1  1 75]
[ 8  1 72]	[ 1 22 73]
[ 1  1 73]	[22 22 70]
[ 1  1 75]	[22 22 73]
[ 1  1 73]	[22  1 73]
[ 1  1 73]	[ 1  1 77]
[ 1  1 73]	[ 1  1 73]
[ 1  1 68]	[ 1  1 75]
[ 1  1 70]	[ 1  1 73]
[ 1  1 68]	[ 1  1 70]
[ 1  1 70]	[ 1  1 73]
[ 1  1 68]	[ 1  1 73]
[ 1  1 70]	[ 1  1 72]
[ 1  1 68]	[ 1  1 73]
[ 1  1 68]	[ 1  1 68]
[ 1  1 70]	[ 1  1 70]
[ 1  1 68]	[ 1  1 70]
[ 1  1 73]	[ 1  1 73]
[ 1  1 77]	[ 1  1 73]
[ 1  1 80]	[ 1  1 72]
[ 1  1 85]	[ 1  1 73]
[ 1  1 85]	[ 1  1 85]
[ 1  1 87]	[ 1  1 87]
[ 1  1 89]	[ 1  1 89]
[ 1  1 85]	[ 1  8 85]
[ 1  1 87]	[ 8  8 87]
[ 1  1 89]	[ 8  6 84]
[ 1  1 87]	[ 6  6 85]
[ 1  1 85]	[ 6  6 87]
[ 1  1 82]	[ 6  6 85]
[ 1  1 80]	[ 6  1 82]
[ 1  1 82]	[ 1  1 80]
[ 1  1 80]	[ 1  1 77]
[ 1  1 85]	[ 1 15 80]
[ 1  1 89]	[15 15 82]
[ 1  1 87]	[15 15 87]
[ 1  1 89]	[15 15 87]
[ 1  1 87]	[15  8 85]
[ 1  1 89]	[ 8  8 87]
[ 1  1 87]	[ 8  8 89]
[ 1  6 85]	[ 8  8 87]
[ 6  6 90]	[ 8 15 85]
[ 6  6 89]	[15 15 82]
[ 6  6 87]	[15 15 87]
[ 6  6 89]	[15 15 87]
[ 6  6 87]	[15  8 85]
[ 6  6 89]	[ 8  8 87]
[ 6  6 90]	[ 8  8 85]
[ 6  6 89]	[ 8  1 87]
[ 6  6 87]	[ 1  1 89]
[ 6  6 89]	[ 1  1 85]
[ 6  6 87]	[ 1  8 85]
[ 6  6 85]	[ 8  8 87]
[ 6  6 87]	[ 8  8 84]
[ 6  6 89]	[ 8  6 84]
[ 6  6 87]	[ 6  6 85]
[ 6  6 85]	[ 6  6 87]
[ 6  1 82]	[ 6  6 85]
[ 1  1 80]	[ 6  1 82]
[ 1  1 82]	[ 1  1 80]
[ 1  1 80]	[ 1  1 77]
[ 1  1 85]	[ 1 22 80]
[ 1  1 87]	[22 22 82]
[ 1  1 89]	[22 22 85]
[ 1  1 87]	[22  1 85]
[ 1  1 89]	[ 1  1 89]
[ 1  1 87]	[ 1  1 85]
[ 1  1 85]	[ 1  1 87]
[ 1  1 89]	[ 1  1 85]
[ 1  1 87]	[ 1  1 82]
[ 1  8 85]	[ 1  1 85]
[ 8  8 87]	[ 1  1 85]
[ 8  1 84]	[ 1  1 84]
[ 1  1 85]	[ 1  1 85]
[ 1  1 84]	[ 1  1 85]
[ 1  1 85]	[ 1  1 87]
[ 1  1 84]	[ 1  1 82]
[ 1  1 85]	[ 1  1 85]
[ 1  1 85]	[ 1  1 85]
[ 1  1 80]	[ 1  1 84]
[ 1  1 82]	[ 1  1 85]
[ 1  1 80]	[ 1  1 77]
[ 1  6 77]	[ 1  6 80]
[ 6  6 78]	[ 6  6 82]
[ 6  1 82]	[ 6  1 78]
[ 1  1 80]	[ 1  1 80]
[ 1  6 77]	[ 1  1 80]
[ 6  6 78]	[ 1 15 77]
[ 6  6 77]	[15 15 78]
[ 6  6 75]	[15 15 78]
[ 6  8 77]	[15  1 75]
[ 8  8 75]	[ 1  1 77]
[ 8  8 73]	[ 1  1 75]
[ 8  8 72]	[ 1 15 73]
[ 8  8 73]	[15 15 70]
[ 8  1 72]	[15 15 75]
[ 1  1 73]	[15 15 75]
[ 1  1 75]	[15  8 73]
[ 1  8 73]	[ 8  8 75]
[ 8  8 75]	[ 8  8 77]
[ 8  8 73]	[ 8  8 75]
[ 8  8 72]	[ 8 15 73]
[ 8  8 73]	[15 15 70]
[ 8  1 72]	[15 15 75]
[ 1  1 73]	[15 15 75]
[ 1  1 75]	[15  8 73]
[ 1  6 77]	[ 8  8 75]
[ 6  6 78]	[ 8  8 77]
[ 6  6 80]	[ 8  8 78]
[ 6  6 82]	[ 8  6 80]
[ 6  6 82]	[ 6  6 82]
[ 6  6 84]	[ 6  1 78]
[ 6  1 82]	[ 1  1 80]
[ 1  1 80]	[ 1  1 82]
[ 1  8 77]	[ 1  1 80]
[ 8  8 75]	[ 1 15 77]
[ 8  8 77]	[15 15 78]
[ 8  8 75]	[15 15 75]
[ 8  8 77]	[15  1 75]
[ 8  8 75]	[ 1  1 77]
[ 8  8 73]	[ 1  1 75]
[ 8  1 72]	[ 1 22 73]
[ 1  1 73]	[22 22 70]
[ 1  1 75]	[22 22 73]
[ 1  1 73]	[22  1 73]
[ 1  1 73]	[ 1  1 77]
[ 1  1 73]	[ 1  1 73]
[ 1  1 68]	[ 1  1 75]
[ 1  1 70]	[ 1  1 73]
[ 1  1 68]	[ 1  1 70]
[ 1  1 70]	[ 1  1 73]
[ 1  1 73]	[ 1  1 73]
[ 1  1 75]	[ 1  1 72]
[ 1  1 77]	[ 1  1 73]
[ 1  1 68]	[ 1  1 77]
[ 1  1 70]	[ 1  1 80]
[ 1  1 68]	[ 1  1 70]
[ 1  1 70]	[ 1  1 73]
[ 1  1 68]	[ 1  1 73]
[-1 -1 -1]	[ 1  1 72]
[-1  1 -1]	[ 1 -1 73]
[ 1  1 80]	[-1  1 85]
[ 1  1 82]	[ 1  1 85]
[ 1  1 84]	[ 1  1 80]
[ 1  1 85]	[ 1  1 80]
[ 1  1 82]	[ 1  1 85]
[ 1  1 80]	[ 1  1 85]
[ 1  1 85]	[ 1  1 80]
[ 1  1 87]	[ 1  1 80]
[ 1  6 89]	[ 1  1 87]
[ 6  6 90]	[ 1  1 89]
[ 6  6 89]	[ 1  1 90]
[ 6  6 90]	[ 1  1 89]
[ 6  6 87]	[ 1  1 87]
[ 6  8 85]	[ 1  1 89]
[ 8  8 84]	[ 1  8 85]
[ 8  8 80]	[ 8  8 87]
[ 8  8 82]	[ 8  8 87]
[ 8  8 80]	[ 8  8 80]
[ 8  8 80]	[ 8  6 80]
[ 8  8 82]	[ 6  6 82]
[ 8  8 80]	[ 6  6 82]
[ 8  8 82]	[ 6  6 80]
[ 8  8 84]	[ 6  1 78]
[ 8  8 80]	[ 1  1 80]
[ 8  1 78]	[ 1  1 80]
[ 1  1 77]	[ 1  1 78]
[ 1  1 78]	[ 1  6 77]
[ 1  1 77]	[ 6  6 78]
[ 1  1 75]	[ 6  6 80]
[ 1  8 73]	[ 6  1 78]
[ 8  8 75]	[ 1  1 77]
[ 8  8 77]	[ 1  1 75]
[ 8  8 78]	[ 1  8 73]
[ 8  8 80]	[ 8  8 75]
[ 8  8 82]	[ 8  8 75]
[ 8  8 80]	[ 8  8 80]
[ 8  8 78]	[ 8  8 80]
[ 8  8 77]	[ 8  8 80]
[ 8  8 75]	[ 8  8 75]
[ 8  8 77]	[ 8  8 75]
[ 8  1 75]	[ 8  8 77]
[ 1  1 73]	[ 8  1 78]
[ 1  1 77]	[ 1  1 77]
[ 1  1 80]	[ 1  1 75]
[ 1  1 85]	[ 1  1 73]
[ 1  1 84]	[ 1  1 85]
[ 1  1 85]	[ 1  1 85]
[ 1  1 82]	[ 1  1 85]
[ 1  1 80]	[ 1  1 80]
[ 1  1 82]	[ 1  1 80]
[ 1  1 80]	[ 1  1 82]
[ 1  1 85]	[ 1  6 83]
[ 1  1 87]	[ 6  6 82]
[ 1  6 89]	[ 6  6 82]
[ 6  6 90]	[ 6 15 89]
[ 6  6 89]	[15 15 90]
[ 6  6 87]	[15 15 89]
[ 6  8 85]	[15 15 87]
[ 8  8 82]	[15  8 85]
[ 8  8 84]	[ 8  8 84]
[ 8  8 85]	[ 8  8 84]
[ 8  8 84]	[ 8  8 85]
[ 8  8 82]	[ 8  8 87]
[ 8  8 80]	[ 8  8 80]
[ 8  8 82]	[ 8  6 80]
[ 8  1 84]	[ 6  6 82]
[ 1  1 85]	[ 6  6 84]
[ 1  1 85]	[ 6  8 85]
[ 1  1 82]	[ 8  8 87]
[ 1  1 80]	[ 8  8 84]
[-1 -1 -1]	[ 8  1 80]
[-1  1 -1]	[ 1 -1 85]
[ 1  1 80]	[-1 -1 80]
[ 1  1 80]	[-1 -1 80]
[ 1  1 85]	[-1  1 77]
[ 1  1 84]	[ 1  1 73]
[ 1  8 85]	[ 1  1 85]
[ 8  8 87]	[ 1  1 85]
[ 8  8 85]	[ 1  1 84]
[ 8  8 82]	[ 1  8 85]
[ 8  8 80]	[ 8  8 87]
[ 8  8 82]	[ 8  8 84]
[ 8  1 84]	[ 8  8 80]
[ 1  1 85]	[ 8  1 84]
[ 1  1 89]	[ 1  1 85]
[ 1  1 87]	[ 1  1 85]
[ 1  1 89]	[ 1  1 87]
[ 1  1 87]	[ 1  1 89]
[ 1  6 89]	[ 1  1 89]
[ 6  6 90]	[ 1  8 85]
[ 6  6 89]	[ 8  8 90]
[ 6  1 90]	[ 8  8 90]
[ 1  1 92]	[ 8  1 87]
[ 1  1 89]	[ 1  1 92]
[ 1  1 87]	[ 1  1 89]
[ 1  1 89]	[ 1  1 85]
[ 1  1 85]	[ 1  8 89]
[ 1  1 82]	[ 8  8 87]
[ 1  1 80]	[ 8  8 84]
[ 1  1 80]	[ 8  8 80]
[ 1  1 85]	[ 8  1 77]
[ 1  1 84]	[ 1  1 73]
[ 1  8 85]	[ 1  1 85]
[ 8  8 87]	[ 1  1 85]
[ 8  8 85]	[ 1  1 84]
[ 8  8 82]	[ 1  8 85]
[ 8  8 80]	[ 8  8 87]
[ 8  8 82]	[ 8  8 84]
[ 8  1 84]	[ 8  8 80]
[ 1  1 85]	[ 8  1 84]
[ 1  1 89]	[ 1  1 85]
[ 1  1 87]	[ 1  1 85]
[ 1  6 89]	[ 1  1 87]
[ 6  6 90]	[ 1  1 89]
[ 6  6 90]	[ 1  1 90]
[ 6  6 89]	[ 1  1 92]
[ 6  6 87]	[ 1  1 89]
[ 6  8 85]	[ 1  1 87]
[ 8  8 84]	[ 1  1 85]
[ 8  8 80]	[ 1  1 84]
[ 8  8 82]	[ 1  8 82]
[ 8  8 80]	[ 8  8 80]
[ 8  8 82]	[ 8  8 80]
[ 8  8 80]	[ 8  1 82]
[ 8  1 78]	[ 1  1 80]
[ 1  1 77]	[ 1  1 78]
[ 1  1 80]	[ 1  1 77]
[ 1  1 82]	[ 1  8 75]
[ 1  1 80]	[ 8  8 80]
[ 1  1 85]	[ 8  8 80]
[ 1  1 87]	[ 8  8 80]
[ 1  6 89]	[ 8  8 89]
[ 6  6 90]	[ 8  8 89]
[ 6  6 89]	[ 8  1 90]
[ 6  6 90]	[ 1  1 92]
[ 6  6 89]	[ 1  1 90]
[ 6  6 87]	[ 1  1 89]
[ 6  6 85]	[ 1  1 87]
[ 6  6 84]	[ 1  1 85]
[ 6  6 82]	[ 1  1 84]
[ 6  6 80]	[ 1  1 82]
[ 6  6 82]	[ 1  6 80]
[ 6  6 80]	[ 6  6 82]
[ 6  6 82]	[ 6  6 82]
[ 6  6 90]	[ 6  6 78]
[ 6  6 94]	[ 6  6 78]
[ 6  6 92]	[ 6  6 90]
[ 6  6 94]	[ 6 15 92]
[ 6  6 92]	[15 15 94]
[ 6  6 90]	[15 15 92]
[ 6  6 89]	[15 15 90]
[ 6  6 90]	[15 15 89]
[ 6  6 89]	[15 15 90]
[ 6  6 87]	[15 15 89]
[ 6  8 85]	[15 15 87]
[ 8  8 84]	[15  8 85]
[ 8  8 82]	[ 8  8 84]
[ 8  8 84]	[ 8  8 84]
[ 8  1 87]	[ 8  8 80]
[ 1  1 89]	[ 8  8 80]
[ 1  1 90]	[ 8  8 89]
[ 1  1 92]	[ 8  1 90]
[ 1  1 94]	[ 1  1 92]
[ 1  1 92]	[ 1  1 89]
[ 1  1 89]	[ 1  1 92]
[ 1  6 92]	[ 1  6 89]
[ 6  6 94]	[ 6  6 90]
[ 6  6 92]	[ 6  6 94]
[ 6  1 94]	[ 6  6 90]
[ 1  1 92]	[ 6  1 94]
[ 1  1 94]	[ 1  1 92]
[ 1  1 92]	[ 1  1 89]
[ 1  1 89]	[ 1  1 92]
[ 1  6 92]	[ 1  6 89]
[ 6  6 94]	[ 6  6 90]
[ 6  6 92]	[ 6  6 94]
[ 6  1 94]	[ 6  6 90]
[ 1  1 92]	[ 6  1 94]
[ 1  1 89]	[ 1  1 92]
[ 1  1 90]	[ 1  1 89]
[ 1  1 92]	[ 1  1 85]
[ 1  8 89]	[ 1  8 89]
[ 8  8 87]	[ 8  8 90]
[ 8  8 89]	[ 8  8 87]
[ 8  1 87]	[ 8  8 84]
[ 1  1 89]	[ 8  1 87]
[ 1  1 87]	[ 1  1 85]
[ 1  1 89]	[ 1  1 85]
[ 1  1 87]	[ 1  1 85]
[ 1  1 85]	[ 1  1 85]
[ 1  1 84]	[ 1  8 85]
[ 1  1 82]	[ 8  8 85]
[ 1  1 80]	[ 8  8 82]
[-1 -1 -1]	[ 8  8 80]
[-1  1 -1]	[ 8 13 77]
[ 1  1 80]	[13 13 68]
[ 1  1 78]	[13 13 73]
[ 1  8 77]	[13 13 75]
[ 8  8 75]	[13 13 76]
[ 8  8 76]	[13 13 75]
[ 8 13 75]	[13 10 73]
[13 13 73]	[10 10 69]
[13 13 75]	[10 10 73]
[13 13 73]	[10 10 75]
[13 13 71]	[10 10 76]
[13 13 68]	[10 10 75]
[13 13 73]	[10  6 73]
[13 13 73]	[ 6  6 70]
[13 13 75]	[ 6  6 73]
[13 13 76]	[ 6  6 75]
[13 13 75]	[ 6  6 76]
[13 13 76]	[ 6  6 75]
[13 13 73]	[ 6 12 73]
[13 13 75]	[12 12 75]
[13 13 76]	[12 12 75]
[13 13 73]	[12 12 76]
[13 13 73]	[12 12 78]
[13 13 73]	[12 12 75]
[13 13 73]	[12 12 71]
[13 13 71]	[12 12 73]
[13 13 73]	[12 13 75]
[13 13 73]	[13 13 68]
[13 13 75]	[13 13 73]
[13 13 76]	[13 13 75]
[13 13 73]	[13 13 76]
[13 13 71]	[13 13 75]
[13 13 73]	[13 10 73]
[13 13 73]	[10 10 69]
[13 13 75]	[10 10 73]
[13 13 76]	[10 10 75]
[13 13 75]	[10 10 76]
[13 13 76]	[10 10 75]
[13 13 73]	[10 12 73]
[13 13 75]	[12 12 75]
[13 13 76]	[12 12 75]
[13 12 73]	[12 12 76]
[12 12 75]	[12 12 78]
[12 12 73]	[12 12 75]
[12 12 75]	[12 12 71]
[12 12 76]	[12 12 75]
[12 12 75]	[12 20 78]
[12 12 73]	[20 20 78]
[12 13 71]	[20 20 76]
[13 13 73]	[20 13 75]
[13 13 75]	[13 13 73]
[13 13 76]	[13 13  0]
[13 13 78]	[13 13 73]
[13 13 80]	[13 13 76]
[13 13 78]	[13 13 80]
[13 13 75]	[13 13 85]
[13 13 76]	[13 13 80]
[13 13 78]	[13 18 76]
[13 13 80]	[18 18 78]
[13 13 78]	[18 18 80]
[13 13 75]	[18 18 81]
[13 13 73]	[18 18 80]
[13 13 71]	[18 18 76]
[13 13 73]	[18 10 73]
[13 13 75]	[10 10 69]
[13 13 73]	[10 10 73]
[13 13 73]	[10 10 76]
[13 13 73]	[10 10 68]
[13 13 75]	[10 10 73]
[13 13 76]	[10  8 76]
[13 13 75]	[ 8  8 76]
[13 13 73]	[ 8  8 75]
[13 13 75]	[ 8  8 73]
[13 13 76]	[ 8  8 72]
[13 13 75]	[ 8  8 73]
[13 13 76]	[ 8 13 75]
[13 13 78]	[13 13 73]
[13 13 80]	[13 13 76]
[13 13 78]	[13 13 80]
[13 13 75]	[13 13 85]
[13 13 76]	[13 13 80]
[13 13 78]	[13 18 76]
[13 13 80]	[18 18 78]
[13 13 78]	[18 18 80]
[13 13 75]	[18 18 81]
[13 13 73]	[18 18 80]
[13 13 71]	[18 18 76]
[13 13 73]	[18 10 73]
[13 13 75]	[10 10 69]
[13 13 73]	[10 10 73]
[13 13 73]	[10 10 76]
[13 13 75]	[10 10 68]
[13 13 76]	[10 10 73]
[13 13 75]	[10  8 76]
[13 13 73]	[ 8  8 75]
[13 13 73]	[ 8  8 73]
[13 13 71]	[ 8 13 72]
[13 13 73]	[13 13 73]
[13 13 73]	[13 13 68]
[13 13 75]	[13 13 73]
[13 13 76]	[13 13 75]
[13 13 73]	[13 13 76]
[13 13 71]	[13 13 75]
[13 13 73]	[13 10 73]
[13 13 73]	[10 10 69]
[13 13 75]	[10 10 73]
[13 13 73]	[10 10 75]
[13 13 71]	[10 10 76]
[13 13 68]	[10 10 75]
[13 13 73]	[10  6 73]
[13 13 73]	[ 6  6 70]
[13 13 75]	[ 6  6 73]
[13 13 76]	[ 6  6 75]
[13 13 75]	[ 6  6 76]
[13 13 76]	[ 6  6 75]
[13 13 73]	[ 6 12 73]
[13 13 75]	[12 12 75]
[13 13 76]	[12 12 75]
[13 13 73]	[12 12 76]
[13 13 73]	[12 12 78]
[13 13 73]	[12 12 75]
[13 13 73]	[12 12 71]
[13 13 71]	[12 12 73]
[13 13 73]	[12 13 75]
[13 13 73]	[13 13 68]
[13 13 75]	[13 13 73]
[13 13 76]	[13 13 75]
[13 13 73]	[13 13 76]
[13 13 71]	[13 13 75]
[13 13 73]	[13 10 73]
[13 13 73]	[10 10 69]
[13 13 75]	[10 10 73]
[13 13 76]	[10 10 75]
[13 13 75]	[10 10 76]
[13 13 76]	[10 10 75]
[13 13 73]	[10 12 73]
[13 13 75]	[12 12 75]
[13 13 76]	[12 12 75]
[13 12 73]	[12 12 76]
[12 12 75]	[12 12 78]
[12 12 73]	[12 12 75]
[12 12 75]	[12 12 71]
[12 12 76]	[12 12 75]
[12 12 75]	[12 20 78]
[12 12 73]	[20 20 78]
[12 13 71]	[20 20 76]
[13 13 73]	[20 13 75]
[13 13 80]	[13 13 73]
[13 13 85]	[13 13  0]
[13 13 87]	[13 13 80]
[13 13 88]	[13 13 85]
[13 13 90]	[13 13 88]
[13 13 92]	[13 13 92]
[13 13 92]	[13 13 88]
[13 13 90]	[13 18 92]
[13 13 92]	[18 18 93]
[13 13 90]	[18 18 92]
[13 13 88]	[18 18 90]
[13 13 85]	[18 18 92]
[13 13 83]	[18 18 88]
[13 13 85]	[18 10 85]
[13 13 87]	[10 10 81]
[13 13 85]	[10 10 85]
[13 13 87]	[10 10 88]
[13 13 88]	[10 10 80]
[13 13 87]	[10 10 85]
[13 13 88]	[10  8 88]
[13 13 87]	[ 8  8 88]
[13 13 85]	[ 8  8 87]
[13 13 87]	[ 8  8 85]
[13 13 85]	[ 8  8 84]
[13 13 83]	[ 8  8 85]
[13 13 85]	[ 8 13 87]
[13 13 87]	[13 13 80]
[13 13 88]	[13 13 85]
[13 13 90]	[13 13 88]
[13 13 92]	[13 13 92]
[13 13 90]	[13 18 92]
[13 13 92]	[18 18 93]
[13 13 90]	[18 18 92]
[13 13 88]	[18 18 90]
[13 13 87]	[18 18 92]
[13 13 88]	[18 18 88]
[13 13 87]	[18 10 85]
[13 13 85]	[10 10 81]
[13 13 83]	[10 10 85]
[13 13 85]	[10 10 88]
[13 13 87]	[10 10 80]
[13 13 88]	[10 10 85]
[13 13 87]	[10  8 88]
[13 13 85]	[ 8  8 87]
[13 13 87]	[ 8  8 85]
[13 13 85]	[ 8  8 84]
[13 13 83]	[ 8  8 85]
[13 13 85]	[ 8 13 85]
[13 13 87]	[13 13 80]
[13 13 88]	[13 13 85]
[13 13 90]	[13 13 88]
[13 13 92]	[13 13 92]
[13 13 92]	[13 13 88]
[13 13 90]	[13 18 92]
[13 13 92]	[18 18 93]
[13 13 90]	[18 18 92]
[13 13 88]	[18 18 90]
[13 13 85]	[18 18 92]
[13 13 83]	[18 18 88]
[13 13 85]	[18 10 85]
[13 13 87]	[10 10 81]
[13 13 85]	[10 10 85]
[13 13 87]	[10 10 88]
[13 13 88]	[10 10 80]
[13 13 87]	[10 10 85]
[13 13 88]	[10  8 88]
[13 13 87]	[ 8  8 88]
[13 13 85]	[ 8  8 87]
[13 13 87]	[ 8  8 85]
[13 13 88]	[ 8  8 84]
[13 13 85]	[ 8  8 85]
[13 13 87]	[ 8 13 87]
[13 13 88]	[13 13 80]
[13 13 87]	[13 13 85]
[13 13 88]	[13 13 87]
[13 13 87]	[13 13 88]
[13 13 88]	[13 13 87]
[13 13 87]	[13 10 85]
[13 13 88]	[10 10 81]
[13 13 87]	[10 10 85]
[13 13 88]	[10 10 87]
[13 13 87]	[10 10 88]
[13 12 88]	[10 10 87]
[12 12 87]	[10 12 85]
[12 12 88]	[12 12 87]
[12 12 87]	[12 12 90]
[12 12 88]	[12 12 87]
[12 12 90]	[12 12 83]
[12 12 88]	[12 12 87]
[12 12 90]	[12 20 90]
[12 12 88]	[20 20 90]
[12 12 87]	[20 20 88]
[-1 -1 -1]	[20 13 87]
[-1  1 -1]	[13  1 85]
[ 1  1 80]	[ 1  1 75]
[ 1  1 77]	[ 1  1 77]
[ 1  1 80]	[ 1  1 75]
[ 1  1 82]	[ 1  1 75]
[ 1  1 80]	[ 1  1 77]
[ 1  1 77]	[ 1  1 80]
[ 1  1 75]	[ 1  1 82]
[ 1  8 73]	[ 1  1 80]
[ 8  8 72]	[ 1  1 77]
[ 8  1 75]	[ 1  1 75]
[ 1  1 73]	[ 1  6 68]
[ 1  1 73]	[ 6  6 73]
[ 1  1 73]	[ 6  6 77]
[ 1  1 75]	[ 6  6 75]
[ 1  1 77]	[ 6  6 77]
[ 1  1 75]	[ 6  6 77]
[ 1  1 73]	[ 6  1 75]
[ 1  1 68]	[ 1  1 77]
[ 1  1 70]	[ 1  1 73]
[ 1  1 68]	[ 1  1 73]
[ 1  1 73]	[ 1  1 68]
[ 1  1 73]	[ 1  1 73]
[ 1  1 77]	[ 1  1 77]
[ 1  1 80]	[ 1  1 75]
[ 1  1 82]	[ 1  1 75]
[ 1  1 80]	[ 1  1 77]
[ 1  1 77]	[ 1  1 80]
[ 1  1 75]	[ 1  1 82]
[ 1  8 73]	[ 1  1 80]
[ 8  8 72]	[ 1  1 77]
[ 8  1 75]	[ 1  1 75]
[ 1  1 73]	[ 1  6 68]
[ 1  1 73]	[ 6  6 73]
[ 1  1 73]	[ 6  6 77]
[ 1  1 75]	[ 6  6 75]
[ 1  1 77]	[ 6  6 77]
[ 1  1 75]	[ 6  6 77]
[ 1  1 77]	[ 6  1 75]
[ 1  1 75]	[ 1  1 77]
[ 1  1 77]	[ 1  1 73]
[ 1  6 80]	[ 1  1 73]
[ 6  6 82]	[ 1  6 68]
[ 6  6 85]	[ 6  6 82]
[ 6  6 84]	[ 6  6 78]
[ 6  6 85]	[ 6  6 82]
[ 6  6 84]	[ 6  6 85]
[ 6  6 85]	[ 6  6 82]
[ 6  6 84]	[ 6  6 85]
[ 6  1 82]	[ 6  6 82]
[ 1  1 80]	[ 6  6 82]
[ 1  1 82]	[ 6  6 80]
[ 1  1 80]	[ 6  1 77]
[ 1  1 82]	[ 1  1 80]
[ 1  1 80]	[ 1  1 80]
[ 1  1 77]	[ 1  1 80]
[ 1  1 78]	[ 1  1 85]
[ 1  1 80]	[ 1  1 80]
[ 1  1 77]	[ 1  1 80]
[ 1  6 80]	[ 1  1 77]
[ 6  6 82]	[ 1  6 73]
[ 6  6 80]	[ 6  6 78]
[ 6  6 82]	[ 6  6 80]
[ 6  6 85]	[ 6  6 82]
[ 6  6 84]	[ 6  1 78]
[ 6  8 85]	[ 1  1 82]
[ 8  8 84]	[ 1  1 82]
[ 8  8 75]	[ 1  1 84]
[ 8  8 73]	[ 1  1 85]
[ 8  8 70]	[ 1  1 73]
[ 8  1 72]	[ 1  1 75]
[ 1  1 73]	[ 1  6 68]
[ 1  1 73]	[ 6  6 73]
[ 1  1 73]	[ 6  6 77]
[ 1  1 75]	[ 6  6 75]
[ 1  1 77]	[ 6  6 77]
[ 1  1 75]	[ 6  6 77]
[ 1  1 77]	[ 6  1 75]
[ 1  1 75]	[ 1  1 77]
[ 1  1 77]	[ 1  1 73]
[ 1  1 80]	[ 1 15 73]
[ 1  1 82]	[15 15 73]
[ 1  1 80]	[15 15 85]
[ 1  1 77]	[15  1 85]
[ 1  1 75]	[ 1  1 77]
[ 1  1 73]	[ 1 15 73]
[ 1  1 73]	[15 15 73]
[-1 -1 -1]	[15 15 73]
[-1  1 -1]	[15 13 68]
[ 1  1 80]	[13 13 80]
[ 1  8 77]	[13 13 78]
[ 8  8 78]	[13 13 76]
[ 8 13 75]	[13 13 75]
[13 13 73]	[13 13 76]
[13 13 75]	[13 13 73]
[13 13 76]	[13 13 73]
[13 13 78]	[13 13 76]
[13 13 76]	[13 13 73]
[13 13 75]	[13 13 80]
[13 13 73]	[13 13 73]
[13 13 76]	[13 13 76]
[13 13 78]	[13 13 73]
[13 13 76]	[13 13 73]
[13 13 75]	[13 13 80]
[13 13 76]	[13 13 78]
[13 13 75]	[13 13 76]
[13 13 76]	[13 13 75]
[13 13 75]	[13 13 76]
[13 13 76]	[13 13 73]
[13 13 75]	[13 12 73]
[13 13 76]	[12 12 75]
[13 13 75]	[12 12 71]
[13 13 76]	[12 12 78]
[13 12 73]	[12 12 76]
[12 12 75]	[12 12 75]
[12 13 78]	[12 12 71]
[13 13 76]	[12 13 71]
[13 13 75]	[13 13 80]
[13 13 76]	[13 13 78]
[13 13 75]	[13 13 76]
[13 13 73]	[13 13 75]
[13 13 73]	[13 13 76]
[13 13 75]	[13 13 73]
[13 13 76]	[13 13 73]
[13 13 78]	[13 13 76]
[13 13 76]	[13 13 73]
[13 13 75]	[13 13 80]
[13 13 73]	[13 13 73]
[13 13 76]	[13 13 76]
[13 13 78]	[13 13 73]
[13 13 76]	[13  5 73]
[13 13 75]	[ 5  5 80]
[13 13 76]	[ 5  5 78]
[13 13 75]	[ 5  5 76]
[13 13 76]	[ 5  5 75]
[13 13 78]	[ 5  5 76]
[13 13 80]	[ 5  5 78]
[13 13 85]	[ 5  5 80]
[13 13 83]	[ 5 12 82]
[13 13 80]	[12 12 83]
[13 13 78]	[12 12 80]
[13 13 76]	[12 12 78]
[13 13 73]	[12 12 76]
[13 13 73]	[12 12 75]
[13 13 85]	[12 12 71]
[13 13 85]	[12 12 71]
[13 13 87]	[12 12 83]
[13 13 88]	[12 12 83]
[13 13 87]	[12 12 85]
[13 13 88]	[12 12 87]
[13 13 85]	[12  6 88]
[13 13 85]	[ 6  6 87]
[13 13 83]	[ 6  6 83]
[13 13 85]	[ 6  6 85]
[13 13 85]	[ 6 12 82]
[13 13 87]	[12 12 83]
[13 13 88]	[12 12 83]
[13 13 87]	[12 12 85]
[13 13 88]	[12 12 87]
[13 13 85]	[12 20 88]
[13 13 83]	[20 20 87]
[13 13 85]	[20 20 80]
[13 13 85]	[20 12 80]
[13 13 87]	[12 12 83]
[13 13 88]	[12 12 83]
[13 13 87]	[12 12 85]
[13 13 88]	[12 12 87]
[13 12 85]	[12  6 88]
[12 12 87]	[ 6  6 87]
[12 12 83]	[ 6  6 83]
[12 12 85]	[ 6  6 85]
[12 12 83]	[ 6  6 82]
[12 12 80]	[ 6  6 83]
[12 12 78]	[ 6  6 80]
[12 12 76]	[ 6  6 78]
[12 12 73]	[ 6 12 76]
[12 12 75]	[12 12 75]
[12 12 83]	[12 12 71]
[12 12 85]	[12 12 71]
[12 12 87]	[12 12 83]
[12 12 88]	[12 12 83]
[12 12 90]	[12 12 85]
[12 12 88]	[12 12 87]
[12 12 85]	[12  5 88]
[12 12 87]	[ 5  5 87]
[12 12 85]	[ 5  5 83]
[12 12 87]	[ 5  5 85]
[12 12 88]	[ 5 12 82]
[12 12 90]	[12 12 83]
[12 12 88]	[12 12 87]
[12 12 90]	[12 12 90]
[12 12 88]	[12  6 87]
[12 12 90]	[ 6  6 88]
[12 12 92]	[ 6  6 87]
[12 12 88]	[ 6 12 88]
[12 12 90]	[12 12 90]
[12 12 88]	[12 12 87]
[12 12 87]	[12 12 88]
[12 12 88]	[12 12 87]
[12 12 85]	[12  5 85]
[12 12 87]	[ 5  5 87]
[12 12 83]	[ 5  5 83]
[12 12 85]	[ 5  5 85]
[12 12 83]	[ 5  6 82]
[12 12 80]	[ 6  6 83]
[12 12 78]	[ 6  6 80]
[12 12 76]	[ 6  6 78]
[12 12 73]	[ 6 12 76]
[12 12 75]	[12 12 75]
[12 12 78]	[12 12 71]
[12 12 80]	[12 12 71]
[12 12 78]	[12 12 75]
[12 12 80]	[12 12 78]
[12 12 78]	[12 12 83]
[12 12 80]	[12 12 78]
[12 12 78]	[12 12 75]
[12 12 80]	[12 12 78]
[12 12 78]	[12 12 83]
[12 12 80]	[12 12 78]
[12 12 78]	[12 12 75]
[12 12 80]	[12 12 78]
[12 12 78]	[12 12 83]
[12 12 75]	[12  6 78]
[12 12 71]	[ 6  6 75]
[12 12 78]	[ 6  6 73]
[12 12 80]	[ 6 12 73]
[12 12 78]	[12 12 75]
[12 12 80]	[12 12 78]
[12 12 78]	[12 12 83]
[12 12 80]	[12  5 78]
[12 12 78]	[ 5  5 80]
[12 12 83]	[ 5  5 78]
[12 12 85]	[ 5  5 80]
[12 12 83]	[ 5  6 82]
[12 12 80]	[ 6  6 83]
[12 12 78]	[ 6  6 80]
[12 12 76]	[ 6  6 78]
[12 12 73]	[ 6 12 76]
[12 12 75]	[12 12 75]
[12 12 78]	[12 12 71]
[12 12 80]	[12 12 71]
[12 12 78]	[12 12 75]
[12 12 80]	[12 12 78]
[12 12 78]	[12 12 83]
[12 12 80]	[12 12 78]
[12 12 78]	[12 12 75]
[12 12 80]	[12 12 78]
[12 12 78]	[12 12 83]
[12 12 80]	[12 12 78]
[12 12 85]	[12 12 75]
[12 12 87]	[12 12 78]
[12 12 88]	[12 12 83]
[12 12 87]	[12  6 85]
[12 12 88]	[ 6  6 87]
[12 12 87]	[ 6  6 85]
[12 12 85]	[ 6  5 85]
[12 12 87]	[ 5  5 87]
[12 12 83]	[ 5  5 83]
[12 12 85]	[ 5  5 85]
[12 12 83]	[ 5  5 82]
[12 12 80]	[ 5  5 83]
[12 12 78]	[ 5  5 80]
[12 12 78]	[ 5  5 78]
[12 12 83]	[ 5  6 75]
[12 12 80]	[ 6  6 76]
[12 12 78]	[ 6  6 80]
[12 12 76]	[ 6  6 78]
[12 12 75]	[ 6 12 76]
[-1 -1 -1]	[12 12 75]
[-1  1 -1]	[12 -1 71]
[ 1  1 80]	[-1 -1 85]
[ 1  1 77]	[-1  1 82]
[ 1  1 77]	[ 1  1 80]
[ 1  1 75]	[ 1  1 73]
[ 1  1 77]	[ 1  1 78]
[ 1  1 75]	[ 1  1 77]
[ 1  1 77]	[ 1  1 75]
[ 1  1 75]	[ 1  1 73]
[ 1  1 77]	[ 1  1 80]
[ 1  1 75]	[ 1  1 73]
[ 1  8 73]	[ 1  1 78]
[ 8  8 75]	[ 1  1 77]
[ 8  8 80]	[ 1  1 75]
[ 8  8 78]	[ 1 15 73]
[ 8  8 77]	[15 15 82]
[ 8  8 78]	[15 15 75]
[ 8  8 80]	[15 15 75]
[ 8  8 82]	[15 15 77]
[ 8  8 80]	[15 15 78]
[ 8  8 78]	[15 15 80]
[ 8  8 77]	[15 15 82]
[ 8  1 78]	[15  8 75]
[ 1  1 77]	[ 8  8 75]
[ 1  1 78]	[ 8  8 77]
[ 1  6 77]	[ 8  1 78]
[ 6  6 78]	[ 1  1 80]
[ 6  6 82]	[ 1  1 78]
[ 6  6 85]	[ 1  6 77]
[ 6  6 84]	[ 6  6 85]
[ 6  6 85]	[ 6  6 84]
[ 6  8 82]	[ 6  1 82]
[ 8  8 80]	[ 1  1 82]
[ 8  8 78]	[ 1  1 80]
[ 8  8 77]	[ 1  1 78]
[ 8  8 75]	[ 1  1 77]
[ 8  8 77]	[ 1  1 78]
[ 8  1 75]	[ 1  1 77]
[ 1  1 73]	[ 1  1 75]
[ 1  1 73]	[ 1  1 73]
[ 1  1 73]	[ 1  1 77]
[ 1  1 68]	[ 1  1 75]
[ 1  1 70]	[ 1  1 73]
[ 1  1 68]	[ 1  8 70]
[ 1  1 73]	[ 8  8 68]
[ 1  1 73]	[ 8  8 70]
[ 1  1 73]	[ 8  8 73]
[ 1  1 75]	[ 8  1 75]
[ 1  1 77]	[ 1  1 77]
[ 1  1 80]	[ 1  1 73]
[ 1  1 85]	[ 1  1 73]
[ 1  1 87]	[ 1  1 85]
[ 1  1 89]	[ 1  1 87]
[ 1  1 90]	[ 1  1 89]
[ 1  8 89]	[ 1  1 85]
[ 8  8 87]	[ 1  8 89]
[ 8  8 89]	[ 8  8 87]
[ 8  6 87]	[ 8  8 84]
[ 6  6 85]	[ 8 22 87]
[ 6  6 84]	[22 22 85]
[ 6  6 85]	[22 22 82]
[ 6  8 82]	[22 22 85]
[ 8  8 80]	[22 22 82]
[ 8  8 78]	[22 22 80]
[ 8  8 80]	[22 22 78]
[ 8  8 78]	[22 15 77]
[ 8  8 77]	[15 15 82]
[ 8  8 78]	[15 15 75]
[ 8  8 80]	[15 15 75]
[ 8  8 82]	[15 15 77]
[ 8  8 80]	[15 15 78]
[ 8  8 78]	[15  8 80]
[ 8  8 77]	[ 8  8 82]
[ 8  1 80]	[ 8  8 75]
[ 1  1 89]	[ 8  8 75]
[ 1  1 87]	[ 8  8 85]
[ 1  1 89]	[ 8  1 87]
[ 1  1 90]	[ 1  1 89]
[ 1  8 89]	[ 1  1 85]
[ 8  8 87]	[ 1  8 89]
[ 8  8 85]	[ 8  8 87]
[ 8  1 84]	[ 8  8 84]
[ 1  1 85]	[ 8 22 87]
[ 1  1 87]	[22 22 85]
[ 1  6 85]	[22 22 82]
[ 6  6 82]	[22 22 85]
[ 6  6 80]	[22 22 82]
[ 6  1 78]	[22 22 80]
[ 1  1 77]	[22 22 78]
[ 1  1 75]	[22 15 77]
[ 1  1 73]	[15 15 78]
[ 1  1 68]	[15 15 77]
[ 1  1 70]	[15 15 75]
[ 1  1 68]	[15  8 73]
[ 1  1 73]	[ 8  8 68]
[ 1  1 73]	[ 8  8 70]
[ 1  1 73]	[ 8  8 73]
[ 1  1 75]	[ 8  1 75]
[ 1  1 77]	[ 1  1 77]
[ 1  1 80]	[ 1  1 73]
[ 1  1 77]	[ 1  8 73]
[ 1  1 73]	[ 8  8 82]
[ 1  1 75]	[ 8  8 75]
[ 1  1 77]	[ 8  8 75]
[ 1  1 78]	[ 8  8 77]
[ 1  6 77]	[ 8  1 78]
[ 6  6 78]	[ 1  1 80]
[ 6  6 82]	[ 1  1 78]
[ 6  6 85]	[ 1  6 77]
[ 6  6 84]	[ 6  6 85]
[ 6  6 85]	[ 6  6 84]
[ 6  8 82]	[ 6  1 82]
[ 8  8 80]	[ 1  1 82]
[ 8  8 78]	[ 1  1 80]
[ 8  8 77]	[ 1  1 78]
[ 8  8 75]	[ 1  1 77]
[ 8  8 77]	[ 1  1 78]
[ 8  1 75]	[ 1  1 77]
[ 1  1 73]	[ 1  1 75]
[ 1  1 73]	[ 1  1 73]
[ 1  1 73]	[ 1  1 77]
[ 1  1 68]	[ 1  1 75]
[ 1  1 70]	[ 1  1 73]
[ 1  1 68]	[ 1  8 70]
[ 1  1 73]	[ 8  8 68]
[ 1  1 73]	[ 8  8 70]
[ 1  1 75]	[ 8  8 73]
[ 1  1 77]	[ 8  1 75]
[ 1  1 75]	[ 1  1 77]
[-1 -1 -1]	[ 1  1 73]
[-1  1 -1]	[ 1 -1 73]
[ 1  1 80]	[-1 -1 73]
[ 1  1 80]	[-1 -1 77]
[ 1  1 82]	[-1  1 80]
[ 1  1 80]	[ 1  8 85]
[ 1  1 82]	[ 8  8 84]
[ 1  1 80]	[ 8  1 82]
[ 1  1 82]	[ 1  1 80]
[ 1  1 80]	[ 1  1 82]
[ 1  1 77]	[ 1  1 80]
[ 1  8 73]	[ 1  1 77]
[ 8  8 75]	[ 1 22 73]
[ 8  8 73]	[22  1 68]
[ 8  1 72]	[ 1  1 73]
[ 1  1 73]	[ 1  1 72]
[ 1  1 80]	[ 1  1 73]
[ 1  1 77]	[ 1 22 77]
[ 1  8 73]	[22 22 82]
[ 8  8 75]	[22  8 80]
[ 8  8 72]	[ 8  8 72]
[ 8  8 75]	[ 8  8 72]
[ 8  8 77]	[ 8  8 68]
[ 8  8 85]	[ 8  8 72]
[ 8  8 84]	[ 8  8 75]
[ 8  8 82]	[ 8 22 84]
[ 8  8 80]	[22  8 82]
[ 8  8 78]	[ 8  8 80]
[ 8  8 75]	[ 8  8 78]
[ 8  8 68]	[ 8  8 75]
[ 8  8 70]	[ 8  8 72]
[ 8  1 72]	[ 8  8 68]
[ 1  1 73]	[ 8  8 68]
[ 1  1 77]	[ 8  8 72]
[ 1  6 80]	[ 8  8 75]
[ 6  6 82]	[ 8  8 80]
[ 6  6 80]	[ 8  8 82]
[ 6  1 78]	[ 8  1 80]
[ 1  1 77]	[ 1  1 77]
[ 1  1 80]	[ 1  1 77]
[ 1  1 82]	[ 1  1 73]
[ 1  1 80]	[ 1  1 77]
[ 1  1 82]	[ 1  1 80]
[ 1  1 80]	[ 1  8 85]
[ 1  1 82]	[ 8  8 84]
[ 1  1 80]	[ 8  1 82]
[ 1  1 77]	[ 1  1 80]
[ 1  1 73]	[ 1  1 82]
[ 1  1 68]	[ 1  1 80]
[ 1  1 70]	[ 1  1 77]
[ 1  1 68]	[ 1 22 73]
[ 1  1 73]	[22  1 68]
[ 1  1 75]	[ 1  1 73]
[ 1  1 77]	[ 1  1 72]
[ 1  6 80]	[ 1  1 73]
[ 6  6 82]	[ 1 15 77]
[ 6  6 80]	[15 15 82]
[ 6  6 77]	[15  6 80]
[ 6  6 75]	[ 6  6 78]
[ 6  6 73]	[ 6  6 78]
[ 6  6 73]	[ 6  6 73]
[ 6  6 75]	[ 6 15 71]
[ 6  1 78]	[15 15 70]
[ 1  1 77]	[15 15 73]
[ 1  6 80]	[15 15 77]
[ 6  6 82]	[15 15 78]
[ 6  6 84]	[15  6 82]
[ 6  6 85]	[ 6  6 85]
[ 6  6 84]	[ 6  6 85]
[ 6  1 82]	[ 6  6 84]
[ 1  1 80]	[ 6  1 85]
[ 1  1 82]	[ 1  1 80]
[ 1  1 80]	[ 1  1 85]
[ 1  1 73]	[ 1  1 84]
[ 1  1 70]	[ 1 17 85]
[ 1  1 68]	[17 17 77]
[ 1  6 68]	[17 17 68]
[ 6  6 70]	[17  6 69]
[ 6  6 68]	[ 6  6 70]
[ 6  6 70]	[ 6  6 68]
[ 6  6 70]	[ 6  6 70]
[ 6  6 68]	[ 6  8 71]
[ 6  1 70]	[ 8  8 72]
[ 1  1 68]	[ 8  8 70]
[ 1  1 68]	[ 8  1 68]
[ 1  1 70]	[ 1  1 73]
[ 1  1 68]	[ 1  1 73]
[ 1  1 73]	[ 1  1 68]
[ 1  1 85]	[ 1  1 73]
[ 1  1 87]	[ 1  1 77]
[ 1  1 89]	[ 1  1 80]
[ 1  1 87]	[ 1  8 89]
[ 1  1 85]	[ 8  1 87]
[ 1  1 84]	[ 1  1 85]
[ 1  1 82]	[ 1  1 87]
[ 1  1 80]	[ 1  1 85]
[ 1  1 73]	[ 1  1 80]
[ 1  1 73]	[ 1 22 78]
[ 1  1 77]	[22  1 77]
[ 1  1 80]	[ 1  1 68]
[ 1  1 82]	[ 1  1 73]
[ 1  1 84]	[ 1  1 77]
[ 1  6 85]	[ 1 22 80]
[ 6  6 87]	[22 22 85]
[ 6  8 85]	[22 22 82]
[ 8  8 87]	[22  8 83]
[ 8  8 89]	[ 8  8 84]
[ 8  1 90]	[ 8  8 84]
[ 1  1 89]	[ 8 22 90]
[ 1  1 85]	[22  8 89]
[ 1  1 82]	[ 8  8 87]
[ 1  1 80]	[ 8  8 84]
[ 1  8 77]	[ 8  8 80]
[ 8  8 75]	[ 8  8 77]
[ 8  8 75]	[ 8  8 75]
[ 8  8 77]	[ 8  8 68]
[ 8  1 78]	[ 8  8 72]
[ 1  1 80]	[ 8  8 75]
[ 1  1 77]	[ 8  8 80]
[ 1  1 75]	[ 8  8 82]
[ 1  1 73]	[ 8  1 80]
[ 1  1 73]	[ 1  1 77]
[ 1  1 77]	[ 1  1 77]
[ 1  1 80]	[ 1  1 68]
[ 1  1 85]	[ 1  1 73]
[ 1  1 87]	[ 1  1 77]
[ 1  1 89]	[ 1  1 80]
[ 1  1 87]	[ 1  8 89]
[ 1  1 85]	[ 8  1 87]
[ 1  1 84]	[ 1  1 85]
[ 1  1 82]	[ 1  1 87]
[ 1  1 80]	[ 1  1 85]
[ 1  1 73]	[ 1  1 80]
[ 1  1 73]	[ 1 22 78]
[ 1  1 77]	[22  1 77]
[ 1  1 80]	[ 1  1 68]
[ 1  1 82]	[ 1  1 73]
[ 1  1 84]	[ 1  1 77]
[ 1  1 85]	[ 1 15 80]
[ 1  1 82]	[15 15 85]
[ 1  6 80]	[15 15 84]
[ 6  6 78]	[15  6 83]
[ 6  6 75]	[ 6  6 82]
[ 6  6 73]	[ 6  6 82]
[ 6  6 70]	[ 6  6 73]
[ 6  6 73]	[ 6  6 72]
[ 6  6 75]	[ 6 15 71]
[ 6  6 77]	[15 15 70]
[ 6  6 78]	[15 15 73]
[ 6  6 80]	[15 15 78]
[ 6  6 82]	[15 15 81]
[ 6  6 84]	[15  6 82]
[ 6  6 85]	[ 6  6 85]
[ 6  6 84]	[ 6  6 85]
[ 6  1 82]	[ 6  6 84]
[ 1  1 80]	[ 6  1 85]
[ 1  1 82]	[ 1  1 80]
[ 1  1 80]	[ 1  1 85]
[ 1  1 73]	[ 1  1 84]
[ 1  1 70]	[ 1 17 85]
[ 1  1 68]	[17 17 77]
[ 1  6 68]	[17 17 68]
[ 6  6 70]	[17  6 69]
[ 6  6 68]	[ 6  6 70]
[ 6  6 70]	[ 6  6 68]
[ 6  6 70]	[ 6  6 70]
[ 6  6 68]	[ 6  8 71]
[ 6  1 70]	[ 8  8 72]
[ 1  1 68]	[ 8  8 70]
[ 1  1 73]	[ 8  1 68]
[1 1 0]	[ 1  1 73]
[1 1 0]	[ 1  1 73]
[-1 -1 -1]	[1 1 0]
[-1  1 -1]	[1 8 0]
[ 1  1 80]	[ 8  8 77]
[ 1  1 80]	[ 8  1 78]
[ 1  6 77]	[ 1  1 80]
[ 6  6 78]	[ 1  1 77]
[ 6  6 80]	[ 1  1 78]
[ 6  1 78]	[ 1  1 80]
[ 1  1 77]	[ 1  1 78]
[ 1  6 80]	[ 1  1 77]
[ 6  6 82]	[ 1  6 73]
[ 6  6 82]	[ 6  6 82]
[ 6  6 85]	[ 6  6 78]
[ 6  6 84]	[ 6  6 80]
[ 6  6 85]	[ 6  6 82]
[ 6  6 85]	[ 6  8 85]
[ 6  1 82]	[ 8  8 84]
[ 1  1 80]	[ 8  1 87]
[ 1  1 77]	[ 1  1 80]
[ 1  1 78]	[ 1  1 77]
[ 1  1 77]	[ 1 22 78]
[ 1  1 75]	[22 22 80]
[ 1  1 73]	[22 22 78]
[ 1  1 68]	[22 22 77]
[ 1  1 73]	[22 15 73]
[ 1  1 73]	[15 15 70]
[ 1  1 75]	[15 15 75]
[ 1  6 77]	[15 15 75]
[ 6  6 78]	[15 15 77]
[ 6  6 80]	[15  8 78]
[ 6  1 82]	[ 8  8 77]
[ 1  1 80]	[ 8  1 78]
[ 1  6 77]	[ 1  1 80]
[ 6  6 78]	[ 1  1 77]
[ 6  6 80]	[ 1  1 78]
[ 6  1 78]	[ 1  1 80]
[ 1  1 77]	[ 1  1 78]
[ 1  6 80]	[ 1  1 77]
[ 6  6 82]	[ 1  6 73]
[ 6  6 82]	[ 6  6 82]
[ 6  6 85]	[ 6  6 78]
[ 6  6 84]	[ 6  6 80]
[ 6  8 85]	[ 6  6 82]
[ 8  8 84]	[ 6  8 85]
[ 8  8 84]	[ 8  8 84]
[ 8  8 87]	[ 8  1 87]
[ 8  8 85]	[ 1  1 80]
[ 8  8 82]	[ 1  8 89]
[ 8  1 84]	[ 8  8 87]
[ 1  1 85]	[ 8 22 84]
[ 1  1 82]	[22 22 85]
[ 1  1 80]	[22 22 82]
[ 1  1 73]	[22 22 80]
[ 1  1 73]	[22 15 77]
[ 1  1 73]	[15 15 70]
[ 1  1 75]	[15 15 75]
[ 1  6 77]	[15 15 75]
[ 6  6 78]	[15  8 77]
[ 6  6 78]	[ 8  8 78]
[ 6  6 77]	[ 8  8 78]
[ 6  6 75]	[ 8  8 77]
[ 6  6 87]	[ 8  1 75]
[ 6  6 89]	[ 1  1 73]
[ 6  6 90]	[ 1  1 85]
[ 6  6 89]	[ 1 22 87]
[ 6  6 87]	[22 22 89]
[ 6  6 85]	[22 22 87]
[ 6  6 85]	[22 22 85]
[ 6  6 84]	[22  6 80]
[ 6  1 82]	[ 6  6 82]
[ 1  1 80]	[ 6  1 85]
[ 1  1 80]	[ 1  1 80]
[ 1  1 77]	[ 1 15 77]
[ 1  1 73]	[15 15 77]
[ 1  1 75]	[15  8 75]
[ 1  1 77]	[ 8  8 75]
[ 1  1 80]	[ 8  1 77]
[ 1  1 85]	[ 1  1 73]
[ 1  1 87]	[ 1  1 85]
[ 1  1 89]	[ 1 22 87]
[ 1  1 87]	[22 22 89]
[ 1  1 89]	[22 22 87]
[ 1  1 87]	[22 22 85]
[ 1  6 89]	[22 22 87]
[ 6  6 90]	[22  6 89]
[ 6  6 89]	[ 6  6 90]
[ 6  6 87]	[ 6  6 89]
[ 6  6 85]	[ 6  6 87]
[ 6  1 82]	[ 6 15 85]
[ 1  1 80]	[15 15 82]
[ 1  1 80]	[15  8 80]
[ 1  1 77]	[ 8  8 82]
[ 1  1 80]	[ 8  1 85]
[ 1  1 85]	[ 1  1 73]
[ 1  1 87]	[ 1  1 85]
[ 1  1 85]	[ 1 22 87]
[ 1  1 84]	[22 22 89]
[ 1  1 82]	[22 22 87]
[ 1  6 80]	[22 22 85]
[ 6  6 82]	[22  6 80]
[ 6  6 85]	[ 6  6 82]
[ 6  6 87]	[ 6  6 80]
[ 6  6 89]	[ 6  6 82]
[ 6  6 87]	[ 6  8 85]
[ 6  6 89]	[ 8  8 87]
[ 6  6 90]	[ 8  8 85]
[ 6  6 89]	[ 8  1 87]
[ 6  6 87]	[ 1  1 89]
[ 6  6 85]	[ 1  1 87]
[ 6  1 82]	[ 1  1 85]
[ 1  1 80]	[ 1 22 82]
[ 1  1 80]	[22 22 80]
[ 1  1 73]	[22 22 82]
[ 1  1 68]	[22 22 85]
[ 1  1 73]	[22 15 77]
[ 1  1 73]	[15 15 70]
[ 1  1 75]	[15 15 75]
[ 1  1 77]	[15 15 75]
[-1 -1 -1]	[15  8 77]
[-1  1 -1]	[ 8  1 78]
[ 1  1 80]	[ 1  1 79]
[ 1  1 82]	[ 1  1 80]
[ 1  1 80]	[ 1  1 80]
[ 1  1 82]	[ 1  1 80]
[ 1  1 80]	[ 1  1 82]
[ 1  1 77]	[ 1  1 80]
[ 1  1 75]	[ 1  1 79]
[ 1  1 73]	[ 1  1 80]
[ 1  1 68]	[ 1  1 77]
[ 1  1 65]	[ 1  1 73]
[ 1  1 66]	[ 1  1 68]
[ 1  1 65]	[ 1  1 68]
[ 1  1 68]	[ 1  1 68]
[ 1  1 73]	[ 1  1 68]
[ 1  1 75]	[ 1  1 73]
[ 1  6 77]	[ 1 15 77]
[ 6  6 78]	[15 15 77]
[ 6  6 80]	[15 15 78]
[ 6  1 82]	[15  8 78]
[ 1  1 80]	[ 8  8 79]
[ 1  1 77]	[ 8  8 80]
[ 1  6 80]	[ 8  8 80]
[ 6  6 82]	[ 8  8 80]
[ 6  6 82]	[ 8  8 82]
[ 6  6 80]	[ 8  8 80]
[ 6  6 82]	[ 8  8 84]
[ 6  6 80]	[ 8  8 82]
[ 6  6 82]	[ 8  8 80]
[ 6  6 80]	[ 8  8 82]
[ 6  6 82]	[ 8  8 84]
[ 6  6 80]	[ 8  8 82]
[ 6  1 78]	[ 8  8 80]
[ 1  1 77]	[ 8  8 78]
[ 1  1 75]	[ 8  8 77]
[ 1  6 73]	[ 8  1 75]
[ 6  6 70]	[ 1  1 73]
[ 6  1 73]	[ 1  8 70]
[ 1  1 80]	[ 8  8 70]
[ 1  1 82]	[ 8  1 68]
[ 1  1 80]	[ 1  1 79]
[ 1  1 82]	[ 1  1 80]
[ 1  1 80]	[ 1  1 80]
[ 1  1 82]	[ 1  1 80]
[ 1  1 80]	[ 1  1 82]
[ 1  1 77]	[ 1  1 80]
[ 1  1 75]	[ 1  1 79]
[ 1  1 73]	[ 1  1 80]
[ 1  1 68]	[ 1  1 77]
[ 1  1 65]	[ 1  1 73]
[ 1  1 66]	[ 1  1 68]
[ 1  1 65]	[ 1  1 68]
[ 1  1 68]	[ 1  1 68]
[ 1  1 73]	[ 1  1 68]
[ 1  1 75]	[ 1  1 73]
[ 1  1 77]	[ 1 15 77]
[ 1 15 80]	[15 15 77]
[15 15 78]	[15 15 78]
[15 15 77]	[15  8 78]
[15 15 75]	[ 8  8 77]
[15 15 77]	[ 8  8 78]
[15  8 73]	[ 8  8 78]
[ 8  8 72]	[ 8  8 78]
[ 8  8 68]	[ 8  8 74]
[ 8  8 70]	[ 8  8 75]
[ 8  8 68]	[ 8  8 71]
[ 8  8 68]	[ 8  8 72]
[ 8  8 70]	[ 8  8 67]
[ 8  8 68]	[ 8  8 68]
[ 8  8 70]	[ 8  8 68]
[ 8  1 72]	[ 8  8 70]
[ 1  1 73]	[ 8  8 72]
[ 1  1 73]	[ 8  8 73]
[ 1  1 68]	[ 8  8 77]
[ 1  1 70]	[ 8  1 75]
[ 1  1 68]	[ 1  1 73]
[ 1  1 65]	[ 1  1 73]
[ 1  1 66]	[ 1  1 68]
[ 1  1 65]	[ 1  1 68]
[ 1  1 68]	[ 1  1 68]
[ 1  1 65]	[ 1  1 68]
[ 1  1 66]	[ 1  1 70]
[ 1  1 65]	[ 1  1 68]
[ 1  1 68]	[ 1  1 67]
[ 1  1 65]	[ 1  1 68]
[ 1  1 66]	[ 1  1 70]
[ 1  1 65]	[ 1  1 68]
[ 1  1 66]	[ 1  1 68]
[ 1  1 65]	[ 1  1 68]
[ 1  1 68]	[ 1  1 68]
[ 1  1 73]	[ 1  1 68]
[ 1  1 72]	[ 1  1 73]
[ 1  1 73]	[ 1 15 77]
[ 1  8 77]	[15 15 74]
[ 8  8 75]	[15 15 75]
[ 8  8 73]	[15  8 75]
[ 8  8 75]	[ 8  8 72]
[ 8  8 73]	[ 8  8 72]
[ 8  8 75]	[ 8  8 72]
[ 8  8 73]	[ 8  8 72]
[ 8  8 75]	[ 8  8 73]
[ 8  8 73]	[ 8  8 72]
[ 8  1 70]	[ 8  8 71]
[ 1  1 68]	[ 8  8 72]
[ 1  1 70]	[ 8  8 67]
[ 1  1 68]	[ 8  8 68]
[ 1  1 65]	[ 8  8 72]
[ 1  1 66]	[ 8  8 70]
[ 1  1 68]	[ 8  8 68]
[ 1  1 65]	[ 8  1 67]
[ 1  1 63]	[ 1  1 70]
[ 1  1 65]	[ 1  1 68]
[ 1  1 65]	[ 1  1 65]
[ 1  1 66]	[ 1  1 68]
[ 1  1 65]	[ 1  1 68]
[ 1  1 68]	[ 1  1 68]
[ 1  1 65]	[ 1  1 68]
[ 1  1 66]	[ 1  1 70]
[ 1  1 65]	[ 1  1 68]
[ 1  1 68]	[ 1  1 67]
[ 1  1 65]	[ 1  1 68]
[ 1  1 66]	[ 1  1 70]
[ 1  1 65]	[ 1  1 68]
[ 1  1 68]	[ 1  1 68]
[ 1  1 70]	[ 1  1 68]
[ 1  1 73]	[ 1  1 68]
[ 1  1 75]	[ 1  1 68]
[ 1 15 73]	[ 1  1 73]
[15 15 75]	[ 1 15 77]
[15 15 77]	[15 15 74]
[15 15 78]	[15 15 75]
[15 15 77]	[15  8 75]
[15 15 75]	[ 8  8 77]
[15 15 77]	[ 8  8 78]
[15  8 73]	[ 8  8 78]
[ 8  8 72]	[ 8  8 78]
[ 8  8 68]	[ 8  8 74]
[ 8  8 70]	[ 8  8 75]
[ 8  8 68]	[ 8  8 71]
[ 8  8 68]	[ 8  8 72]
[ 8  8 70]	[ 8  8 67]
[ 8  8 68]	[ 8  8 68]
[ 8  8 70]	[ 8  8 68]
[ 8  1 72]	[ 8  8 70]
[ 1  1 73]	[ 8  8 72]
[ 1  1 73]	[ 8  8 73]
[ 1  1 75]	[ 8  8 77]
[-1 -1 -1]	[ 8  1 75]
[-1  1 -1]	[ 1 -1 73]
[ 1  1 80]	[-1 -1 68]
[ 1  1 78]	[-1 -1 73]
[ 1  1 80]	[-1  1 75]
[ 1  8 77]	[ 1  1 77]
[ 8  8 75]	[ 1  1 77]
[ 8  8 68]	[ 1  1 75]
[ 8  8 70]	[ 1  6 73]
[ 8  1 72]	[ 6  6 70]
[ 1  1 73]	[ 6  6 70]
[ 1  1 75]	[ 6  6 73]
[ 1  1 77]	[ 6  1 75]
[ 1  1 77]	[ 1  1 77]
[ 1  6 80]	[ 1  6 80]
[ 6  6 82]	[ 6  6 78]
[ 6  6 82]	[ 6  8 82]
[ 6  6 80]	[ 8  8 80]
[ 6  6 82]	[ 8  8 80]
[ 6  6 84]	[ 8  8 82]
[ 6  6 85]	[ 8  8 84]
[ 6  6 84]	[ 8  8 85]
[ 6  1 82]	[ 8  8 84]
[ 1  1 80]	[ 8  8 82]
[ 1  6 77]	[ 8  8 80]
[ 6  6 78]	[ 8  8 80]
[ 6  6 80]	[ 8  8 78]
[ 6  1 82]	[ 8  8 77]
[ 1  1 80]	[ 8  3 78]
[ 1  1 77]	[ 3  3 80]
[ 1  1 75]	[ 3  3 85]
[ 1  8 73]	[ 3  3 77]
[ 8  8 72]	[ 3  8 73]
[ 8  1 75]	[ 8  8 75]
[ 1  1 73]	[ 8  8 75]
[ 1  1 73]	[ 8  8 73]
[ 1  1 75]	[ 8  1 75]
[ 1  8 73]	[ 1  1 77]
[ 8  8 75]	[ 1  1 77]
[ 8  8 68]	[ 1  1 75]
[ 8  8 70]	[ 1  6 73]
[ 8  1 72]	[ 6  6 70]
[ 1  1 73]	[ 6  6 70]
[ 1  1 75]	[ 6  6 73]
[ 1  1 77]	[ 6  1 75]
[ 1  1 77]	[ 1  1 77]
[ 1  6 80]	[ 1  6 80]
[ 6  6 82]	[ 6  6 78]
[ 6  6 82]	[ 6  8 82]
[ 6  6 80]	[ 8  8 80]
[ 6  6 82]	[ 8  8 80]
[ 6  6 84]	[ 8  8 82]
[ 6  6 85]	[ 8  8 84]
[ 6  6 84]	[ 8  8 85]
[ 6  1 82]	[ 8  8 84]
[ 1  1 80]	[ 8  8 82]
[ 1  6 77]	[ 8  8 80]
[ 6  6 78]	[ 8  8 80]
[ 6  6 80]	[ 8  8 78]
[ 6  1 82]	[ 8  8 77]
[ 1  1 80]	[ 8  1 78]
[ 1  1 80]	[ 1  1 80]
[ 1  1 77]	[ 1  8 85]
[ 1  1 80]	[ 8  8 77]
[ 1  1 85]	[ 8  1 75]
[ 1  1 89]	[ 1  1 73]
[ 1  1 87]	[ 1  1 85]
[ 1  1 85]	[ 1  1 87]
[ 1  1 89]	[ 1  1 89]
[ 1  1 87]	[ 1  1 80]
[ 1  8 85]	[ 1  1 85]
[ 8  8 84]	[ 1  8 89]
[ 8  8 87]	[ 8  8 87]
[ 8  8 85]	[ 8  8 80]
[ 8  1 84]	[ 8  8 84]
[ 1  1 85]	[ 8  8 87]
[ 1  1 85]	[ 8  8 85]
[ 1  1 84]	[ 8  8 84]
[ 1  1 82]	[ 8  8 82]
[ 1  1 80]	[ 8  8 85]
[ 1  1 78]	[ 8  8 80]
[ 1  6 80]	[ 8  8 78]
[ 6  6 82]	[ 8  8 77]
[ 6  6 82]	[ 8  8 82]
[ 6  6 80]	[ 8  8 80]
[ 6  6 82]	[ 8  8 78]
[ 6  6 80]	[ 8  1 82]
[ 6  1 78]	[ 1  1 80]
[ 1  1 77]	[ 1  1 78]
[ 1  1 78]	[ 1  1 77]
[ 1  1 80]	[ 1  3 78]
[ 1  1 77]	[ 3  3 80]
[ 1  1 75]	[ 3  3 85]
[ 1  1 77]	[ 3  3 77]
[ 1  1 80]	[ 3  8 73]
[ 1  1 85]	[ 8  8 75]
[ 1  1 87]	[ 8  8 85]
[ 1  1 85]	[ 8  1 87]
[ 1  1 89]	[ 1  1 89]
[ 1  1 87]	[ 1  1 80]
[ 1  8 85]	[ 1  1 85]
[ 8  8 84]	[ 1  8 89]
[ 8  8 87]	[ 8  8 87]
[ 8  8 85]	[ 8  8 80]
[ 8  1 84]	[ 8  8 84]
[ 1  1 85]	[ 8  8 87]
[ 1  1 85]	[ 8  8 85]
[ 1  1 84]	[ 8  8 84]
[ 1  1 82]	[ 8  8 82]
[ 1  1 80]	[ 8  8 85]
[ 1  1 78]	[ 8  8 80]
[ 1  1 80]	[ 8  8 78]
[ 1  1 77]	[ 8  8 77]
[ 1  1 77]	[ 8  8 82]
[ 1  6 80]	[ 8  8 73]
[ 6  6 82]	[ 8  8 78]
[ 6  6 80]	[ 8  1 82]
[ 6  1 78]	[ 1  1 80]
[ 1  1 77]	[ 1  1 78]
[ 1  1 78]	[ 1  1 77]
[ 1  1 80]	[ 1  1 78]
[ 1  1 80]	[ 1  1 80]
[ 1  1 77]	[ 1  8 85]
[ 1  1 80]	[ 8  8 77]
[ 1  1 85]	[ 8  1 75]
[ 1  1 89]	[ 1  1 73]
[ 1  1 87]	[ 1  1 85]
[ 1  1 85]	[ 1  1 87]
[ 1  1 89]	[ 1  1 89]
[ 1  1 87]	[ 1  1 80]
[ 1  8 85]	[ 1  1 85]
[ 8  8 84]	[ 1  8 89]
[ 8  8 87]	[ 8  8 87]
[ 8  8 85]	[ 8  8 80]
[ 8  1 84]	[ 8  8 84]
[ 1  1 85]	[ 8  8 87]
[ 1  1 85]	[ 8  8 85]
[ 1  1 84]	[ 8  8 84]
[ 1  1 82]	[ 8  8 82]
[ 1  1 80]	[ 8  8 85]
[ 1  1 78]	[ 8  8 80]
[ 1  6 80]	[ 8  8 78]
[ 6  6 82]	[ 8  8 77]
[ 6  6 82]	[ 8  8 82]
[ 6  6 80]	[ 8  8 80]
[ 6  6 82]	[ 8  8 78]
[ 6  6 80]	[ 8  1 82]
[ 6  1 78]	[ 1  1 80]
[ 1  1 77]	[ 1  1 78]
[ 1  1 78]	[ 1  1 77]
[ 1  1 80]	[ 1  3 78]
[ 1  1 77]	[ 3  3 80]
[ 1  1 75]	[ 3  3 85]
[ 1  8 73]	[ 3  3 77]
[ 8  8 72]	[ 3  8 73]
[ 8  1 75]	[ 8  8 75]
[ 1  1 73]	[ 8  8 75]
[ 1  1 73]	[ 8  8 73]
[ 1  1 75]	[ 8  1 75]
[ 1  8 73]	[ 1  1 77]
[ 8  8 75]	[ 1  1 77]
[ 8  8 68]	[ 1  1 75]
[ 8  8 70]	[ 1  6 73]
[ 8  1 72]	[ 6  6 70]
[ 1  1 73]	[ 6  6 70]
[ 1  1 75]	[ 6  6 73]
[ 1  1 77]	[ 6  1 75]
[ 1  1 77]	[ 1  1 77]
[ 1  6 80]	[ 1  6 80]
[ 6  6 82]	[ 6  6 78]
[ 6  6 82]	[ 6  8 82]
[ 6  6 80]	[ 8  8 80]
[ 6  6 82]	[ 8  8 80]
[ 6  6 84]	[ 8  8 82]
[ 6  6 85]	[ 8  8 84]
[ 6  6 84]	[ 8  8 85]
[ 6  1 82]	[ 8  8 84]
[ 1  1 80]	[ 8  8 82]
[ 1  6 77]	[ 8  8 80]
[ 6  6 78]	[ 8  8 80]
[ 6  6 80]	[ 8  8 78]
[ 6  1 82]	[ 8  8 77]
[ 1  1 80]	[ 8  1 78]
[ 1  1 78]	[ 1  1 80]
[ 1  8 77]	[ 1  8 85]
[ 8  8 75]	[ 8  8 77]
[-1 -1 -1]	[ 8  1 75]
[-1  1 -1]	[ 1  1 73]
[ 1  1 80]	[ 1  1 73]
[ 1  1 78]	[ 1  1 80]
[ 1 12 77]	[ 1  1 80]
[12 12 78]	[ 1  1 80]
[12 12 80]	[ 1  1 78]
[12 12 78]	[ 1 12 75]
[12 12 80]	[12 12 78]
[12 12 78]	[12 12 75]
[12 12 80]	[12 12 78]
[12 12 78]	[12 12 80]
[12 12 76]	[12 12 78]
[12  5 78]	[12  1 75]
[ 5  5 80]	[ 1  1 73]
[ 5  5 78]	[ 1  1 80]
[ 5 12 80]	[ 1  1 80]
[12 12 78]	[ 1  1 80]
[12 12 80]	[ 1  1 78]
[12 12 78]	[ 1 12 75]
[12 12 75]	[12 12 78]
[12 12 73]	[12 12 75]
[12 12 75]	[12 12 71]
[12 13 78]	[12 12 71]
[13 13 80]	[12 12 71]
[13 13 78]	[12  1 80]
[13 13 80]	[ 1  1 73]
[13 13 78]	[ 1  1 80]
[13 12 80]	[ 1  1 80]
[12 12 78]	[ 1  1 80]
[12 12 80]	[ 1  1 78]
[12 12 78]	[ 1 12 75]
[12 12 80]	[12 12 78]
[12 12 78]	[12 12 75]
[12 12 80]	[12 12 78]
[12 12 83]	[12 12 80]
[12 12 85]	[12 12 78]
[12 12 83]	[12 12 80]
[12 12 83]	[12 12 83]
[12 12 80]	[12 12 82]
[12 12 78]	[12 12 80]
[12 12 76]	[12 12 78]
[12 13 78]	[12 12 75]
[13 13 80]	[12  1 78]
[13 13 85]	[ 1  1 80]
[13 13 83]	[ 1  1 80]
[13 13 80]	[ 1  1 85]
[13 13 85]	[ 1  1 80]
[13 13 83]	[ 1 12 80]
[13 13 80]	[12 12 83]
[13 13 85]	[12 12 80]
[13 13 83]	[12  1 78]
[13 13 80]	[ 1  1 85]
[13 13 85]	[ 1  1 80]
[13 13 83]	[ 1 12 80]
[13 13 85]	[12 12 83]
[13 13 83]	[12  1 80]
[13 13 80]	[ 1  1 85]
[13 13 85]	[ 1  1 80]
[13 13 83]	[ 1 12 80]
[13 12 80]	[12 12 83]
[12 12 78]	[12 12 80]
[12 12 76]	[12 12 78]
[12 12 75]	[12 12 78]
[12 12 73]	[12 12 75]
[12 12 75]	[12 12 71]
[12 13 78]	[12 12 71]
[13 13 80]	[12 12 71]
[13 13 78]	[12  1 80]
[13 13 80]	[ 1  1 85]
[13 13 85]	[ 1  1 80]
[13 13 83]	[ 1 12 80]
[13 13 80]	[12 12 83]
[13 13 85]	[12 12 80]
[13 13 83]	[12  1 78]
[13 13 80]	[ 1  1 85]
[13 12 82]	[ 1  1 80]
[12 12 83]	[ 1 12 80]
[12 12 85]	[12 12 83]
[12 12 83]	[12 12 80]
[12 12 83]	[12 12 83]
[12 12 80]	[12 12 82]
[12 12 78]	[12 12 80]
[12 12 76]	[12 12 78]
[12 13 78]	[12 12 75]
[13 13 76]	[12  1 78]
[13 13 75]	[ 1  1 80]
[13 13 76]	[ 1  1 80]
[13 13 78]	[ 1  1 73]
[13 12 80]	[ 1 12 80]
[12 12 78]	[12 12 80]
[12 12 80]	[12 12 78]
[12 12 78]	[12 12 75]
[12 12 76]	[12 12 78]
[12 13 78]	[12 12 75]
[13 13 80]	[12  1 78]
[13 13 78]	[ 1  1 80]
[13 13 80]	[ 1  1 78]
[13 13 85]	[ 1  1 80]
[13 13 83]	[ 1  1 73]
[13 12 80]	[ 1 12 80]
[12 12 78]	[12 12 80]
[12 12 80]	[12 12 78]
[12 12 78]	[12 12 75]
[12 12 75]	[12 12 78]
[12 12 73]	[12 12 75]
[12 12 75]	[12 12 71]
[12 12 73]	[12 12 71]
[12 12 75]	[12 12 71]
[12 12 78]	[12  1 75]
[12 12 83]	[ 1  1 73]
[12 12 80]	[ 1 12 80]
[12 12 83]	[12 12 80]
[12 12 80]	[12 12 78]
[12 12 83]	[12 12 87]
[12 12 80]	[12 12 78]
[12 12 78]	[12 12 87]
[12 12 80]	[12  1 78]
[12 12 83]	[ 1  1 80]
[12 12 85]	[ 1  1 78]
[12 12 83]	[ 1 12 80]
[12 12 83]	[12 12 83]
[12 12 80]	[12 12 82]
[12 12 78]	[12 12 80]
[12 12 76]	[12 12 78]
[12 13 78]	[12 12 75]
[13 13 80]	[12  1 78]
[13 13 78]	[ 1  1 80]
[13 13 80]	[ 1  1 80]
[13 13 85]	[ 1  1 80]
[13 13 85]	[ 1  1 85]
[13 13 83]	[ 1 12 85]
[13 13 80]	[12 12 83]
[13 13 78]	[12 12 80]
[13 13 80]	[12  1 78]
[13 13 85]	[ 1  1 80]
[13 13 85]	[ 1  1 85]
[13 13 80]	[ 1 12 85]
[13 13 78]	[12 12 83]
[13 13 80]	[12  1 78]
[13 13 85]	[ 1  1 80]
[13 13 85]	[ 1  1 85]
[13 13 83]	[ 1 12 85]
[13 12 80]	[12 12 83]
[12 12 78]	[12 12 80]
[12 12 76]	[12 12 78]
[12 12 75]	[12 12 78]
[12 12 73]	[12 12 75]
[12 12 75]	[12 12 71]
[12 13 78]	[12 12 71]
[13 13 80]	[12 12 71]
[13 13 85]	[12  1 80]
[13 13 87]	[ 1  1 80]
[13 13 85]	[ 1  1 85]
[13 13 83]	[ 1 12 85]
[13 13 80]	[12 12 83]
[13 13 78]	[12 12 80]
[13 13 80]	[12  1 78]
[13 13 85]	[ 1  1 80]
[13 13 85]	[ 1  1 85]
[13 13 83]	[ 1 12 85]
[13 12 85]	[12 12 83]
[12 12 83]	[12 12 80]
[12 12 83]	[12 12 83]
[12 12 80]	[12 12 82]
[12 12 78]	[12 12 80]
[12 12 80]	[12 12 78]
[12 12 78]	[12 12 75]
[-1 -1 -1]	[12  1 78]
[-1  1 -1]	[ 1 -1 80]
[ 1  1 80]	[-1  1 68]
[ 1  1 73]	[ 1  1 73]
[ 1  1 75]	[ 1  8 73]
[ 1  1 73]	[ 8  8 72]
[ 1  1 68]	[ 8  8 73]
[ 1  1 70]	[ 8  1 75]
[ 1  1 68]	[ 1  1 73]
[ 1  1 70]	[ 1  1 73]
[ 1  1 73]	[ 1  1 73]
[ 1  1 75]	[ 1  1 68]
[ 1  1 77]	[ 1  1 77]
[ 1  1 75]	[ 1  8 77]
[ 1  1 77]	[ 8  8 75]
[ 1  1 75]	[ 8  8 77]
[ 1  1 73]	[ 8  1 78]
[ 1  1 75]	[ 1  1 77]
[ 1  1 77]	[ 1  1 77]
[ 1  8 80]	[ 1  6 77]
[ 8  8 78]	[ 6  6 78]
[ 8  8 77]	[ 6  8 78]
[ 8  1 75]	[ 8  8 75]
[ 1  1 73]	[ 8  1 78]
[ 1  1 73]	[ 1  1 77]
[ 1  1 75]	[ 1  1 77]
[ 1  8 73]	[ 1  1 73]
[ 8  8 75]	[ 1 15 77]
[ 8  8 77]	[15 15 75]
[ 8  1 75]	[15 15 77]
[ 1  1 73]	[15  3 75]
[ 1  1 68]	[ 3  3 73]
[ 1  1 70]	[ 3  3 72]
[ 1  1 73]	[ 3  8 70]
[ 1  1 73]	[ 8  8 68]
[ 1  1 75]	[ 8  1 80]
[ 1  8 73]	[ 1  1 73]
[ 8  8 75]	[ 1  8 73]
[ 8  8 77]	[ 8  8 72]
[ 8  1 75]	[ 8  8 73]
[ 1  1 73]	[ 8  1 75]
[ 1  1 68]	[ 1  1 73]
[ 1  1 70]	[ 1  1 73]
[ 1  1 73]	[ 1  1 73]
[ 1  1 75]	[ 1  1 68]
[ 1  1 77]	[ 1  1 77]
[ 1  1 75]	[ 1  8 77]
[ 1  1 77]	[ 8  8 75]
[ 1  1 75]	[ 8  8 77]
[ 1  1 73]	[ 8  1 78]
[ 1  1 75]	[ 1  1 77]
[ 1  1 77]	[ 1 22 77]
[ 1  8 73]	[22  6 77]
[ 8  8 75]	[ 6  6 78]
[ 8  8 80]	[ 6  8 75]
[ 8  8 82]	[ 8  8 72]
[ 8  8 80]	[ 8  1 82]
[ 8  1 78]	[ 1  1 80]
[ 1  1 77]	[ 1  5 78]
[ 1  1 78]	[ 5  5 77]
[ 1  1 80]	[ 5  6 80]
[ 1  1 82]	[ 6  6 80]
[ 1  1 80]	[ 6  6 82]
[ 1  1 78]	[ 6  8 80]
[ 1  8 77]	[ 8  8 78]
[ 8  8 75]	[ 8  8 77]
[8 8 0]	[ 8  8 75]
[8 8 0]	[ 8  8 73]
[ 8  8 78]	[8 8 0]
[ 8  8 77]	[8 8 0]
[ 8  8 78]	[ 8  8 75]
[ 8  8 75]	[ 8  8 75]
[ 8  8 77]	[ 8  3 77]
[ 8  8 78]	[ 3  3 77]
[ 8  8 82]	[ 3  8 75]
[ 8  8 80]	[ 8  8 75]
[ 8  8 78]	[ 8  8 84]
[ 8  8 77]	[ 8  3 80]
[ 8  8 78]	[ 3  3 75]
[ 8  8 80]	[ 3  8 75]
[ 8  8 82]	[ 8  8 75]
[ 8  8 80]	[ 8  3 84]
[ 8  8 82]	[ 3  3 84]
[ 8  1 84]	[ 3  3 82]
[ 1  1 85]	[ 3  3 84]
[ 1  1 80]	[ 3  3 85]
[ 1  1 77]	[ 3  3 85]
[ 1  8 73]	[ 3  3 85]
[ 8  8 75]	[ 3  3 75]
[ 8  8 77]	[ 3  3 75]
[ 8  1 75]	[ 3  3 78]
[ 1  1 73]	[ 3  3 78]
[ 1  1 73]	[ 3  3 77]
[ 1  1 73]	[ 3  3 77]
[ 1  1 73]	[ 3  3 75]
[ 1  1 77]	[ 3  3 75]
[ 1  6 80]	[ 3  3 75]
[ 6  6 82]	[ 3  3 80]
[ 6  6 80]	[ 3  3 82]
[ 6  1 78]	[ 3  3 80]
[ 1  1 80]	[ 3  3 78]
[ 1  1 78]	[ 3  8 77]
[ 1  8 77]	[ 8  8 77]
[ 8  8 75]	[ 8  8 76]
[ 8  8 77]	[ 8  8 75]
[ 8  8 78]	[ 8  8 75]
[ 8  8 75]	[ 8  8 75]
[ 8  8 77]	[ 8  8 77]
[ 8  8 78]	[ 8  8 77]
[ 8  8 82]	[ 8  8 75]
[ 8  8 80]	[ 8  8 75]
[ 8  8 78]	[ 8  8 84]
[ 8  8 77]	[ 8  8 80]
[ 8  8 85]	[ 8  8 75]
[ 8  8 84]	[ 8  8 75]
[ 8  8 82]	[ 8  8 87]
[ 8  8 80]	[ 8  8 80]
[ 8  1 78]	[ 8  8 80]
[ 1  1 77]	[ 8  1 78]
[ 1  1 78]	[ 1  1 77]
[ 1  1 80]	[ 1  1 77]
[ 1  1 78]	[ 1  1 77]
[ 1  1 80]	[ 1  1 77]
[ 1  1 82]	[ 1  1 77]
[ 1  1 80]	[ 1  1 85]
[ 1  8 77]	[ 1  1 85]
[ 8  8 80]	[ 1  8 77]
[ 8  8 82]	[ 8  8 75]
[ 8  8 84]	[ 8  8 84]
[ 8  8 80]	[ 8  8 84]
[ 8  8 78]	[ 8  3 80]
[ 8  8 77]	[ 3  3 78]
[ 8  8 75]	[ 3  3 75]
[ 8  8 77]	[ 3  3 75]
[ 8  8 75]	[ 3  3 77]
[8 8 0]	[ 3  3 78]
[8 8 0]	[ 3  3 80]
[ 8  8 68]	[3 3 0]
[ 8  8 72]	[3 3 0]
[ 8  8 75]	[ 3  1 68]
[ 8  8 73]	[ 1  1 73]
[ 8  1 72]	[ 1  8 73]
[ 1  1 73]	[ 8  8 72]
[ 1  1 68]	[ 8  8 73]
[ 1  1 70]	[ 8  1 75]
[ 1  1 68]	[ 1  1 73]
[ 1  1 70]	[ 1  1 73]
[ 1  1 73]	[ 1  1 73]
[ 1  1 75]	[ 1  1 68]
[ 1  1 77]	[ 1  1 77]
[ 1  1 75]	[ 1  8 77]
[ 1  1 77]	[ 8  8 75]
[ 1  1 75]	[ 8  8 77]
[ 1  1 73]	[ 8  1 78]
[ 1  1 75]	[ 1  1 77]
[ 1  1 77]	[ 1 22 77]
[ 1  8 73]	[22  6 77]
[ 8  8 75]	[ 6  6 78]
[ 8  8 80]	[ 6  8 75]
[ 8  8 82]	[ 8  8 72]
[ 8  8 80]	[ 8  1 82]
[ 8  1 78]	[ 1  1 80]
[ 1  1 77]	[ 1  5 78]
[ 1  1 78]	[ 5  5 77]
[ 1  1 80]	[ 5  6 80]
[ 1  1 82]	[ 6  6 80]
[ 1  1 80]	[ 6  6 82]
[ 1  1 78]	[ 6  8 80]
[ 1  8 77]	[ 8  8 78]
[ 8  8 75]	[ 8  8 77]
[8 8 0]	[ 8  8 75]
[8 8 0]	[ 8  8 73]
[8 8 0]	[8 8 0]
[ 8  8 68]	[8 8 0]
[ 8  1 66]	[ 8  6 71]
[ 1  1 65]	[ 6  6 70]
[ 1  1 68]	[ 6  6 65]
[ 1  1 73]	[ 6  6 66]
[ 1  1 73]	[ 6  6 70]
[ 1  1 68]	[ 6  6 75]
[ 1  1 70]	[ 6  6 73]
[ 1  1 68]	[ 6  6 73]
[ 1  1 70]	[ 6  6 72]
[ 1  1 68]	[ 6  6 73]
[ 1  1 66]	[ 6  6 73]
[ 1  1 65]	[ 6  6 70]
[ 1  1 68]	[ 6  6 65]
[ 1  1 73]	[ 6  6 66]
[ 1  1 68]	[ 6  6 70]
[ 1  1 70]	[ 6  6 75]
[ 1  1 68]	[ 6  6 73]
[ 1  1 61]	[ 6  6 73]
[ 1  1 61]	[ 6  6 73]
[ 1  1 61]	[ 6  6 65]
[ 1  1 65]	[ 6  6 65]
[ 1  1 66]	[ 6 20 66]
[ 1  1 65]	[20  3 68]
[ 1  6 68]	[ 3 20 67]
[ 6  6 70]	[20 20 68]
[ 6  6 68]	[20 20 63]
[ 6  1 66]	[20 20 72]
[ 1  1 65]	[20 20 70]
[ 1  1 66]	[20 20 68]
[ 1  1 65]	[20  3 68]
[ 1  1 68]	[ 3  3 67]
[ 1  1 65]	[ 3  3 68]
[ 1  1 66]	[ 3 20 70]
[ 1  1 65]	[20 20 68]
[ 1  1 66]	[20  1 68]
[ 1  1 68]	[ 1  1 68]
[ 1  8 73]	[ 1  1 69]
[ 8  8 75]	[ 1  1 70]
[ 8  8 77]	[ 1  8 72]
[ 8  8 75]	[ 8  8 72]
[ 8  8 77]	[ 8  8 78]
[ 8  1 75]	[ 8  8 77]
[ 1  1 73]	[ 8  1 75]
[ 1  8 77]	[ 1  1 73]
[ 8  8 75]	[ 1  8 73]
[ 8  8 73]	[ 8  8 75]
[ 8  1 72]	[ 8  8 73]
[ 1  1 73]	[ 8  1 72]
[ 1  1 73]	[ 1  1 73]
[ 1  1 68]	[ 1  1 73]
