Accuracy: 0.17921146953405018

n_chords: 2
n_melody: 1
t_prior: 0.0
e_prior: 0.0
dataset: All
keys: phrygian
filter_train_set: True
filter_val_set: True

~ First 3000 predicted states ~
Predicted	True
[24 24 92]	[-1 -1 -1]
[24 24 92]	[-1  1 -1]
[24 24 92]	[ 1  1 73]
[24 24 92]	[ 1  1 76]
[24 24 92]	[ 1  1 76]
[24 24 92]	[ 1  1 80]
[24 24 92]	[ 1  1 80]
[24 24 92]	[ 1  1 78]
[24 24 92]	[ 1  1 78]
[24 24 92]	[ 1  1 80]
[24 24 92]	[ 1  1 80]
[24 24 92]	[ 1  1 76]
[24 24 92]	[ 1  1 76]
[24 24 92]	[ 1  1 78]
[24 24 92]	[ 1  1 78]
[24 24 92]	[ 1  1 74]
[24 24 92]	[ 1  1 74]
[24 24 92]	[ 1  1 76]
[24 24 92]	[ 1  1 76]
[24 24 92]	[ 1 24 74]
[24 24 92]	[24 24 73]
[24 24 92]	[24 24 71]
[24 24 92]	[24 24 73]
[24 24 92]	[24  1 74]
[24 24 92]	[ 1  1 76]
[24 24 92]	[ 1  1 73]
[24 24 92]	[ 1  1 76]
[24 24 92]	[ 1  1 73]
[24 24 92]	[ 1  1 73]
[24 24 92]	[1 1 0]
[24 24 92]	[ 1 24 73]
[24 24 92]	[24 24 83]
[24 24 92]	[24 24 86]
[24 24 92]	[24 24 85]
[24 24 92]	[24 24 83]
[24 24 92]	[24 24 81]
[24 24 92]	[24 24 80]
[24 24 92]	[24 24 78]
[24 24 92]	[24 24 80]
[24 24 92]	[24 24 81]
[24 24 92]	[24 24 83]
[24 24 92]	[24 24 81]
[24 24 92]	[24 24 80]
[24 24 92]	[24 24 78]
[24 24 92]	[24 24 76]
[24 24 92]	[24 24 78]
[24 24 92]	[24 24 80]
[24 24 92]	[24 24 81]
[24 24 92]	[24 24 83]
[24 24 92]	[24 24 81]
[24 24 92]	[24 24 80]
[24 24 92]	[24  1 78]
[24 24 92]	[ 1  1 76]
[24 24 92]	[ 1  1 78]
[24 24 92]	[ 1  1 74]
[24 24 92]	[ 1  1 76]
[24 24 92]	[ 1 24 73]
[24 24 92]	[24 24 71]
[24 24 92]	[24 24 73]
[24 24 92]	[24 24 74]
[24 24 92]	[24 24 71]
[24 24 92]	[24 24 73]
[24 24 92]	[24 24 74]
[24 24 92]	[24 24 71]
[24 24 92]	[24 24 73]
[24 24 92]	[24 24 74]
[24 24 92]	[24 24 71]
[24 24 92]	[24 24 71]
[24 24 92]	[24 24 70]
[24 24 92]	[24 24 71]
[24 24 92]	[24 24 73]
[24 24 92]	[24 24 74]
[24 24 92]	[24 24 76]
[24 24 92]	[24 24 78]
[24 24 92]	[24 24 76]
[24 24 92]	[24  1 74]
[24 24 92]	[ 1  1 73]
[24 24 92]	[ 1  1 73]
[24 24 92]	[ 1  1 73]
[-1 -1 -1]	[ 1  1 73]
[24 24 92]	[ 1  1 73]
[24 24 92]	[1 1 0]
[24 24 92]	[ 1  1 77]
[24 24 92]	[ 1  1 78]
[24 24 92]	[ 1  1 76]
[24 24 92]	[ 1  1 74]
[24 24 92]	[ 1  1 73]
[24 24 92]	[ 1  1 80]
[24 24 92]	[ 1  1 81]
[24 24 92]	[ 1  1 80]
[24 24 92]	[ 1  1 78]
[24 24 92]	[ 1  1 78]
[24 24 92]	[ 1  1 77]
[24 24 92]	[ 1  1 78]
[24 24 92]	[ 1  1 76]
[24 24 92]	[ 1  1 74]
[24 24 92]	[ 1  1 73]
[24 24 92]	[ 1  1 77]
[24 24 92]	[ 1  1 76]
[24 24 92]	[ 1  1 73]
[24 24 92]	[ 1  1 73]
[24 24 92]	[ 1  1 73]
[24 24 92]	[ 1  1 73]
[24 24 92]	[ 1  1 73]
[24 24 92]	[ 1  6 73]
[24 24 92]	[ 6  6 85]
[24 24 92]	[ 6  6 85]
[24 24 92]	[ 6  6 85]
[24 24 92]	[ 6  6 85]
[24 24 92]	[ 6  6 85]
[24 24 92]	[ 6  1 85]
[24 24 92]	[ 1  1 85]
[24 24 92]	[ 1  6 85]
[24 24 92]	[ 6  6 85]
[24 24 92]	[ 6  6 85]
[24 24 92]	[ 6  6 85]
[24 24 92]	[ 6  6 85]
[24 24 92]	[ 6  6 85]
[24 24 92]	[ 6  6 85]
[24 24 92]	[ 6  6 85]
[-1 -1 -1]	[ 6  1 85]
[24 24 92]	[ 1  1 85]
[24 24 92]	[ 1  1 85]
[24 24 92]	[ 1  1 76]
[24 24 92]	[ 1  1 78]
[24 24 92]	[ 1  1 76]
[24 24 92]	[ 1  1 74]
[24 24 92]	[ 1  1 73]
[24 24 92]	[ 1  1 73]
[24 24 92]	[ 1  1 73]
[24 24 92]	[ 1  1 73]
[24 24 92]	[ 1  1 73]
[24 24 92]	[ 1  1 73]
[24 24 92]	[ 1  1 73]
[24 24 92]	[ 1  1 73]
[24 24 92]	[ 1  1 73]
[24 24 92]	[ 1  1 73]
[24 24 92]	[ 1 18 73]
[24 24 92]	[18 18 73]
[24 24 92]	[18 18 73]
[24 24 92]	[18 18 73]
[24 24 92]	[18 18 73]
[24 24 92]	[18 18 73]
[24 24 92]	[18 18 73]
[24 24 92]	[18 24 73]
[24 24 92]	[24 24 73]
[24 24 92]	[24 24 73]
[24 24 92]	[24  5 73]
[24 24 92]	[ 5  5 73]
[24 24 92]	[ 5  5 73]
[24 24 92]	[ 5  5 73]
[24 24 92]	[ 5  5 73]
[24 24 92]	[ 5  5 73]
[24 24 92]	[ 5  5 73]
[24 24 92]	[ 5 10 73]
[24 24 92]	[10 18 73]
[24 24 92]	[18 18 73]
[24 24 92]	[18 18 73]
[24 24 92]	[18 18 73]
[24 24 92]	[18 18 73]
[24 24 92]	[18 24 73]
[24 24 92]	[24 24 73]
[24 24 92]	[24 24 73]
[24 24 92]	[24 24 73]
[24 24 92]	[24  1 73]
[24 24 92]	[ 1  1 73]
[24 24 92]	[ 1  1 73]
[24 24 92]	[ 1  1 73]
[24 24 92]	[ 1  1 73]
[24 24 92]	[ 1  1 73]
[24 24 92]	[ 1  1 73]
[24 24 92]	[ 1  1 73]
[24 24 92]	[ 1  1 73]
[24 24 92]	[ 1  1 73]
[24 24 92]	[ 1  1 73]
[24 24 92]	[ 1  1 73]
[24 24 92]	[ 1  1 73]
[24 24 92]	[ 1  1 73]
[24 24 92]	[ 1  1 80]
[24 24 92]	[ 1  1 81]
[24 24 92]	[ 1  1 78]
[24 24 92]	[ 1  1 80]
[24 24 92]	[ 1  1 78]
[24 24 92]	[ 1  1 76]
[24 24 92]	[ 1  1 76]
[24 24 92]	[ 1  1 78]
[24 24 92]	[ 1  1 74]
[24 24 92]	[ 1  1 76]
[24 24 92]	[ 1  1 74]
[24 24 92]	[ 1  1 73]
[24 24 92]	[ 1  1 73]
[24 24 92]	[ 1  1 74]
[24 24 92]	[ 1  1 71]
[24 24 92]	[ 1  1 73]
[24 24 92]	[ 1  1 74]
[24 24 92]	[ 1  1 76]
[24 24 92]	[ 1  1 78]
[24 24 92]	[ 1  1 80]
[24 24 92]	[ 1  1 81]
[24 24 92]	[ 1  1 78]
[24 24 92]	[ 1  1 80]
[24 24 92]	[ 1 24  0]
[24 24 92]	[24 24 73]
[24 24 92]	[24 24 74]
[24 24 92]	[24 24 71]
[24 24 92]	[24 24 73]
[24 24 92]	[24 24 74]
[24 24 92]	[24 24 76]
[24 24 92]	[24  1 71]
[24 24 92]	[ 1  1 73]
[24 24 92]	[ 1  1 73]
[24 24 92]	[ 1  1 83]
[24 24 92]	[ 1  1 85]
[24 24 92]	[ 1  1 83]
[24 24 92]	[ 1  1 81]
[24 24 92]	[ 1 18 80]
[24 24 92]	[18 18 81]
[24 24 92]	[18 18 83]
[24 24 92]	[18 18 81]
[24 24 92]	[18 18 80]
[24 24 92]	[18  1 78]
[24 24 92]	[ 1  1 76]
[24 24 92]	[ 1  1 78]
[24 24 92]	[ 1  1 80]
[24 24 92]	[ 1  1 81]
[24 24 92]	[ 1  1 80]
[24 24 92]	[ 1  1 78]
[24 24 92]	[ 1  1 76]
[24 24 92]	[ 1  1 78]
[24 24 92]	[ 1  1 80]
[-1 -1 -1]	[ 1  1 76]
[24 24 92]	[ 1  1 74]
[24 24 92]	[ 1  1 73]
[24 24 92]	[ 1  1 76]
[24 24 92]	[ 1  1 74]
[24 24 92]	[ 1  1 73]
[24 24 92]	[ 1  1 73]
[24 24 92]	[ 1  1 73]
[24 24 92]	[ 1  1 73]
[24 24 92]	[ 1  1 73]
[24 24 92]	[ 1  1 76]
[24 24 92]	[ 1  1 78]
[24 24 92]	[ 1  1 80]
[24 24 92]	[ 1  1 81]
[24 24 92]	[ 1  1 80]
[24 24 92]	[ 1  1 78]
[24 24 92]	[ 1  1 80]
[24 24 92]	[ 1  1 76]
[24 24 92]	[ 1  1 74]
[24 24 92]	[ 1  1 73]
[24 24 92]	[ 1  1 73]
[24 24 92]	[ 1  1 73]
[24 24 92]	[ 1  1 73]
[24 24 92]	[ 1  1 73]
[24 24 92]	[ 1  1 76]
[24 24 92]	[ 1 24 78]
[24 24 92]	[24 24 76]
[24 24 92]	[24  1 74]
[24 24 92]	[ 1  1 74]
[24 24 92]	[ 1  8 73]
[24 24 92]	[ 8 18 76]
[24 24 92]	[18  1 78]
[24 24 92]	[ 1  1 76]
[24 24 92]	[ 1 18 80]
[24 24 92]	[18  1 78]
[24 24 92]	[ 1  1 76]
[24 24 92]	[ 1  1 78]
[24 24 92]	[ 1  1 80]
[24 24 92]	[ 1  1 81]
[24 24 92]	[ 1  1 80]
[24 24 92]	[ 1  1 78]
[24 24 92]	[ 1  1 80]
[24 24 92]	[ 1 18 76]
[24 24 92]	[18  1 78]
[24 24 92]	[ 1  1 76]
[24 24 92]	[ 1 18 80]
[24 24 92]	[18  1 78]
[24 24 92]	[ 1  1 76]
[24 24 92]	[ 1 24 78]
[24 24 92]	[24 24 76]
[24 24 92]	[24  1 74]
[24 24 92]	[ 1  1 74]
[24 24 92]	[ 1 10 73]
[24 24 92]	[10  1 81]
[24 24 92]	[ 1 18 80]
[24 24 92]	[18 18 78]
[24 24 92]	[18 18 76]
[24 24 92]	[18 18 78]
[24 24 92]	[18 18 76]
[24 24 92]	[18 18 78]
[24 24 92]	[18 18 80]
[24 24 92]	[18 18 81]
[24 24 92]	[18 18 78]
[24 24 92]	[18  1 81]
[24 24 92]	[ 1 18 80]
[24 24 92]	[18 18 78]
[24 24 92]	[18 18 76]
[24 24 92]	[18 18 78]
[24 24 92]	[18  1 76]
[24 24 92]	[ 1  1 78]
[24 24 92]	[ 1  8 76]
[24 24 92]	[ 8 18 76]
[24 24 92]	[18  1 78]
[24 24 92]	[ 1  1 76]
[24 24 92]	[ 1 18 80]
[24 24 92]	[18  1 78]
[24 24 92]	[ 1  1 76]
[24 24 92]	[ 1  1 78]
[24 24 92]	[ 1  1 80]
[24 24 92]	[ 1  1 81]
[24 24 92]	[ 1  1 80]
[24 24 92]	[ 1  1 78]
[24 24 92]	[ 1  1 80]
[24 24 92]	[ 1 18 76]
[24 24 92]	[18  1 78]
[24 24 92]	[ 1  1 76]
[24 24 92]	[ 1 18 80]
[24 24 92]	[18  1 78]
[24 24 92]	[ 1  1 76]
[24 24 92]	[ 1 24 78]
[-1 -1 -1]	[24 24 76]
[24 24 92]	[24  1 74]
[24 24 92]	[ 1  1 74]
[24 24 92]	[ 1  1 73]
[24 24 92]	[ 1  1 74]
[24 24 92]	[ 1  1 76]
[24 24 92]	[ 1  1 78]
[24 24 92]	[ 1  1 80]
[24 24 92]	[ 1  1 81]
[24 24 92]	[ 1  1 80]
[24 24 92]	[ 1  1 78]
[24 24 92]	[ 1  1 80]
[24 24 92]	[ 1  1 83]
[24 24 92]	[ 1  1 81]
[24 24 92]	[ 1  3 80]
[24 24 92]	[ 3  3 81]
[24 24 92]	[ 3  3 80]
[24 24 92]	[ 3  3 78]
[24 24 92]	[ 3  1 76]
[24 24 92]	[ 1  1 73]
[24 24 92]	[ 1  1 74]
[24 24 92]	[ 1  1 76]
[24 24 92]	[ 1  1 78]
[24 24 92]	[ 1  1 80]
[24 24 92]	[ 1  1 81]
[24 24 92]	[ 1  1 80]
[24 24 92]	[ 1  1 78]
[24 24 92]	[ 1  1 80]
[24 24 92]	[ 1  1 81]
[24 24 92]	[ 1  1 80]
[24 24 92]	[ 1  1 78]
[24 24 92]	[ 1  1 80]
[24 24 92]	[ 1  1 80]
[24 24 92]	[ 1  1 80]
[24 24 92]	[ 1  1 73]
[24 24 92]	[ 1  1 74]
[24 24 92]	[ 1  1 76]
[24 24 92]	[ 1  1 78]
[24 24 92]	[ 1  1 80]
[24 24 92]	[ 1  1 81]
[24 24 92]	[ 1  1 80]
[24 24 92]	[ 1  1 78]
[24 24 92]	[ 1  1 80]
[24 24 92]	[ 1  1 83]
[24 24 92]	[ 1  1 81]
[24 24 92]	[ 1  3 80]
[24 24 92]	[ 3  3 81]
[24 24 92]	[ 3  3 80]
[24 24 92]	[ 3  3 78]
[24 24 92]	[ 3  3 76]
[24 24 92]	[ 3  3 78]
[24 24 92]	[ 3  3 76]
[24 24 92]	[ 3  3 74]
[24 24 92]	[ 3 24 78]
[24 24 92]	[24 24 76]
[24 24 92]	[24 24 74]
[24 24 92]	[24 24 73]
[24 24 92]	[24  1 71]
[24 24 92]	[ 1  1 73]
[24 24 92]	[ 1  1 68]
[24 24 92]	[ 1  1 73]
[24 24 92]	[1 1 0]
[24 24 92]	[ 1  1 73]
[24 24 92]	[ 1  1 80]
[24 24 92]	[ 1  3 73]
[24 24 92]	[ 3  3 74]
[24 24 92]	[ 3  3 80]
[24 24 92]	[ 3  1 78]
[24 24 92]	[ 1  1 76]
[24 24 92]	[ 1  1 78]
[24 24 92]	[ 1  1 80]
[24 24 92]	[ 1  1 83]
[24 24 92]	[ 1  1 81]
[24 24 92]	[ 1  1 80]
[24 24 92]	[ 1  1 73]
[24 24 92]	[ 1  1 80]
[24 24 92]	[ 1  3 73]
[24 24 92]	[ 3  3 74]
[24 24 92]	[ 3  3 80]
[24 24 92]	[ 3 24 78]
[24 24 92]	[24 24 76]
[24 24 92]	[24 24 74]
[24 24 92]	[24 24 71]
[24 24 92]	[24 24 78]
[24 24 92]	[24 24 76]
[24 24 92]	[24  1 74]
[24 24 92]	[ 1  1 73]
[24 24 92]	[ 1  1 80]
[24 24 92]	[ 1  3 73]
[24 24 92]	[ 3  3 74]
[24 24 92]	[ 3  3 80]
[24 24 92]	[ 3  1 78]
[24 24 92]	[ 1  1 76]
[24 24 92]	[ 1  1 78]
[24 24 92]	[ 1  1 80]
[24 24 92]	[ 1  1 83]
[24 24 92]	[ 1  1 85]
[24 24 92]	[ 1  1 86]
[24 24 92]	[ 1  1 85]
[24 24 92]	[ 1  1 86]
[24 24 92]	[ 1  1 85]
[24 24 92]	[ 1  3 83]
[24 24 92]	[ 3  3 81]
[24 24 92]	[ 3  3 80]
[24 24 92]	[ 3  3 78]
[24 24 92]	[ 3  1 76]
[24 24 92]	[ 1  1 76]
[-1 -1 -1]	[1 1 0]
[24 24 92]	[ 1  1 85]
[24 24 92]	[ 1 13  0]
[24 24 92]	[13 13 73]
[24 24 92]	[13 13 73]
[24 24 92]	[13 13 73]
[24 24 92]	[13 13 80]
[24 24 92]	[13 13 78]
[24 24 92]	[13 13 80]
[24 24 92]	[13 13 76]
[24 24 92]	[13 13 76]
[24 24 92]	[13 18 80]
[24 24 92]	[18 18 78]
[24 24 92]	[18 18 78]
[24 24 92]	[18 18 78]
[24 24 92]	[18 18 85]
[24 24 92]	[18 18 83]
[24 24 92]	[18 18 85]
[24 24 92]	[18  5 78]
[24 24 92]	[ 5  5 78]
[24 24 92]	[ 5 10 80]
[24 24 92]	[10 10 81]
[24 24 92]	[10 10 83]
[24 24 92]	[10 10 85]
[24 24 92]	[10 12 88]
[24 24 92]	[12 12 83]
[24 24 92]	[12 12 81]
[24 24 92]	[12 12 80]
[24 24 92]	[12 12 78]
[24 24 92]	[12 12 80]
[24 24 92]	[12 18 76]
[24 24 92]	[18 18 78]
[24 24 92]	[18 18 78]
[24 24 92]	[18  8 78]
[24 24 92]	[ 8  8 80]
[24 24 92]	[ 8 13 78]
[24 24 92]	[13 13 76]
[24 24 92]	[13 13 73]
[24 24 92]	[13 13 73]
[24 24 92]	[13  5 80]
[24 24 92]	[ 5  5 76]
[24 24 92]	[ 5  5 76]
[24 24 92]	[ 5  5 76]
[24 24 92]	[ 5  5 88]
[24 24 92]	[ 5  5 87]
[24 24 92]	[ 5  5 88]
[24 24 92]	[ 5  5 83]
[24 24 92]	[ 5  5 83]
[24 24 92]	[ 5 18 86]
[24 24 92]	[18 18 85]
[24 24 92]	[18 18 85]
[24 24 92]	[18 18 85]
[24 24 92]	[18 18 90]
[24 24 92]	[18 13 88]
[24 24 92]	[13 13 90]
[24 24 92]	[13 13 85]
[24 24 92]	[13 13 85]
[24 24 92]	[13 10 88]
[24 24 92]	[10 10 88]
[24 24 92]	[10 10 90]
[24 24 92]	[10 10 85]
[24 24 92]	[10 12 86]
[24 24 92]	[12 12 83]
[24 24 92]	[12 12 81]
[24 24 92]	[12 12 80]
[24 24 92]	[12 12 78]
[24 24 92]	[12 12 80]
[24 24 92]	[12 18 76]
[24 24 92]	[18 18 78]
[24 24 92]	[18 18 78]
[24 24 92]	[18  8 78]
[24 24 92]	[ 8  8 80]
[24 24 92]	[ 8 13 78]
[24 24 92]	[13 13 76]
[24 24 92]	[13 13 73]
[24 24 92]	[13  3 73]
[24 24 92]	[ 3  3 78]
[24 24 92]	[ 3  3 78]
[24 24 92]	[ 3  8 78]
[24 24 92]	[ 8  8 80]
[24 24 92]	[ 8 10 78]
[-1 -1 -1]	[10 10 76]
[24 24 92]	[10 10 73]
[24 24 92]	[10 -1 73]
[24 24 92]	[-1 -1 73]
[24 24 92]	[-1 -1 76]
[24 24 92]	[-1 -1 80]
[24 24 92]	[-1 -1 78]
[24 24 92]	[-1 -1 76]
[24 24 92]	[-1 24 74]
[24 24 92]	[24 24 73]
[24 24 92]	[24  1 71]
[24 24 92]	[ 1  1 73]
[24 24 92]	[ 1  1 73]
[24 24 92]	[ 1 24 73]
[24 24 92]	[24 24 74]
[24 24 92]	[24 24 73]
[24 24 92]	[24  6 71]
[24 24 92]	[ 6  6 70]
[24 24 92]	[ 6  6 71]
[24 24 92]	[ 6  6 73]
[24 24 92]	[ 6 24 74]
[24 24 92]	[24 24 71]
[24 24 92]	[24  1 71]
[24 24 92]	[ 1  1 73]
[24 24 92]	[ 1  1 76]
[24 24 92]	[ 1  1 80]
[24 24 92]	[ 1  1 78]
[24 24 92]	[ 1  1 76]
[24 24 92]	[ 1 24 74]
[24 24 92]	[24 24 73]
[24 24 92]	[24  1 71]
[24 24 92]	[ 1  1 73]
[24 24 92]	[ 1  1 73]
[24 24 92]	[ 1  1 80]
[24 24 92]	[ 1  1 80]
[24 24 92]	[ 1  1 78]
[24 24 92]	[ 1  1 76]
[24 24 92]	[ 1  1 74]
[24 24 92]	[ 1  1 76]
[24 24 92]	[ 1 24 74]
[24 24 92]	[24 24 73]
[24 24 92]	[24  1 71]
[24 24 92]	[ 1  1 73]
[24 24 92]	[ 1  1 73]
[24 24 92]	[ 1  1 73]
[24 24 92]	[ 1  1 78]
[24 24 92]	[ 1  1 78]
[24 24 92]	[ 1  1 78]
[24 24 92]	[ 1  1 78]
[24 24 92]	[ 1  1 76]
[24 24 92]	[ 1  1 80]
[24 24 92]	[ 1  1 78]
[24 24 92]	[ 1  1 76]
[24 24 92]	[ 1  1 74]
[24 24 92]	[ 1  1 73]
[24 24 92]	[ 1 24 73]
[24 24 92]	[24 24 78]
[24 24 92]	[24 24 76]
[24 24 92]	[24  1 74]
[24 24 92]	[ 1  1 73]
[24 24 92]	[ 1  1 74]
[24 24 92]	[ 1  1 76]
[24 24 92]	[ 1  1 78]
[24 24 92]	[ 1  1 76]
[24 24 92]	[ 1  1 76]
[24 24 92]	[ 1 18 73]
[24 24 92]	[18 18 78]
[24 24 92]	[18 18 78]
[24 24 92]	[18 18 78]
[24 24 92]	[18 18 78]
[24 24 92]	[18 18 80]
[24 24 92]	[18 18 81]
[24 24 92]	[18 24 82]
[24 24 92]	[24 24 83]
[24 24 92]	[24 24 81]
[24 24 92]	[24 24 80]
[24 24 92]	[24  1 78]
[24 24 92]	[ 1  1 76]
[24 24 92]	[ 1 24 76]
[24 24 92]	[24 24 78]
[24 24 92]	[24 24 71]
[24 24 92]	[24 24 73]
[24 24 92]	[24 24 74]
[24 24 92]	[24 24 76]
[24 24 92]	[24 24 78]
[24 24 92]	[24 24 76]
[24 24 92]	[24  1 74]
[24 24 92]	[ 1  1 73]
[24 24 92]	[ 1  1 73]
[24 24 92]	[ 1 18 73]
[24 24 92]	[18 18 78]
[24 24 92]	[18 18 78]
[24 24 92]	[18 18 80]
[24 24 92]	[18 18 81]
[24 24 92]	[18 18 78]
[24 24 92]	[18 18 78]
[24 24 92]	[18 18 80]
[24 24 92]	[18 18 81]
[24 24 92]	[18 18 78]
[24 24 92]	[18 18 80]
[24 24 92]	[18 18 81]
[24 24 92]	[18 18 78]
[24 24 92]	[18 18 80]
[24 24 92]	[18 18 81]
[24 24 92]	[18 18 78]
[24 24 92]	[18 18 78]
[24 24 92]	[18 18 73]
[24 24 92]	[18 18 78]
[24 24 92]	[18 18 80]
[24 24 92]	[18 18 81]
[24 24 92]	[18 18 81]
[24 24 92]	[18 18 81]
[24 24 92]	[18 18 81]
[24 24 92]	[18 18 81]
[24 24 92]	[18 18 81]
[24 24 92]	[18 18 81]
[24 24 92]	[18 18 80]
[24 24 92]	[18 18 81]
[24 24 92]	[18 18 80]
[24 24 92]	[18 18 78]
[24 24 92]	[18 18 81]
[24 24 92]	[18 18 80]
[24 24 92]	[18 18 81]
[24 24 92]	[18 18 80]
[24 24 92]	[18 24 78]
[24 24 92]	[24 24 83]
[24 24 92]	[24 24 81]
[24 24 92]	[24 24 80]
[24 24 92]	[24  1 78]
[24 24 92]	[ 1  1 80]
[24 24 92]	[ 1  1 78]
[24 24 92]	[ 1  1 76]
[24 24 92]	[ 1  1 78]
[24 24 92]	[ 1  1 80]
[24 24 92]	[ 1  1 80]
[24 24 92]	[ 1  1 85]
[24 24 92]	[ 1  1 80]
[24 24 92]	[ 1  1 85]
[24 24 92]	[ 1  1 80]
[24 24 92]	[ 1  1 80]
[24 24 92]	[ 1 18 73]
[24 24 92]	[18 18 81]
[24 24 92]	[18 18 80]
[24 24 92]	[18 18 80]
[24 24 92]	[18  1 78]
[24 24 92]	[ 1  1 76]
[24 24 92]	[ 1  1 78]
[24 24 92]	[ 1  1 80]
[-1 -1 -1]	[ 1 18 81]
[24 24 92]	[18 18 78]
[24 24 92]	[18  6 78]
[24 24 92]	[ 6  6 73]
[24 24 92]	[ 6  6 76]
[24 24 92]	[ 6  1 80]
[24 24 92]	[ 1  1 85]
[24 24 92]	[ 1  1 84]
[24 24 92]	[ 1  1 85]
[24 24 92]	[ 1  1 80]
[24 24 92]	[ 1  1 76]
[24 24 92]	[ 1  1 80]
[24 24 92]	[ 1  1 80]
[24 24 92]	[ 1  1 76]
[24 24 92]	[ 1 24 80]
[24 24 92]	[24 24 78]
[24 24 92]	[24 24 76]
[24 24 92]	[24  1 74]
[24 24 92]	[ 1 18 73]
[24 24 92]	[18 18 81]
[24 24 92]	[18 18 81]
[24 24 92]	[18 18 80]
[24 24 92]	[18 18 78]
[24 24 92]	[18 18 76]
[24 24 92]	[18 18 78]
[24 24 92]	[18 18 80]
[24 24 92]	[18  1 81]
[24 24 92]	[ 1  1 80]
[24 24 92]	[1 1 0]
[24 24 92]	[ 1  1 73]
[24 24 92]	[ 1  1 76]
[24 24 92]	[ 1  1 80]
[24 24 92]	[ 1  1 85]
[24 24 92]	[ 1  1 84]
[24 24 92]	[ 1  1 85]
[24 24 92]	[ 1  1 80]
[24 24 92]	[ 1  1 76]
[24 24 92]	[ 1  1 80]
[24 24 92]	[ 1  1 80]
[24 24 92]	[ 1  1 76]
[24 24 92]	[ 1  1 80]
[24 24 92]	[ 1  1 78]
[24 24 92]	[ 1  1 76]
[24 24 92]	[ 1 24 74]
[24 24 92]	[24 24 73]
[24 24 92]	[24 24 74]
[24 24 92]	[24 24 71]
[24 24 92]	[24 24 71]
[24 24 92]	[24 24 70]
[24 24 92]	[24 24 71]
[24 24 92]	[24 24 81]
[24 24 92]	[24 24 80]
[24 24 92]	[24 24 78]
[24 24 92]	[24 24 76]
[24 24 92]	[24 24 71]
[24 24 92]	[24 24 73]
[24 24 92]	[24  1 74]
[24 24 92]	[ 1  1 73]
[24 24 92]	[1 8 0]
[24 24 92]	[ 8  8 80]
[24 24 92]	[ 8  8 79]
[24 24 92]	[ 8  1 78]
[24 24 92]	[ 1  1 76]
[24 24 92]	[ 1  1 78]
[24 24 92]	[ 1  1 80]
[24 24 92]	[ 1  1 80]
[24 24 92]	[ 1  1 80]
[24 24 92]	[ 1  1 80]
[24 24 92]	[ 1  1 80]
[24 24 92]	[ 1  1 85]
[24 24 92]	[ 1  1 85]
[24 24 92]	[ 1  1 80]
[24 24 92]	[ 1  1 80]
[24 24 92]	[ 1  1 76]
[24 24 92]	[ 1  1 76]
[24 24 92]	[ 1  1 74]
[24 24 92]	[ 1  1 74]
[24 24 92]	[ 1 18 73]
[24 24 92]	[18 18 81]
[24 24 92]	[18 18 81]
[24 24 92]	[18 18 80]
[24 24 92]	[18 18 78]
[24 24 92]	[18 18 76]
[24 24 92]	[18 18 78]
[24 24 92]	[18 18 80]
[24 24 92]	[18  1 81]
[24 24 92]	[ 1  1 80]
[24 24 92]	[1 1 0]
[24 24 92]	[ 1  1 80]
[24 24 92]	[ 1  1 79]
[24 24 92]	[ 1  1 78]
[24 24 92]	[ 1  1 76]
[24 24 92]	[ 1  1 78]
[24 24 92]	[ 1  1 80]
[24 24 92]	[ 1  1 80]
[24 24 92]	[ 1  1 80]
[24 24 92]	[ 1  1 80]
[24 24 92]	[ 1  1 80]
[24 24 92]	[ 1  1 85]
[24 24 92]	[ 1  1 85]
[24 24 92]	[ 1  1 80]
[24 24 92]	[ 1  1 80]
[24 24 92]	[ 1  1 76]
[24 24 92]	[ 1  1 76]
[24 24 92]	[ 1  1 74]
[24 24 92]	[ 1  1 74]
[24 24 92]	[ 1  1 73]
[24 24 92]	[ 1  1 71]
[24 24 92]	[ 1  1 70]
[24 24 92]	[ 1  1 71]
[24 24 92]	[ 1  1 81]
[24 24 92]	[ 1  1 80]
[24 24 92]	[ 1  1 78]
[24 24 92]	[ 1  1 76]
[24 24 92]	[ 1  1 71]
[24 24 92]	[ 1  1 73]
[24 24 92]	[ 1  1 74]
[24 24 92]	[ 1  1 73]
[24 24 92]	[ 1 10  0]
[24 24 92]	[10 10 73]
[24 24 92]	[10 10 75]
[24 24 92]	[10  6 76]
[24 24 92]	[ 6  6 78]
[24 24 92]	[ 6  6 80]
[24 24 92]	[ 6  6 82]
[24 24 92]	[ 6  6 81]
[24 24 92]	[ 6  6 82]
[24 24 92]	[ 6  6 81]
[24 24 92]	[ 6  6 81]
[24 24 92]	[ 6  6 81]
[24 24 92]	[ 6  6 82]
[24 24 92]	[ 6  6 83]
[24 24 92]	[ 6  6 81]
[24 24 92]	[ 6  6 80]
[24 24 92]	[ 6  6 82]
[24 24 92]	[ 6  6 80]
[24 24 92]	[ 6 18 78]
[24 24 92]	[18 18 84]
[24 24 92]	[18 18 85]
[24 24 92]	[18 18 85]
[24 24 92]	[18 18 84]
[24 24 92]	[18 18 81]
[24 24 92]	[18 18 80]
[24 24 92]	[18  1 78]
[24 24 92]	[ 1  1 80]
[24 24 92]	[1 8 0]
[24 24 92]	[ 8  8 80]
[24 24 92]	[ 8  8 79]
[24 24 92]	[ 8  1 78]
[24 24 92]	[ 1  1 76]
[24 24 92]	[ 1  1 78]
[24 24 92]	[ 1  1 80]
[24 24 92]	[ 1  1 80]
[24 24 92]	[ 1  1 80]
[24 24 92]	[ 1  1 80]
[24 24 92]	[ 1  1 80]
[24 24 92]	[ 1  1 85]
[24 24 92]	[ 1  1 85]
[24 24 92]	[ 1  1 80]
[24 24 92]	[ 1  1 80]
[24 24 92]	[ 1  1 76]
[24 24 92]	[ 1  1 76]
[24 24 92]	[ 1  1 74]
[24 24 92]	[ 1  1 74]
[24 24 92]	[ 1 18 73]
[24 24 92]	[18 18 81]
[24 24 92]	[18 18 81]
[24 24 92]	[18 18 80]
[24 24 92]	[18 18 78]
[24 24 92]	[18 18 76]
[24 24 92]	[18 18 78]
[24 24 92]	[18 18 80]
[24 24 92]	[18  1 81]
[24 24 92]	[ 1  1 80]
[24 24 92]	[1 1 0]
[24 24 92]	[ 1  1 80]
[24 24 92]	[ 1  1 79]
[24 24 92]	[ 1  1 78]
[24 24 92]	[ 1  1 76]
[24 24 92]	[ 1  1 78]
[24 24 92]	[ 1  1 80]
[24 24 92]	[ 1  1 80]
[24 24 92]	[ 1  1 80]
[24 24 92]	[ 1  1 80]
[24 24 92]	[ 1  1 80]
[24 24 92]	[ 1  1 85]
[24 24 92]	[ 1  1 85]
[24 24 92]	[ 1  1 80]
[24 24 92]	[ 1  1 80]
[24 24 92]	[ 1  1 76]
[24 24 92]	[ 1  1 76]
[24 24 92]	[ 1  1 74]
[24 24 92]	[ 1  1 74]
[24 24 92]	[ 1  1 73]
[24 24 92]	[ 1  1 71]
[24 24 92]	[ 1  1 70]
[24 24 92]	[ 1  1 71]
[24 24 92]	[ 1  1 81]
[24 24 92]	[ 1  1 80]
[24 24 92]	[ 1  1 78]
[24 24 92]	[ 1  1 76]
[-1 -1 -1]	[ 1  1 71]
[24 24 92]	[ 1  1 73]
[24 24 92]	[ 1 -1 74]
[24 24 92]	[-1 -1 73]
[24 24 92]	[-1 -1  0]
[24 24 92]	[-1 -1 73]
[24 24 92]	[-1 -1 71]
[24 24 92]	[-1 -1 73]
[24 24 92]	[-1 -1 76]
[24 24 92]	[-1 -1 78]
[24 24 92]	[-1 -1 80]
[24 24 92]	[-1 -1 78]
[24 24 92]	[-1 -1 78]
[24 24 92]	[-1 -1 76]
[24 24 92]	[-1 -1 76]
[24 24 92]	[-1 -1  0]
[24 24 92]	[-1 -1 83]
[24 24 92]	[-1 -1 81]
[24 24 92]	[-1 -1 81]
[24 24 92]	[-1 -1 80]
[24 24 92]	[-1 -1 81]
[24 24 92]	[-1 -1 78]
[24 24 92]	[-1 -1 78]
[24 24 92]	[-1 -1 76]
[24 24 92]	[-1 -1 78]
[24 24 92]	[-1 -1 76]
[24 24 92]	[-1 -1 78]
[24 24 92]	[-1 -1 81]
[24 24 92]	[-1 -1 80]
[24 24 92]	[-1 -1  0]
[24 24 92]	[-1 -1 76]
[24 24 92]	[-1 -1 78]
[24 24 92]	[-1 -1 74]
[24 24 92]	[-1 -1 76]
[24 24 92]	[-1 -1 73]
[24 24 92]	[-1 -1  0]
[24 24 92]	[-1 -1  0]
[24 24 92]	[-1 11  0]
[24 24 92]	[11 11 85]
[24 24 92]	[11 11 85]
[24 24 92]	[11 11 83]
[24 24 92]	[11 11 83]
[24 24 92]	[11 11 81]
[24 24 92]	[11 11 81]
[24 24 92]	[11 11 80]
[24 24 92]	[11 11 80]
[24 24 92]	[11 11  0]
[24 24 92]	[11 11 81]
[24 24 92]	[11 11 80]
[24 24 92]	[11 11 81]
[24 24 92]	[11 11 82]
[24 24 92]	[11 11 83]
[24 24 92]	[11 11 81]
[24 24 92]	[11 11 81]
[24 24 92]	[11 11 80]
[24 24 92]	[11 11 81]
[24 24 92]	[11 11 78]
[24 24 92]	[11 11 78]
[24 24 92]	[11 11 76]
[24 24 92]	[11 11 78]
[24 24 92]	[11 11 76]
[24 24 92]	[11 11 78]
[24 24 92]	[11 11 81]
[24 24 92]	[11 11 80]
[24 24 92]	[11 11  0]
[24 24 92]	[11 11 76]
[24 24 92]	[11 11 78]
[24 24 92]	[11 11 74]
[-1 -1 -1]	[11 11 76]
[24 24 92]	[11 11 73]
[24 24 92]	[11 -1  0]
[24 24 92]	[-1 -1  0]
[24 24 92]	[-1  6 68]
[24 24 92]	[ 6  6 73]
[24 24 92]	[ 6  6 74]
[24 24 92]	[ 6  6 73]
[24 24 92]	[ 6  6 74]
[24 24 92]	[ 6  6 76]
[24 24 92]	[ 6  6 78]
[24 24 92]	[ 6  6 76]
[24 24 92]	[ 6  6 74]
[24 24 92]	[ 6  6 78]
[24 24 92]	[ 6  6 76]
[24 24 92]	[ 6  6 76]
[24 24 92]	[6 6 0]
[24 24 92]	[ 6  6 76]
[24 24 92]	[ 6  6 76]
[24 24 92]	[ 6  6 78]
[24 24 92]	[ 6  6 76]
[24 24 92]	[ 6  6 78]
[24 24 92]	[ 6  6 80]
[24 24 92]	[ 6  6 81]
[24 24 92]	[ 6  6 80]
[24 24 92]	[ 6  6 78]
[24 24 92]	[ 6  6 81]
[24 24 92]	[ 6  6 80]
[24 24 92]	[ 6  6 80]
[24 24 92]	[ 6 18 73]
[24 24 92]	[18 18 78]
[24 24 92]	[18 18 76]
[24 24 92]	[18 18 78]
[24 24 92]	[18 18 80]
[24 24 92]	[18 18 81]
[24 24 92]	[18  6 80]
[24 24 92]	[ 6  6 81]
[24 24 92]	[ 6 24 82]
[24 24 92]	[24 24 83]
[24 24 92]	[24 24 71]
[24 24 92]	[24 24 74]
[24 24 92]	[24 24 78]
[24 24 92]	[24 24 83]
[24 24 92]	[24 24 71]
[24 24 92]	[24 24 74]
[24 24 92]	[24 24 78]
[24 24 92]	[24 24 83]
[24 24 92]	[24 24 80]
[24 24 92]	[24 24 83]
[24 24 92]	[24 24 81]
[24 24 92]	[24 24 80]
[24 24 92]	[24  1 78]
[24 24 92]	[ 1  1 80]
[24 24 92]	[ 1  1 76]
[24 24 92]	[ 1 24 80]
[24 24 92]	[24 24 78]
[24 24 92]	[24 24 76]
[24 24 92]	[24  1 74]
[24 24 92]	[ 1  1 76]
[24 24 92]	[ 1  1 78]
[24 24 92]	[ 1 24 80]
[24 24 92]	[24 24 78]
[24 24 92]	[24 24 76]
[24 24 92]	[24  1 74]
[24 24 92]	[ 1  1 73]
[24 24 92]	[ 1  1 73]
[24 24 92]	[ 1  1 78]
[24 24 92]	[ 1  8 81]
[24 24 92]	[ 8  8 84]
[24 24 92]	[ 8  8 85]
[24 24 92]	[8 8 0]
[24 24 92]	[ 8  8 85]
[24 24 92]	[ 8  8 84]
[24 24 92]	[ 8  8 81]
[24 24 92]	[ 8  8 84]
[24 24 92]	[ 8  8 85]
[24 24 92]	[ 8  8 85]
[24 24 92]	[ 8  8 85]
[24 24 92]	[ 8  8 85]
[24 24 92]	[ 8  8 85]
[24 24 92]	[ 8  8 84]
[24 24 92]	[ 8  8 85]
[24 24 92]	[ 8  8 83]
[24 24 92]	[ 8  8 81]
[24 24 92]	[ 8  8 80]
[24 24 92]	[ 8  8 78]
[24 24 92]	[ 8  8 76]
[24 24 92]	[ 8  1 78]
[24 24 92]	[ 1  1 80]
[24 24 92]	[1 1 0]
[24 24 92]	[ 1  1 71]
[24 24 92]	[ 1  1 76]
[24 24 92]	[ 1  5 80]
[24 24 92]	[ 5  5 82]
[24 24 92]	[ 5  5 83]
[24 24 92]	[5 5 0]
[24 24 92]	[ 5  5 86]
[24 24 92]	[ 5  5 85]
[24 24 92]	[ 5  5 83]
[24 24 92]	[ 5  5 82]
[24 24 92]	[ 5  5 83]
[24 24 92]	[ 5  5 83]
[24 24 92]	[ 5  5 83]
[24 24 92]	[ 5  5 83]
[24 24 92]	[ 5  5 85]
[24 24 92]	[ 5  5 86]
[24 24 92]	[ 5  5 85]
[24 24 92]	[ 5  5 83]
[24 24 92]	[ 5 24 81]
[24 24 92]	[24 24 83]
[24 24 92]	[24 24 81]
[24 24 92]	[24 24 80]
[24 24 92]	[24  1 78]
[24 24 92]	[ 1  1 80]
[24 24 92]	[ 1  1 85]
[24 24 92]	[1 1 0]
[24 24 92]	[ 1  1 85]
[24 24 92]	[1 1 0]
[24 24 92]	[ 1  1 85]
[24 24 92]	[1 1 0]
[24 24 92]	[1 1 0]
[24 24 92]	[ 1  1 85]
[24 24 92]	[ 1  1 80]
[24 24 92]	[ 1 10 78]
[24 24 92]	[10 10 76]
[24 24 92]	[10 10 78]
[24 24 92]	[10 10 80]
[24 24 92]	[10 10  0]
[24 24 92]	[10 10 78]
[24 24 92]	[10 10 76]
[24 24 92]	[10 10 74]
[24 24 92]	[10 10 76]
[24 24 92]	[10 10 74]
[24 24 92]	[10 10 73]
[24 24 92]	[10 10  0]
[24 24 92]	[10 10 85]
[24 24 92]	[10 10 80]
[24 24 92]	[10 10 78]
[24 24 92]	[10 10 76]
[24 24 92]	[10 10 78]
[24 24 92]	[10 10 80]
[24 24 92]	[10 24 81]
[24 24 92]	[24 24 83]
[24 24 92]	[24 24 80]
[24 24 92]	[24 24 83]
[24 24 92]	[24 24 81]
[24 24 92]	[24 24 80]
[24 24 92]	[24  1 78]
[24 24 92]	[ 1  1 80]
[24 24 92]	[1 1 0]
[24 24 92]	[ 1  1 85]
[24 24 92]	[ 1  1 80]
[24 24 92]	[ 1  1 78]
[24 24 92]	[ 1  1 76]
[24 24 92]	[ 1  1 78]
[24 24 92]	[ 1  1 80]
[24 24 92]	[1 1 0]
[24 24 92]	[ 1  1 78]
[24 24 92]	[ 1  1 76]
[24 24 92]	[ 1 24 74]
[24 24 92]	[24 24 73]
[24 24 92]	[24 24 74]
[24 24 92]	[24 24 71]
[24 24 92]	[24 24  0]
[24 24 92]	[24 24 71]
[24 24 92]	[24 24 74]
[24 24 92]	[24 24 78]
[24 24 92]	[24 24 83]
[24 24 92]	[24 24 80]
[24 24 92]	[24 24 83]
[24 24 92]	[24 24 81]
[24 24 92]	[24 24 80]
[24 24 92]	[24  1 78]
[24 24 92]	[ 1  1 80]
[24 24 92]	[ 1  1 76]
[24 24 92]	[ 1 24 80]
[24 24 92]	[24 24 78]
[24 24 92]	[24 24 76]
[24 24 92]	[24  1 74]
[24 24 92]	[ 1  1 76]
[24 24 92]	[ 1  1 78]
[24 24 92]	[ 1 24 80]
[-1 -1 -1]	[24 24 78]
[24 24 92]	[24 24 76]
[24 24 92]	[24  1 74]
[24 24 92]	[ 1  1 73]
[24 24 92]	[ 1  1 73]
[24 24 92]	[ 1  1 73]
[24 24 92]	[ 1  1 73]
[24 24 92]	[ 1  1 73]
[24 24 92]	[ 1  1 81]
[24 24 92]	[ 1  1 80]
[24 24 92]	[ 1  1 78]
[24 24 92]	[ 1  1 78]
[24 24 92]	[ 1  1 80]
[24 24 92]	[ 1  1 76]
[24 24 92]	[ 1  1 76]
[24 24 92]	[ 1  1 76]
[24 24 92]	[ 1  1 76]
[24 24 92]	[ 1  1 76]
[24 24 92]	[ 1  1 76]
[24 24 92]	[ 1  1 76]
[24 24 92]	[ 1  1 76]
[24 24 92]	[ 1  1 78]
[24 24 92]	[ 1  1 76]
[24 24 92]	[ 1  1 74]
[24 24 92]	[ 1  1 74]
[24 24 92]	[ 1  1 76]
[24 24 92]	[ 1  1 73]
[24 24 92]	[ 1  1 73]
[24 24 92]	[ 1  1 73]
[24 24 92]	[ 1  1 73]
[24 24 92]	[ 1  1 78]
[24 24 92]	[ 1 18 76]
[24 24 92]	[18 18 76]
[24 24 92]	[18 18 80]
[24 24 92]	[18  1 78]
[24 24 92]	[ 1  1 78]
[24 24 92]	[ 1  1 81]
[24 24 92]	[ 1 18 80]
[24 24 92]	[18 18 80]
[24 24 92]	[18 18 83]
[24 24 92]	[18 18 81]
[24 24 92]	[18 18 81]
[24 24 92]	[18 18 85]
[24 24 92]	[18 18 85]
[24 24 92]	[18 18 83]
[24 24 92]	[18 18 83]
[24 24 92]	[18 18 81]
[24 24 92]	[18 18 81]
[24 24 92]	[18  1 80]
[24 24 92]	[ 1  1 80]
[24 24 92]	[ 1  1 73]
[24 24 92]	[ 1  1 73]
[24 24 92]	[ 1  1 73]
[24 24 92]	[ 1  1 73]
[24 24 92]	[ 1  1 73]
[24 24 92]	[ 1  1 73]
[24 24 92]	[ 1  1 73]
[24 24 92]	[ 1  1 81]
[24 24 92]	[ 1  1 80]
[24 24 92]	[ 1  1 78]
[24 24 92]	[ 1  1 78]
[24 24 92]	[ 1  1 80]
[24 24 92]	[ 1  1 76]
[24 24 92]	[ 1  1 76]
[24 24 92]	[ 1  1 76]
[24 24 92]	[ 1  1 76]
[24 24 92]	[ 1  1 76]
[24 24 92]	[ 1  1 76]
[24 24 92]	[ 1  1 76]
[24 24 92]	[ 1  1 76]
[24 24 92]	[ 1  1 78]
[24 24 92]	[ 1  1 76]
[24 24 92]	[ 1  1 74]
[24 24 92]	[ 1  1 74]
[24 24 92]	[ 1  1 76]
[24 24 92]	[ 1  1 73]
[24 24 92]	[ 1  1 73]
[24 24 92]	[ 1 24 73]
[24 24 92]	[24 24 74]
[24 24 92]	[24 24 73]
[24 24 92]	[24 24 71]
[24 24 92]	[24 24 80]
[24 24 92]	[24 24 78]
[24 24 92]	[24 24 76]
[24 24 92]	[24 24 83]
[24 24 92]	[24 24 81]
[24 24 92]	[24 24 80]
[24 24 92]	[24 24 80]
[24 24 92]	[24 24 78]
[24 24 92]	[24  1 76]
[24 24 92]	[ 1  1 80]
[24 24 92]	[ 1  1 78]
[24 24 92]	[ 1  1 78]
[24 24 92]	[ 1  1 76]
[24 24 92]	[ 1  1 76]
[24 24 92]	[ 1  1 74]
[24 24 92]	[ 1  1 74]
[24 24 92]	[ 1  1 73]
[24 24 92]	[ 1  1 73]
[24 24 92]	[ 1  1 85]
[24 24 92]	[ 1 24 85]
[24 24 92]	[24 24 83]
[24 24 92]	[24 24 78]
[24 24 92]	[24 24 83]
[24 24 92]	[24  1 86]
[24 24 92]	[ 1  1 85]
[24 24 92]	[ 1 24 85]
[24 24 92]	[24 24 83]
[24 24 92]	[24 24 78]
[24 24 92]	[24 24 83]
[24 24 92]	[24  1 86]
[24 24 92]	[ 1  1 85]
[24 24 92]	[ 1  1 85]
[24 24 92]	[ 1  1 83]
[24 24 92]	[ 1  1 81]
[24 24 92]	[ 1  1 80]
[24 24 92]	[ 1  1 78]
[24 24 92]	[ 1  1 76]
[24 24 92]	[ 1  1 78]
[24 24 92]	[ 1  1 80]
[24 24 92]	[ 1  1 81]
[24 24 92]	[ 1 24 80]
[24 24 92]	[24 24 80]
[24 24 92]	[24 24 81]
[24 24 92]	[24 24 83]
[24 24 92]	[24 24 81]
[24 24 92]	[24 24 83]
[24 24 92]	[24 24 81]
[24 24 92]	[24 24 80]
[24 24 92]	[24 24 78]
[24 24 92]	[24 24 76]
[24 24 92]	[24 24 78]
[24 24 92]	[24 24 80]
[24 24 92]	[24 24 78]
[24 24 92]	[24 24 80]
[24 24 92]	[24 24 78]
[24 24 92]	[24 24 76]
[24 24 92]	[24  1 74]
[24 24 92]	[ 1  1 80]
[24 24 92]	[ 1  1 78]
[24 24 92]	[ 1  1 78]
[24 24 92]	[ 1  1 76]
[24 24 92]	[ 1  1 76]
[24 24 92]	[ 1  1 74]
[24 24 92]	[ 1  1 74]
[24 24 92]	[ 1  1 73]
[24 24 92]	[ 1 13 73]
[24 24 92]	[13 13 80]
[24 24 92]	[13 13 85]
[24 24 92]	[13 13 85]
[24 24 92]	[13 13 80]
[24 24 92]	[13 13 80]
[24 24 92]	[13 13 80]
[24 24 92]	[13 13 85]
[24 24 92]	[13 13 85]
[24 24 92]	[13 13 80]
[24 24 92]	[13 13 80]
[24 24 92]	[13 13 80]
[24 24 92]	[13 13 85]
[24 24 92]	[13 13 85]
[24 24 92]	[13  1 83]
[24 24 92]	[ 1  1 83]
[24 24 92]	[ 1  1 81]
[24 24 92]	[ 1  1 81]
[24 24 92]	[ 1  1 80]
[24 24 92]	[ 1  1 80]
[24 24 92]	[ 1  1 78]
[24 24 92]	[ 1  1 78]
[24 24 92]	[ 1 18 77]
[24 24 92]	[18 12 78]
[24 24 92]	[12 12 78]
[24 24 92]	[12 12 83]
[24 24 92]	[12 12 83]
[24 24 92]	[12 12 78]
[24 24 92]	[12 12 78]
[24 24 92]	[12 12 78]
[24 24 92]	[12 12 83]
[24 24 92]	[12 12 83]
[24 24 92]	[12 12 78]
[24 24 92]	[12 13 78]
[24 24 92]	[13 13 76]
[24 24 92]	[13 13 78]
[24 24 92]	[13 13 80]
[24 24 92]	[13  8 76]
[-1 -1 -1]	[ 8  8 78]
[24 24 92]	[ 8  8 76]
[24 24 92]	[ 8  1 74]
[24 24 92]	[ 1  1 73]
[24 24 92]	[ 1  1 74]
[24 24 92]	[ 1  1 73]
[24 24 92]	[ 1  1 74]
[24 24 92]	[ 1  1 76]
[24 24 92]	[ 1  1 78]
[24 24 92]	[ 1  1 76]
[24 24 92]	[ 1  1 74]
[24 24 92]	[ 1  1 76]
[24 24 92]	[ 1  1 73]
[24 24 92]	[ 1  1 68]
[24 24 92]	[ 1  1 73]
[24 24 92]	[ 1  1 76]
[24 24 92]	[ 1  1 78]
[24 24 92]	[ 1  1 76]
[24 24 92]	[ 1  1 78]
[24 24 92]	[ 1  1 80]
[24 24 92]	[ 1  1 81]
[24 24 92]	[ 1  1 80]
[24 24 92]	[ 1  1 78]
[24 24 92]	[ 1  1 80]
[24 24 92]	[ 1  1 76]
[24 24 92]	[ 1  1 73]
[24 24 92]	[ 1  1 76]
[24 24 92]	[ 1  1 76]
[24 24 92]	[ 1  1 73]
[24 24 92]	[ 1  1 76]
[24 24 92]	[ 1  1 80]
[24 24 92]	[ 1  1 83]
[24 24 92]	[ 1  1 81]
[24 24 92]	[ 1  1 80]
[24 24 92]	[ 1  1 78]
[24 24 92]	[ 1 24 76]
[24 24 92]	[24 24 78]
[24 24 92]	[24 24 76]
[24 24 92]	[24 24 74]
[24 24 92]	[24 24 73]
[24 24 92]	[24 24 71]
[24 24 92]	[24 24 70]
[24 24 92]	[24 24 71]
[24 24 92]	[24 24 73]
[24 24 92]	[24 24 74]
[24 24 92]	[24 24 76]
[24 24 92]	[24 24 78]
[24 24 92]	[24 24 76]
[24 24 92]	[24  1 74]
[24 24 92]	[ 1  1 76]
[24 24 92]	[ 1  1 74]
[24 24 92]	[ 1  1 73]
[24 24 92]	[ 1  1 80]
[24 24 92]	[ 1  1 80]
[24 24 92]	[ 1  1 80]
[24 24 92]	[ 1  1 80]
[24 24 92]	[ 1  1 80]
[24 24 92]	[ 1  1 80]
[24 24 92]	[ 1  1 80]
[24 24 92]	[ 1  1 80]
[24 24 92]	[ 1  1 81]
[24 24 92]	[ 1  1 80]
[24 24 92]	[ 1  1 81]
[24 24 92]	[ 1  1 80]
[24 24 92]	[ 1  1 78]
[24 24 92]	[ 1  1 76]
[24 24 92]	[ 1  1 78]
[24 24 92]	[ 1  1 76]
[24 24 92]	[ 1  1 78]
[24 24 92]	[ 1  1 80]
[24 24 92]	[ 1  1 80]
[24 24 92]	[ 1  1 81]
[24 24 92]	[ 1  1 80]
[24 24 92]	[ 1  1 81]
[24 24 92]	[ 1  1 80]
[24 24 92]	[ 1  1 78]
[24 24 92]	[ 1  1 76]
[24 24 92]	[ 1  1 78]
[24 24 92]	[ 1  1 76]
[24 24 92]	[ 1  1 74]
[24 24 92]	[ 1  1 73]
[24 24 92]	[ 1  1 73]
[24 24 92]	[ 1  1 80]
[24 24 92]	[ 1  1 81]
[24 24 92]	[ 1  1 80]
[24 24 92]	[ 1  1 81]
[24 24 92]	[ 1  1 80]
[24 24 92]	[ 1  1 78]
[24 24 92]	[ 1  1 76]
[24 24 92]	[ 1  1 78]
[24 24 92]	[ 1  1 80]
[24 24 92]	[ 1 24 81]
[24 24 92]	[24 24 83]
[24 24 92]	[24 24 83]
[24 24 92]	[24 24 81]
[24 24 92]	[24 24 81]
[24 24 92]	[24 24 80]
[24 24 92]	[24 24 80]
[24 24 92]	[24 24 78]
[24 24 92]	[24 24 78]
[24 24 92]	[24 24 76]
[24 24 92]	[24 24 76]
[24 24 92]	[24 24 78]
[24 24 92]	[24 24 76]
[24 24 92]	[24  1 74]
[24 24 92]	[ 1  1 73]
[24 24 92]	[ 1  1 76]
[24 24 92]	[ 1  1 74]
[24 24 92]	[ 1  1 73]
[24 24 92]	[ 1  1 71]
[24 24 92]	[ 1  1 73]
[24 24 92]	[ 1  1 74]
[24 24 92]	[ 1  1 76]
[24 24 92]	[ 1  1 78]
[24 24 92]	[ 1  1 76]
[24 24 92]	[ 1  1 74]
[24 24 92]	[ 1  1 73]
[24 24 92]	[ 1  1 73]
[24 24 92]	[ 1  1 81]
[24 24 92]	[ 1  1 80]
[24 24 92]	[ 1  1 78]
[24 24 92]	[ 1  1 76]
[24 24 92]	[ 1  1 78]
[24 24 92]	[ 1  1 80]
[24 24 92]	[ 1  1 81]
[24 24 92]	[ 1  1 80]
[24 24 92]	[ 1  1 85]
[24 24 92]	[ 1  1 85]
[24 24 92]	[ 1  1 83]
[24 24 92]	[ 1  1 81]
[24 24 92]	[ 1  1 80]
[24 24 92]	[ 1  1 78]
[24 24 92]	[ 1  1 76]
[24 24 92]	[ 1  1 78]
[24 24 92]	[ 1  1 80]
[24 24 92]	[ 1  1 81]
[24 24 92]	[ 1  1 83]
[24 24 92]	[ 1  1 81]
[24 24 92]	[ 1  1 80]
[24 24 92]	[ 1  1 78]
[24 24 92]	[ 1  1 76]
[24 24 92]	[ 1  1 74]
[24 24 92]	[ 1  1 73]
[24 24 92]	[ 1 24 71]
[24 24 92]	[24 24 70]
[24 24 92]	[24 24 71]
[24 24 92]	[24 24 73]
[24 24 92]	[24 24 74]
[24 24 92]	[24 24 76]
[24 24 92]	[24 24 78]
[24 24 92]	[24 24 76]
[-1 -1 -1]	[24  1 74]
[24 24 92]	[ 1  1 76]
[24 24 92]	[ 1  1 74]
[24 24 92]	[ 1  1 73]
[24 24 92]	[ 1  1 77]
[24 24 92]	[ 1  1 76]
[24 24 92]	[ 1  1 76]
[24 24 92]	[ 1  1 76]
[24 24 92]	[ 1  1 76]
[24 24 92]	[ 1  1 76]
[24 24 92]	[ 1  1 77]
[24 24 92]	[ 1  1 73]
[24 24 92]	[ 1  1 76]
[24 24 92]	[ 1  1 80]
[24 24 92]	[ 1  1 78]
[24 24 92]	[ 1  1 77]
[24 24 92]	[ 1  1 78]
[24 24 92]	[ 1  1 80]
[24 24 92]	[ 1  1 76]
[24 24 92]	[ 1  1 78]
[24 24 92]	[ 1  1 80]
[24 24 92]	[ 1  1 77]
[24 24 92]	[ 1  1 74]
[24 24 92]	[ 1  1 76]
[24 24 92]	[ 1  1 74]
[24 24 92]	[ 1  1 73]
[24 24 92]	[ 1  1 73]
[24 24 92]	[ 1  1 73]
[24 24 92]	[ 1  1 77]
[24 24 92]	[ 1  1 76]
[24 24 92]	[ 1  1 76]
[24 24 92]	[ 1  1 76]
[24 24 92]	[ 1  1 76]
[24 24 92]	[ 1  1 76]
[24 24 92]	[ 1  1 77]
[24 24 92]	[ 1  1 73]
[24 24 92]	[ 1  1 76]
[24 24 92]	[ 1  1 80]
[24 24 92]	[ 1  1 78]
[24 24 92]	[ 1  1 77]
[24 24 92]	[ 1  1 78]
[24 24 92]	[ 1  1 80]
[24 24 92]	[ 1 24 78]
[24 24 92]	[24 24 76]
[24 24 92]	[24  1 74]
[24 24 92]	[ 1  1 73]
[24 24 92]	[ 1  1 85]
[24 24 92]	[ 1  1 73]
[24 24 92]	[ 1  1 81]
[24 24 92]	[ 1  1 80]
[24 24 92]	[ 1  1 78]
[24 24 92]	[ 1  1 77]
[24 24 92]	[ 1  1 78]
[24 24 92]	[ 1  1 80]
[24 24 92]	[ 1  1 78]
[24 24 92]	[ 1  1 81]
[24 24 92]	[ 1 18 80]
[24 24 92]	[18 18 78]
[24 24 92]	[18 18  0]
[24 24 92]	[18 18 78]
[24 24 92]	[18 18 77]
[24 24 92]	[18 18 78]
[24 24 92]	[18 18 80]
[24 24 92]	[18 18 81]
[24 24 92]	[18 18 80]
[24 24 92]	[18 18 78]
[24 24 92]	[18 18 80]
[24 24 92]	[18 18 78]
[24 24 92]	[18 18 77]
[24 24 92]	[18 18 74]
[24 24 92]	[18 18 73]
[24 24 92]	[18  1 74]
[24 24 92]	[ 1  1 77]
[24 24 92]	[ 1  1 80]
[24 24 92]	[ 1  1 78]
[24 24 92]	[ 1  1 78]
[24 24 92]	[ 1  1 77]
[24 24 92]	[ 1  1 76]
[24 24 92]	[ 1  1 74]
[24 24 92]	[ 1  1 74]
[24 24 92]	[ 1  1 73]
[24 24 92]	[ 1  1 73]
[24 24 92]	[ 1  1 77]
[24 24 92]	[ 1  1 78]
[24 24 92]	[ 1  1 80]
[24 24 92]	[ 1  1 78]
[24 24 92]	[ 1  1 81]
[24 24 92]	[ 1 18 80]
[24 24 92]	[18 24 78]
[24 24 92]	[24 24 83]
[24 24 92]	[24 24 83]
[24 24 92]	[24 24 81]
[24 24 92]	[24 24 80]
[24 24 92]	[24 24 78]
[24 24 92]	[24 24 77]
[24 24 92]	[24 24 71]
[24 24 92]	[24 24 73]
[24 24 92]	[24  1 74]
[24 24 92]	[ 1  1 73]
[24 24 92]	[1 1 0]
[24 24 92]	[ 1  1 81]
[24 24 92]	[ 1  1 80]
[24 24 92]	[ 1  1 78]
[24 24 92]	[ 1  1 73]
[24 24 92]	[ 1  1 73]
[24 24 92]	[1 1 0]
[24 24 92]	[1 1 0]
[24 24 92]	[ 1 24 81]
[24 24 92]	[24 24 81]
[24 24 92]	[24 24 83]
[24 24 92]	[24 24 83]
[24 24 92]	[24 24 83]
[24 24 92]	[24 24 81]
[24 24 92]	[24 24 83]
[24 24 92]	[24 24 81]
[24 24 92]	[24 18 80]
[24 24 92]	[18 18 80]
[24 24 92]	[18 18 81]
[24 24 92]	[18 18 81]
[24 24 92]	[18 18 81]
[24 24 92]	[18 18 80]
[24 24 92]	[18 18 81]
[24 24 92]	[18 18 80]
[24 24 92]	[18 18 78]
[24 24 92]	[18 18 78]
[24 24 92]	[18 18 76]
[24 24 92]	[18 18 76]
[24 24 92]	[18  5 78]
[24 24 92]	[ 5  5 78]
[24 24 92]	[ 5  5 83]
[24 24 92]	[ 5  5 81]
[24 24 92]	[ 5 10 80]
[24 24 92]	[10 10 81]
[24 24 92]	[10 24 88]
[24 24 92]	[24 24 81]
[24 24 92]	[24 24 83]
[24 24 92]	[24 24 83]
[24 24 92]	[24 24 83]
[24 24 92]	[24 24 83]
[24 24 92]	[24 24 81]
[24 24 92]	[24 24 83]
[24 24 92]	[24 24 81]
[24 24 92]	[24 18 80]
[24 24 92]	[18 18 80]
[24 24 92]	[18 18 81]
[24 24 92]	[18 18 81]
[24 24 92]	[18 18 81]
[24 24 92]	[18 18 81]
[24 24 92]	[18 18 80]
[24 24 92]	[18 18 81]
[24 24 92]	[18 18 80]
[24 24 92]	[18 24 78]
[24 24 92]	[24 24 78]
[24 24 92]	[24 24 86]
[24 24 92]	[24 24 85]
[24 24 92]	[24  1 83]
[24 24 92]	[ 1  1 81]
[24 24 92]	[ 1  1 83]
[24 24 92]	[ 1  1 80]
[-1 -1 -1]	[ 1 18 81]
[24 24 92]	[18 18 78]
[24 24 92]	[18 18 78]
[24 24 92]	[18 18  0]
[24 24 92]	[18 18  0]
[24 24 92]	[18 18  0]
[24 24 92]	[18 18  0]
[24 24 92]	[18 18  0]
[24 24 92]	[18  1  0]
[24 24 92]	[1 1 0]
[24 24 92]	[1 1 0]
[24 24 92]	[1 1 0]
[24 24 92]	[1 1 0]
[24 24 92]	[1 1 0]
[24 24 92]	[ 1 18  0]
[24 24 92]	[18 18  0]
[24 24 92]	[18 18  0]
[24 24 92]	[18 18  0]
[24 24 92]	[18 18  0]
[24 24 92]	[18 18  0]
[24 24 92]	[18 18  0]
[24 24 92]	[18 24  0]
[24 24 92]	[24 24  0]
[24 24 92]	[24 24  0]
[24 24 92]	[24  1  0]
[24 24 92]	[1 1 0]
[24 24 92]	[1 1 0]
[24 24 92]	[ 1 18 73]
[24 24 92]	[18 18 73]
[24 24 92]	[18 18 73]
[24 24 92]	[18 24 73]
[24 24 92]	[24 24 73]
[24 24 92]	[24 24 73]
[24 24 92]	[24 24 73]
[24 24 92]	[24  1 73]
[24 24 92]	[ 1  1 73]
[24 24 92]	[ 1  1 73]
[24 24 92]	[ 1 24 73]
[24 24 92]	[24 24 73]
[24 24 92]	[24 24 73]
[24 24 92]	[24 24 73]
[24 24 92]	[24  1 73]
[24 24 92]	[ 1  1 73]
[24 24 92]	[ 1  1 73]
[24 24 92]	[1 1 0]
[24 24 92]	[ 1 24  0]
[24 24 92]	[24  1  0]
[24 24 92]	[1 1 0]
[24 24 92]	[1 1 0]
[24 24 92]	[1 1 0]
[24 24 92]	[1 1 0]
[24 24 92]	[ 1 24  0]
[24 24 92]	[24 24  0]
[24 24 92]	[24 18  0]
[24 24 92]	[18 18  0]
[24 24 92]	[18 18  0]
[24 24 92]	[18 18  0]
[24 24 92]	[18  1  0]
[24 24 92]	[1 1 0]
[24 24 92]	[1 1 0]
[24 24 92]	[1 1 0]
[24 24 92]	[ 1 18  0]
[24 24 92]	[18 18  0]
[24 24 92]	[18 18  0]
[24 24 92]	[18 18  0]
[24 24 92]	[18  1  0]
[24 24 92]	[1 1 0]
[24 24 92]	[ 1 24  0]
[24 24 92]	[24 24  0]
[24 24 92]	[24  1  0]
[24 24 92]	[1 1 0]
[24 24 92]	[1 1 0]
[24 24 92]	[ 1 24  0]
[24 24 92]	[24 24  0]
[24 24 92]	[24 24  0]
[24 24 92]	[24 24  0]
[24 24 92]	[24  1  0]
[24 24 92]	[1 1 0]
[24 24 92]	[1 1 0]
[24 24 92]	[1 1 0]
[24 24 92]	[1 1 0]
[24 24 92]	[ 1  1 78]
[24 24 92]	[ 1  1 80]
[24 24 92]	[ 1  1 81]
[24 24 92]	[ 1  1 83]
[24 24 92]	[ 1 18 83]
[24 24 92]	[18  1 83]
[24 24 92]	[ 1  1 83]
[24 24 92]	[ 1 24 83]
[24 24 92]	[24 24 83]
[24 24 92]	[24 24 83]
[24 24 92]	[24 24 83]
[24 24 92]	[24 24 83]
[24 24 92]	[24 24 83]
[24 24 92]	[24 24 83]
[24 24 92]	[24 24 83]
[24 24 92]	[24 24 83]
[24 24 92]	[24  1 83]
[24 24 92]	[ 1  1 83]
[24 24 92]	[1 1 0]
[24 24 92]	[1 1 0]
[24 24 92]	[1 1 0]
[24 24 92]	[ 1 24  0]
[24 24 92]	[24 24  0]
[24 24 92]	[24 24  0]
[24 24 92]	[24 24  0]
[-1 -1 -1]	[24  1  0]
[24 24 92]	[1 1 0]
[24 24 92]	[1 1 0]
[24 24 92]	[ 1  1 73]
[24 24 92]	[ 1  1 76]
[24 24 92]	[ 1  1 76]
[24 24 92]	[ 1  1 80]
[24 24 92]	[ 1  1 80]
[24 24 92]	[ 1  1 78]
[24 24 92]	[ 1  1 78]
[24 24 92]	[ 1  1 80]
[24 24 92]	[ 1  1 80]
[24 24 92]	[ 1  1 76]
[24 24 92]	[ 1  1 76]
[24 24 92]	[ 1  1 78]
[24 24 92]	[ 1  1 78]
[24 24 92]	[ 1  1 74]
[24 24 92]	[ 1  1 74]
[24 24 92]	[ 1  1 78]
[24 24 92]	[ 1  1 76]
[24 24 92]	[ 1 24 74]
[24 24 92]	[24 24 73]
[24 24 92]	[24 24 71]
[24 24 92]	[24 24 73]
[24 24 92]	[24  1 74]
[24 24 92]	[ 1  1 76]
[24 24 92]	[ 1  1 73]
[24 24 92]	[ 1  1 76]
[24 24 92]	[ 1  1 74]
[24 24 92]	[ 1  1 73]
[24 24 92]	[ 1  1 71]
[24 24 92]	[ 1  1 73]
[24 24 92]	[ 1  1 73]
[24 24 92]	[1 1 0]
[24 24 92]	[ 1 24 85]
[24 24 92]	[24 24 83]
[24 24 92]	[24 24 86]
[24 24 92]	[24 24 85]
[24 24 92]	[24 24 83]
[24 24 92]	[24 24 81]
[24 24 92]	[24 24 80]
[24 24 92]	[24 24 78]
[24 24 92]	[24 24 80]
[24 24 92]	[24 24 81]
[24 24 92]	[24 24 83]
[24 24 92]	[24 24 81]
[24 24 92]	[24 24 80]
[24 24 92]	[24 24 78]
[24 24 92]	[24 24 76]
[24 24 92]	[24 24 78]
[24 24 92]	[24 24 80]
[24 24 92]	[24 24 81]
[24 24 92]	[24 24 83]
[24 24 92]	[24 24 81]
[24 24 92]	[24 24 80]
[24 24 92]	[24 24 78]
[24 24 92]	[24 24 76]
[24 24 92]	[24 24 78]
[24 24 92]	[24 24 74]
[24 24 92]	[24  1 76]
[24 24 92]	[ 1 24 73]
[24 24 92]	[24 24 71]
[24 24 92]	[24 24 73]
[24 24 92]	[24 24 74]
[24 24 92]	[24 24 71]
[24 24 92]	[24 24 73]
[24 24 92]	[24 24 74]
[24 24 92]	[24 24 71]
[24 24 92]	[24 24 73]
[24 24 92]	[24 24 74]
[24 24 92]	[24 24 71]
[24 24 92]	[24 24 71]
[24 24 92]	[24 24 70]
[24 24 92]	[24 24 71]
[24 24 92]	[24 24 73]
[24 24 92]	[24 24 74]
[24 24 92]	[24 24 76]
[24 24 92]	[24 24 78]
[24 24 92]	[24 24 76]
[24 24 92]	[24  1 74]
[24 24 92]	[ 1  1 73]
[24 24 92]	[ 1  1 73]
[-1 -1 -1]	[ 1  1 73]
[24 24 92]	[ 1  1 73]
[24 24 92]	[ 1 -1 73]
[24 24 92]	[-1 13 71]
[24 24 92]	[13 13 73]
[24 24 92]	[13 13 73]
[24 24 92]	[13 13 71]
[24 24 92]	[13 13 73]
[24 24 92]	[13 13 74]
[24 24 92]	[13 18 73]
[24 24 92]	[18 18 78]
[24 24 92]	[18 13 80]
[24 24 92]	[13 24 76]
[24 24 92]	[24 24 74]
[24 24 92]	[24 24 73]
[24 24 92]	[24 13 74]
[24 24 92]	[13 13 73]
[24 24 92]	[13 13 71]
[24 24 92]	[13 13 73]
[24 24 92]	[13 13 73]
[24 24 92]	[13 13 71]
[24 24 92]	[13 13 73]
[24 24 92]	[13 13 74]
[24 24 92]	[13 18 73]
[24 24 92]	[18 18 78]
[24 24 92]	[18 18 76]
[24 24 92]	[18 18 78]
[24 24 92]	[18 13 80]
[24 24 92]	[13 13 76]
[24 24 92]	[13 24 76]
[24 24 92]	[24 24 76]
[24 24 92]	[24 24 74]
[24 24 92]	[24 24 73]
[24 24 92]	[24 24 74]
[24 24 92]	[24 13 73]
[24 24 92]	[13 13 73]
[24 24 92]	[13 13 73]
[24 24 92]	[13 13 71]
[24 24 92]	[13 13 73]
[24 24 92]	[13 13 73]
[24 24 92]	[13 13 71]
[24 24 92]	[13 13 73]
[24 24 92]	[13 13 74]
[24 24 92]	[13 18 73]
[24 24 92]	[18 18 78]
[24 24 92]	[18 13 80]
[24 24 92]	[13 24 76]
[24 24 92]	[24 24 74]
[24 24 92]	[24 24 73]
[24 24 92]	[24 13 74]
[24 24 92]	[13 13 73]
[24 24 92]	[13 13 71]
[24 24 92]	[13 13 73]
[24 24 92]	[13 13 73]
[24 24 92]	[13 13 71]
[24 24 92]	[13 13 73]
[24 24 92]	[13 13 74]
[24 24 92]	[13 18 73]
[24 24 92]	[18 18 78]
[24 24 92]	[18 18 76]
[24 24 92]	[18 18 78]
[24 24 92]	[18 13 80]
[24 24 92]	[13 13 76]
[24 24 92]	[13 24 76]
[24 24 92]	[24 24 76]
[24 24 92]	[24 24 74]
[24 24 92]	[24 24 73]
[24 24 92]	[24 24 74]
[24 24 92]	[24 13 73]
[24 24 92]	[13 13 73]
[24 24 92]	[13 13  0]
[24 24 92]	[13 13 73]
[24 24 92]	[13 13 80]
[24 24 92]	[13 13 80]
[24 24 92]	[13 13 80]
[24 24 92]	[13 13 80]
[24 24 92]	[13 13 78]
[24 24 92]	[13 13 81]
[24 24 92]	[13 13 80]
[24 24 92]	[13 13 76]
[24 24 92]	[13 13 78]
[24 24 92]	[13 13 80]
[24 24 92]	[13 13 78]
[24 24 92]	[13 13 76]
[24 24 92]	[13 13 74]
[24 24 92]	[13 13 73]
[24 24 92]	[13 13 74]
[24 24 92]	[13 13 73]
[24 24 92]	[13 13 71]
[24 24 92]	[13 13 73]
[24 24 92]	[13 13 73]
[24 24 92]	[13 13 71]
[24 24 92]	[13 13 73]
[24 24 92]	[13 13 74]
[24 24 92]	[13 13 73]
[24 24 92]	[13 24 76]
[24 24 92]	[24 24 74]
[24 24 92]	[24 24 73]
[24 24 92]	[24 13 74]
[24 24 92]	[13 13 73]
[24 24 92]	[13 13 71]
[24 24 92]	[13 13 73]
[24 24 92]	[13 13 73]
[24 24 92]	[13 13 71]
[24 24 92]	[13 13 73]
[24 24 92]	[13 13 74]
[24 24 92]	[13 18 73]
[24 24 92]	[18 18 78]
[24 24 92]	[18 18 76]
[24 24 92]	[18 18 78]
[24 24 92]	[18 13 80]
[24 24 92]	[13 13 76]
[24 24 92]	[13 24 76]
[24 24 92]	[24 24 76]
[24 24 92]	[24 24 74]
[24 24 92]	[24 24 73]
[24 24 92]	[24 24 74]
[-1 -1 -1]	[24 13 73]
[24 24 92]	[13 13 73]
[24 24 92]	[13  1 73]
[24 24 92]	[ 1  1 73]
[24 24 92]	[ 1  1 80]
[24 24 92]	[ 1  1 80]
[24 24 92]	[ 1 24 80]
[24 24 92]	[24 24 78]
[24 24 92]	[24 24 77]
[24 24 92]	[24  1 74]
[24 24 92]	[ 1  1 73]
[24 24 92]	[ 1  1 77]
[24 24 92]	[ 1  1 78]
[24 24 92]	[ 1 24 80]
[24 24 92]	[24 24 83]
[24 24 92]	[24 24 81]
[24 24 92]	[24  1 78]
[24 24 92]	[ 1  1 80]
[24 24 92]	[ 1  1 73]
[24 24 92]	[ 1  1 80]
[24 24 92]	[ 1  1 80]
[24 24 92]	[ 1 24 80]
[24 24 92]	[24 24 78]
[24 24 92]	[24 24 77]
[24 24 92]	[24  1 74]
[24 24 92]	[ 1  1 73]
[24 24 92]	[ 1  1 71]
[24 24 92]	[ 1  1 73]
[24 24 92]	[ 1  1 73]
[24 24 92]	[ 1 24 73]
[24 24 92]	[24 24 78]
[24 24 92]	[24 24 77]
[24 24 92]	[24  1 74]
[24 24 92]	[ 1  1 73]
[24 24 92]	[ 1  1 71]
[24 24 92]	[ 1  1 73]
[24 24 92]	[ 1  1 73]
[24 24 92]	[ 1 24 73]
[24 24 92]	[24 24 78]
[24 24 92]	[24 24 77]
[24 24 92]	[24  1 74]
[24 24 92]	[ 1  1 76]
[24 24 92]	[ 1  1 77]
[24 24 92]	[ 1  1 78]
[24 24 92]	[ 1 18 80]
[24 24 92]	[18 18 81]
[24 24 92]	[18 18 81]
[24 24 92]	[18 18 80]
[24 24 92]	[18  1 78]
[24 24 92]	[ 1 13 80]
[24 24 92]	[13 13 80]
[24 24 92]	[13 13 81]
[24 24 92]	[13 24 83]
[24 24 92]	[24 24 83]
[24 24 92]	[24 24 81]
[24 24 92]	[24 13 83]
[24 24 92]	[13 13 80]
[24 24 92]	[13 13 83]
[24 24 92]	[13 13 81]
[24 24 92]	[13  1 80]
[24 24 92]	[ 1  1 80]
[24 24 92]	[ 1  1 78]
[24 24 92]	[ 1 24 77]
[24 24 92]	[24 24 78]
[24 24 92]	[24 24 77]
[24 24 92]	[24  1 74]
[24 24 92]	[ 1 13 73]
[24 24 92]	[13 13 80]
[24 24 92]	[13 13 81]
[24 24 92]	[13 24 83]
[24 24 92]	[24 24 83]
[24 24 92]	[24 24 81]
[24 24 92]	[24 24 83]
[24 24 92]	[24 18 83]
[24 24 92]	[18 18 81]
[24 24 92]	[18 18 80]
[24 24 92]	[18 24 78]
[24 24 92]	[24 24 83]
[24 24 92]	[24 24 86]
[24 24 92]	[24  5 85]
[24 24 92]	[ 5  5 83]
[24 24 92]	[ 5  5 81]
[24 24 92]	[ 5  5 80]
[24 24 92]	[ 5  5 83]
[24 24 92]	[ 5  5 81]
[24 24 92]	[ 5  1 80]
[24 24 92]	[ 1 13 80]
[24 24 92]	[13 13 80]
[24 24 92]	[13 13 81]
[24 24 92]	[13 24 83]
[24 24 92]	[24 24 83]
[24 24 92]	[24 24 81]
[24 24 92]	[24 24 83]
[24 24 92]	[24 18 83]
[24 24 92]	[18 18 81]
[24 24 92]	[18 18 80]
[24 24 92]	[18  1 78]
[24 24 92]	[ 1  1 81]
[24 24 92]	[ 1  1 80]
[24 24 92]	[ 1 24 80]
[24 24 92]	[24 24 78]
[24 24 92]	[24 24 77]
[24 24 92]	[24  1 74]
[24 24 92]	[ 1 24 73]
[24 24 92]	[24 24 71]
[24 24 92]	[24 24 73]
[24 24 92]	[24 24 74]
[24 24 92]	[24 24 74]
[24 24 92]	[24 24 74]
[24 24 92]	[24 24 74]
[24 24 92]	[24 24 74]
[24 24 92]	[24 24 74]
[24 24 92]	[24  1 74]
[24 24 92]	[ 1  1 71]
[24 24 92]	[ 1  1 73]
[24 24 92]	[ 1  1 73]
[24 24 92]	[ 1  1 71]
[24 24 92]	[ 1  1 73]
[24 24 92]	[ 1  1 73]
[24 24 92]	[ 1 24 73]
[24 24 92]	[24 24 71]
[24 24 92]	[24 24 73]
[24 24 92]	[24 24 74]
[24 24 92]	[24 24 74]
[24 24 92]	[24 24 74]
[24 24 92]	[24 24 74]
[24 24 92]	[24 24 74]
[24 24 92]	[24 24 74]
[24 24 92]	[24  1 74]
[24 24 92]	[ 1  1 71]
[24 24 92]	[ 1  1 73]
[24 24 92]	[ 1  1 73]
[24 24 92]	[ 1  1 71]
[24 24 92]	[ 1  1 73]
[24 24 92]	[ 1  1 73]
[24 24 92]	[ 1 24 73]
[24 24 92]	[24 24 71]
[24 24 92]	[24 18 83]
[24 24 92]	[18 18 81]
[24 24 92]	[18 18 80]
[24 24 92]	[18  1 78]
[24 24 92]	[ 1  1 77]
[24 24 92]	[ 1  1 77]
[24 24 92]	[ 1  3 80]
[24 24 92]	[ 3  3 78]
[24 24 92]	[ 3  3 77]
[24 24 92]	[ 3 18 74]
[24 24 92]	[18 24 73]
[24 24 92]	[24 24 71]
[24 24 92]	[24 18 83]
[24 24 92]	[18 18 81]
[24 24 92]	[18 18 80]
[24 24 92]	[18  1 78]
[24 24 92]	[ 1  1 77]
[24 24 92]	[ 1  1 77]
[24 24 92]	[ 1  3 80]
[24 24 92]	[ 3  3 78]
[24 24 92]	[ 3  3 77]
[24 24 92]	[ 3 18 74]
[24 24 92]	[18 18 73]
[24 24 92]	[18 18 78]
[24 24 92]	[18  1 81]
[24 24 92]	[ 1 18 80]
[24 24 92]	[18 18 78]
[24 24 92]	[18 18 77]
[24 24 92]	[18 18 78]
[24 24 92]	[18  3 81]
[24 24 92]	[ 3  3 78]
[24 24 92]	[ 3  3 77]
[24 24 92]	[ 3 18 74]
[24 24 92]	[18 18 73]
[24 24 92]	[18 18 78]
[24 24 92]	[18  1 81]
[24 24 92]	[ 1 18 80]
[24 24 92]	[18 18 78]
[24 24 92]	[18 18 77]
[24 24 92]	[18 18 78]
[24 24 92]	[18  3 81]
[24 24 92]	[ 3  3 78]
[24 24 92]	[ 3  3 77]
[24 24 92]	[ 3 18 74]
[24 24 92]	[18  1 73]
[24 24 92]	[ 1 18 80]
[24 24 92]	[18 18 83]
[24 24 92]	[18  1 81]
[24 24 92]	[ 1 18 80]
[24 24 92]	[18 18 83]
[24 24 92]	[18  1 81]
[24 24 92]	[ 1 18 80]
[24 24 92]	[18 18 83]
[24 24 92]	[18  1 81]
[24 24 92]	[ 1 18 80]
[24 24 92]	[18 18 78]
[24 24 92]	[18  1 78]
[24 24 92]	[ 1 18 80]
[24 24 92]	[18 18 83]
[24 24 92]	[18  1 81]
[24 24 92]	[ 1 18 80]
[24 24 92]	[18 18 83]
[24 24 92]	[18  1 81]
[24 24 92]	[ 1 18 80]
[24 24 92]	[18 18 83]
[24 24 92]	[18  1 81]
[-1 -1 -1]	[ 1 18 80]
[24 24 92]	[18 18 78]
[24 24 92]	[18  1 78]
[24 24 92]	[ 1  1 73]
[24 24 92]	[ 1  1 73]
[24 24 92]	[ 1  1 73]
[24 24 92]	[ 1 24 73]
[24 24 92]	[24 24 74]
[24 24 92]	[24 24 73]
[24 24 92]	[24 24 74]
[24 24 92]	[24  1 71]
[24 24 92]	[ 1  1 73]
[24 24 92]	[ 1  1 73]
[24 24 92]	[ 1  1 77]
[24 24 92]	[ 1  1 80]
[24 24 92]	[ 1  1 85]
[24 24 92]	[ 1  1 80]
[24 24 92]	[ 1  1 78]
[24 24 92]	[ 1  1 80]
[24 24 92]	[ 1  1 78]
[24 24 92]	[ 1  1 76]
[24 24 92]	[ 1  1 74]
[24 24 92]	[ 1  1 73]
[24 24 92]	[ 1  1 73]
[24 24 92]	[ 1  1 73]
[24 24 92]	[ 1 24 73]
[24 24 92]	[24 24 74]
[24 24 92]	[24 24 73]
[24 24 92]	[24 24 74]
[24 24 92]	[24  1 71]
[24 24 92]	[ 1  1 73]
[24 24 92]	[ 1  1 80]
[24 24 92]	[ 1  1 81]
[24 24 92]	[ 1  1 80]
[24 24 92]	[ 1 24 78]
[24 24 92]	[24 24 76]
[24 24 92]	[24 24 78]
[24 24 92]	[24 24 76]
[24 24 92]	[24  1 74]
[24 24 92]	[ 1  1 73]
[24 24 92]	[ 1 11  0]
[24 24 92]	[11 11 76]
[24 24 92]	[11 11 78]
[24 24 92]	[11 11 80]
[24 24 92]	[11 11 85]
[24 24 92]	[11 11 80]
[24 24 92]	[11 11 78]
[24 24 92]	[11 11 76]
[24 24 92]	[11 11 74]
[24 24 92]	[11 24 73]
[24 24 92]	[24 24 71]
[24 24 92]	[24  1  0]
[24 24 92]	[ 1  1 76]
[24 24 92]	[ 1  1 78]
[24 24 92]	[ 1  1 80]
[24 24 92]	[ 1  1 85]
[24 24 92]	[ 1  1 80]
[24 24 92]	[ 1  1 78]
[24 24 92]	[ 1  1 76]
[24 24 92]	[ 1  1 74]
[24 24 92]	[ 1 24 73]
[24 24 92]	[24 24 71]
[24 24 92]	[24 24 71]
[24 24 92]	[24 24 73]
[24 24 92]	[24 24 74]
[24 24 92]	[24  1 71]
[24 24 92]	[ 1  1 73]
[24 24 92]	[ 1 12  0]
[24 24 92]	[12 12 76]
[24 24 92]	[12 24 74]
[24 24 92]	[24 24 73]
[24 24 92]	[24 24 71]
[24 24 92]	[24 24 73]
[24 24 92]	[24  1 74]
[24 24 92]	[ 1  1 76]
[24 24 92]	[ 1 24 74]
[24 24 92]	[24 24 73]
[24 24 92]	[24 24 71]
[24 24 92]	[24 24 73]
[24 24 92]	[24  1 74]
[24 24 92]	[ 1  1 76]
[24 24 92]	[ 1 24 74]
[24 24 92]	[24 24 73]
[24 24 92]	[24 24 71]
[24 24 92]	[24 24 73]
[24 24 92]	[24  1 74]
[24 24 92]	[ 1 24 76]
[24 24 92]	[24  1 74]
[24 24 92]	[ 1  1 73]
[24 24 92]	[ 1  1 73]
[24 24 92]	[ 1  1 85]
[24 24 92]	[ 1 24 85]
[24 24 92]	[24 24 85]
[24 24 92]	[24 24 83]
[24 24 92]	[24 18 83]
[24 24 92]	[18 18 83]
[24 24 92]	[18 18 81]
[24 24 92]	[18  1 81]
[24 24 92]	[ 1  1 81]
[24 24 92]	[ 1  1 80]
[24 24 92]	[ 1  3 80]
[24 24 92]	[ 3  3 80]
[24 24 92]	[ 3  3 78]
[24 24 92]	[ 3  1 78]
[24 24 92]	[ 1  1 76]
[24 24 92]	[ 1  1 78]
[24 24 92]	[ 1  1 80]
[24 24 92]	[ 1  1 78]
[24 24 92]	[ 1 24 76]
[24 24 92]	[24 24 80]
[24 24 92]	[24 24 81]
[24 24 92]	[24 24 80]
[24 24 92]	[24 24 78]
[24 24 92]	[24 24 76]
[24 24 92]	[24 24 78]
[24 24 92]	[24 24 76]
[24 24 92]	[24  1 74]
[24 24 92]	[ 1  1 73]
[24 24 92]	[1 1 0]
[24 24 92]	[ 1  4 73]
[24 24 92]	[ 4  4 76]
[24 24 92]	[ 4  1 78]
[24 24 92]	[ 1  1 80]
[24 24 92]	[ 1  1 80]
[24 24 92]	[ 1  1 80]
[24 24 92]	[ 1  1 80]
[24 24 92]	[ 1  1 80]
[24 24 92]	[ 1  1 76]
[24 24 92]	[ 1  1 78]
[24 24 92]	[ 1  3 80]
[24 24 92]	[ 3  3 81]
[24 24 92]	[ 3  3 78]
[24 24 92]	[ 3  1 80]
[24 24 92]	[ 1  1 80]
[24 24 92]	[ 1  1 76]
[24 24 92]	[ 1  1 78]
[24 24 92]	[ 1  1 80]
[24 24 92]	[ 1  1 80]
[24 24 92]	[ 1  1 80]
[24 24 92]	[ 1  1 80]
[24 24 92]	[ 1  1 80]
[24 24 92]	[ 1  1 76]
[24 24 92]	[ 1  1 78]
[24 24 92]	[ 1  3 80]
[24 24 92]	[ 3  3 81]
[24 24 92]	[ 3  3 78]
[24 24 92]	[ 3  1 80]
[24 24 92]	[ 1  1 80]
[24 24 92]	[ 1  1 80]
[24 24 92]	[ 1 24 81]
[24 24 92]	[24 24 83]
[24 24 92]	[24 24 83]
[24 24 92]	[24 24 83]
[24 24 92]	[24 24 83]
[24 24 92]	[24 24 81]
[24 24 92]	[24 24 80]
[24 24 92]	[24  1 78]
[24 24 92]	[ 1  1 80]
[24 24 92]	[ 1  1 76]
[24 24 92]	[ 1  1 76]
[24 24 92]	[ 1  1 76]
[24 24 92]	[ 1  1 80]
[24 24 92]	[ 1 24 81]
[24 24 92]	[24 24 83]
[24 24 92]	[24 24 81]
[24 24 92]	[24 18 80]
[24 24 92]	[18 18 81]
[24 24 92]	[18 18 80]
[24 24 92]	[18  1 78]
[24 24 92]	[ 1  1 80]
[24 24 92]	[ 1  1 78]
[24 24 92]	[ 1 24 76]
[24 24 92]	[24 24 78]
[24 24 92]	[24 24 76]
[24 24 92]	[24  1 74]
[24 24 92]	[ 1  1 73]
[24 24 92]	[ 1  1 73]
[24 24 92]	[1 1 0]
[24 24 92]	[ 1  5 80]
[24 24 92]	[ 5  5 85]
[24 24 92]	[ 5  5 85]
[24 24 92]	[ 5 18 83]
[24 24 92]	[18 18 81]
[24 24 92]	[18 18 81]
[24 24 92]	[18  8 78]
[24 24 92]	[ 8  8 84]
[24 24 92]	[ 8  8 83]
[24 24 92]	[ 8  1 81]
[24 24 92]	[ 1  1 80]
[24 24 92]	[ 1  1 80]
[24 24 92]	[1 6 0]
[24 24 92]	[ 6  6 81]
[24 24 92]	[ 6  6 81]
[24 24 92]	[ 6  6 81]
[24 24 92]	[ 6  6 81]
[24 24 92]	[ 6  6 81]
[24 24 92]	[ 6  6 80]
[24 24 92]	[ 6  1 78]
[24 24 92]	[ 1  1 80]
[24 24 92]	[ 1  1 80]
[24 24 92]	[ 1  1 80]
[24 24 92]	[ 1  1 80]
[24 24 92]	[ 1  1 80]
[24 24 92]	[ 1  1 78]
[24 24 92]	[ 1 24 76]
[24 24 92]	[24 24 78]
[24 24 92]	[24 24 80]
[24 24 92]	[24 24 78]
[24 24 92]	[24 24 76]
[24 24 92]	[24  1 74]
[24 24 92]	[ 1  1 76]
[24 24 92]	[ 1  1 78]
[24 24 92]	[ 1 18 80]
[24 24 92]	[18 18 81]
[24 24 92]	[18 18 81]
[24 24 92]	[18 18 81]
[24 24 92]	[18 18 81]
[24 24 92]	[18 18 81]
[24 24 92]	[18 18 80]
[24 24 92]	[18  1 78]
[24 24 92]	[ 1  1 80]
[24 24 92]	[ 1  1 80]
[24 24 92]	[ 1  1 80]
[24 24 92]	[ 1  1 80]
[24 24 92]	[ 1  1 80]
[24 24 92]	[ 1  1 78]
[24 24 92]	[ 1 24 76]
[24 24 92]	[24 24 78]
[24 24 92]	[24 24 80]
[24 24 92]	[24 24 78]
[24 24 92]	[24 24 76]
[24 24 92]	[24  1 74]
[-1 -1 -1]	[ 1  1 73]
[24 24 92]	[1 1 0]
[24 24 92]	[ 1  1 73]
[24 24 92]	[ 1  1 73]
[24 24 92]	[ 1  1 73]
[24 24 92]	[ 1  1 73]
[24 24 92]	[ 1  1 73]
[24 24 92]	[ 1  1 73]
[24 24 92]	[ 1  1 81]
[24 24 92]	[ 1  1 80]
[24 24 92]	[ 1  1 78]
[24 24 92]	[ 1  1 78]
[24 24 92]	[ 1  1 80]
[24 24 92]	[ 1  1 76]
[24 24 92]	[ 1  1 76]
[24 24 92]	[ 1  1 76]
[24 24 92]	[ 1  1 76]
[24 24 92]	[ 1  1 76]
[24 24 92]	[ 1  1 76]
[24 24 92]	[ 1  1 76]
[24 24 92]	[ 1  1 76]
[24 24 92]	[ 1  1 78]
[24 24 92]	[ 1  1 76]
[24 24 92]	[ 1  1 74]
[24 24 92]	[ 1  1 74]
[24 24 92]	[ 1  1 76]
[24 24 92]	[ 1  1 73]
[24 24 92]	[ 1  1 73]
[24 24 92]	[ 1  1 73]
[24 24 92]	[ 1  1 73]
[24 24 92]	[ 1  1 78]
[24 24 92]	[ 1 18 76]
[24 24 92]	[18 18 76]
[24 24 92]	[18 18 80]
[24 24 92]	[18  1 78]
[24 24 92]	[ 1  1 78]
[24 24 92]	[ 1  1 81]
[24 24 92]	[ 1 18 80]
[24 24 92]	[18 18 80]
[24 24 92]	[18 18 83]
[24 24 92]	[18 18 81]
[24 24 92]	[18 18 81]
[24 24 92]	[18 18 85]
[24 24 92]	[18 18 85]
[24 24 92]	[18 18 83]
[24 24 92]	[18 18 83]
[24 24 92]	[18 18 81]
[24 24 92]	[18 18 81]
[24 24 92]	[18  1 80]
[24 24 92]	[ 1  1 80]
[24 24 92]	[ 1  1 73]
[24 24 92]	[ 1  1 73]
[24 24 92]	[ 1  1 73]
[24 24 92]	[ 1  1 73]
[24 24 92]	[ 1  1 73]
[24 24 92]	[ 1  1 73]
[24 24 92]	[ 1  1 73]
[24 24 92]	[ 1  1 81]
[24 24 92]	[ 1  1 80]
[24 24 92]	[ 1  1 78]
[24 24 92]	[ 1  1 78]
[24 24 92]	[ 1  1 80]
[24 24 92]	[ 1  1 76]
[24 24 92]	[ 1  1 76]
[24 24 92]	[ 1  1 76]
[24 24 92]	[ 1  1 76]
[24 24 92]	[ 1  1 76]
[24 24 92]	[ 1  1 76]
[24 24 92]	[ 1  1 76]
[24 24 92]	[ 1  1 76]
[24 24 92]	[ 1  1 78]
[24 24 92]	[ 1  1 76]
[24 24 92]	[ 1  1 74]
[24 24 92]	[ 1  1 74]
[24 24 92]	[ 1  1 76]
[24 24 92]	[ 1  1 73]
[24 24 92]	[ 1  1 73]
[24 24 92]	[ 1 24 73]
[24 24 92]	[24 24 74]
[24 24 92]	[24 24 73]
[24 24 92]	[24 24 71]
[24 24 92]	[24 24 80]
[24 24 92]	[24 24 78]
[24 24 92]	[24 24 76]
[24 24 92]	[24 24 83]
[24 24 92]	[24 24 81]
[24 24 92]	[24 24 80]
[24 24 92]	[24 24 80]
[24 24 92]	[24 24 78]
[24 24 92]	[24  1 76]
[24 24 92]	[ 1  1 80]
[24 24 92]	[ 1  1 78]
[24 24 92]	[ 1  1 78]
[24 24 92]	[ 1  1 76]
[24 24 92]	[ 1  1 76]
[24 24 92]	[ 1  1 74]
[24 24 92]	[ 1  1 74]
[24 24 92]	[ 1  1 73]
[24 24 92]	[ 1  1 73]
[24 24 92]	[ 1  1 85]
[24 24 92]	[ 1 24 85]
[24 24 92]	[24 24 83]
[24 24 92]	[24 24 78]
[24 24 92]	[24 24 83]
[24 24 92]	[24  1 86]
[24 24 92]	[ 1  1 85]
[24 24 92]	[ 1 24 85]
[24 24 92]	[24 24 83]
[24 24 92]	[24 24 78]
[24 24 92]	[24 24 83]
[24 24 92]	[24  1 86]
[24 24 92]	[ 1  1 85]
[24 24 92]	[ 1  1 85]
[24 24 92]	[ 1  1 83]
[24 24 92]	[ 1  1 81]
[24 24 92]	[ 1  1 80]
[24 24 92]	[ 1  1 78]
[24 24 92]	[ 1  1 76]
[24 24 92]	[ 1  1 78]
[24 24 92]	[ 1  1 80]
[24 24 92]	[ 1  1 81]
[24 24 92]	[ 1 24 80]
[24 24 92]	[24 24 80]
[24 24 92]	[24 24 81]
[24 24 92]	[24 24 83]
[24 24 92]	[24 24 81]
[24 24 92]	[24 24 83]
[24 24 92]	[24 24 81]
[24 24 92]	[24 24 80]
[24 24 92]	[24 24 78]
[24 24 92]	[24 24 76]
[24 24 92]	[24 24 78]
[24 24 92]	[24 24 80]
[24 24 92]	[24 24 78]
[24 24 92]	[24 24 80]
[24 24 92]	[24 24 78]
[24 24 92]	[24 24 76]
[24 24 92]	[24  1 74]
[24 24 92]	[ 1  1 80]
[24 24 92]	[ 1  1 78]
[24 24 92]	[ 1  1 78]
[24 24 92]	[ 1  1 76]
[24 24 92]	[ 1  1 76]
[24 24 92]	[ 1  1 74]
[24 24 92]	[ 1  1 74]
[24 24 92]	[ 1  1 73]
[24 24 92]	[ 1 13 73]
[24 24 92]	[13 13 80]
[24 24 92]	[13 13 85]
[24 24 92]	[13 13 85]
[24 24 92]	[13 13 80]
[24 24 92]	[13 13 80]
[24 24 92]	[13 13 80]
[24 24 92]	[13 13 85]
[24 24 92]	[13 13 85]
[24 24 92]	[13 13 80]
[24 24 92]	[13 13 80]
[24 24 92]	[13 13 80]
[24 24 92]	[13 13 85]
[24 24 92]	[13 13 85]
[24 24 92]	[13  1 83]
[24 24 92]	[ 1  1 83]
[24 24 92]	[ 1  1 81]
[24 24 92]	[ 1  1 81]
[24 24 92]	[ 1  1 80]
[24 24 92]	[ 1  1 80]
[24 24 92]	[ 1  1 78]
[24 24 92]	[ 1  1 78]
[24 24 92]	[ 1 18 77]
[24 24 92]	[18 12 78]
[24 24 92]	[12 12 78]
[24 24 92]	[12 12 83]
[24 24 92]	[12 12 83]
[24 24 92]	[12 12 78]
[24 24 92]	[12 12 78]
[24 24 92]	[12 12 78]
[24 24 92]	[12 12 83]
[24 24 92]	[12 12 83]
[24 24 92]	[12 12 78]
[24 24 92]	[12 13 78]
[24 24 92]	[13 13 76]
[24 24 92]	[13 13 78]
[24 24 92]	[13 13 80]
[24 24 92]	[13  8 76]
[-1 -1 -1]	[ 8  8 78]
[24 24 92]	[ 8  8 76]
[24 24 92]	[ 8  1 74]
[24 24 92]	[ 1  1 73]
[24 24 92]	[ 1  1 73]
[24 24 92]	[ 1  1 73]
[24 24 92]	[ 1  1 73]
[24 24 92]	[ 1  1 73]
[24 24 92]	[ 1  1 81]
[24 24 92]	[ 1  1 80]
[24 24 92]	[ 1  1 78]
[24 24 92]	[ 1  1 78]
[24 24 92]	[ 1  1 80]
[24 24 92]	[ 1  1 76]
[24 24 92]	[ 1  1 76]
[24 24 92]	[ 1  1 76]
[24 24 92]	[ 1  1 76]
[24 24 92]	[ 1  1 76]
[24 24 92]	[ 1  1 76]
[24 24 92]	[ 1  1 76]
[24 24 92]	[ 1  1 76]
[24 24 92]	[ 1  1 78]
[24 24 92]	[ 1  1 76]
[24 24 92]	[ 1  1 74]
[24 24 92]	[ 1  1 74]
[24 24 92]	[ 1  1 76]
[24 24 92]	[ 1  1 73]
[24 24 92]	[ 1  1 73]
[24 24 92]	[ 1  1 73]
[24 24 92]	[ 1  1 73]
[24 24 92]	[ 1  1 78]
[24 24 92]	[ 1 18 76]
[24 24 92]	[18 18 76]
[24 24 92]	[18 18 80]
[24 24 92]	[18  1 78]
[24 24 92]	[ 1  1 78]
[24 24 92]	[ 1  1 81]
[24 24 92]	[ 1 18 80]
[24 24 92]	[18 18 80]
[24 24 92]	[18 18 83]
[24 24 92]	[18 18 81]
[24 24 92]	[18 18 81]
[24 24 92]	[18 18 85]
[24 24 92]	[18 18 85]
[24 24 92]	[18 18 83]
[24 24 92]	[18 18 83]
[24 24 92]	[18 18 81]
[24 24 92]	[18 18 81]
[24 24 92]	[18  1 80]
[24 24 92]	[ 1  1 80]
[24 24 92]	[ 1  1 73]
[24 24 92]	[ 1  1 73]
[24 24 92]	[ 1  1 73]
[24 24 92]	[ 1  1 73]
[24 24 92]	[ 1  1 73]
[24 24 92]	[ 1  1 73]
[24 24 92]	[ 1  1 73]
[24 24 92]	[ 1  1 73]
[24 24 92]	[ 1  1 81]
[24 24 92]	[ 1  1 80]
[24 24 92]	[ 1  1 78]
[24 24 92]	[ 1  1 78]
[24 24 92]	[ 1  1 80]
[24 24 92]	[ 1  1 76]
[24 24 92]	[ 1  1 76]
[24 24 92]	[ 1  1 76]
[24 24 92]	[ 1  1 76]
[24 24 92]	[ 1  1 76]
[24 24 92]	[ 1  1 76]
[24 24 92]	[ 1  1 76]
[24 24 92]	[ 1  1 76]
[24 24 92]	[ 1  1 78]
[24 24 92]	[ 1  1 76]
[24 24 92]	[ 1  1 74]
[24 24 92]	[ 1  1 74]
[24 24 92]	[ 1  1 76]
[24 24 92]	[ 1  1 73]
[24 24 92]	[ 1  1 73]
[24 24 92]	[ 1 24 73]
[24 24 92]	[24 24 74]
[24 24 92]	[24 24 73]
[24 24 92]	[24 24 71]
[24 24 92]	[24 24 80]
[24 24 92]	[24 24 78]
[24 24 92]	[24 24 76]
[24 24 92]	[24 24 83]
[24 24 92]	[24 24 81]
[24 24 92]	[24 24 80]
[24 24 92]	[24 24 80]
[24 24 92]	[24 24 78]
[24 24 92]	[24  1 76]
[24 24 92]	[ 1  1 80]
[24 24 92]	[ 1  1 78]
[24 24 92]	[ 1  1 78]
[24 24 92]	[ 1  1 76]
[24 24 92]	[ 1  1 76]
[24 24 92]	[ 1  1 74]
[24 24 92]	[ 1  1 74]
[24 24 92]	[ 1  1 73]
[24 24 92]	[ 1  1 73]
[24 24 92]	[ 1  1 85]
[24 24 92]	[ 1 24 85]
[24 24 92]	[24 24 83]
[24 24 92]	[24 24 78]
[24 24 92]	[24 24 83]
[24 24 92]	[24  1 86]
[24 24 92]	[ 1  1 85]
[24 24 92]	[ 1 24 85]
[24 24 92]	[24 24 83]
[24 24 92]	[24 24 78]
[24 24 92]	[24 24 83]
[24 24 92]	[24  1 86]
[24 24 92]	[ 1  1 85]
[24 24 92]	[ 1  1 85]
[24 24 92]	[ 1  1 83]
[24 24 92]	[ 1  1 81]
[24 24 92]	[ 1  1 80]
[24 24 92]	[ 1  1 78]
[24 24 92]	[ 1  1 76]
[24 24 92]	[ 1  1 78]
[24 24 92]	[ 1  1 80]
[24 24 92]	[ 1  1 81]
[24 24 92]	[ 1 24 80]
[24 24 92]	[24 24 80]
[24 24 92]	[24 24 81]
[24 24 92]	[24 24 83]
[24 24 92]	[24 24 81]
[24 24 92]	[24 24 83]
[24 24 92]	[24 24 81]
[24 24 92]	[24 24 80]
[24 24 92]	[24 24 78]
[24 24 92]	[24 24 76]
[24 24 92]	[24 24 78]
[24 24 92]	[24 24 80]
[24 24 92]	[24 24 78]
[24 24 92]	[24 24 80]
[24 24 92]	[24 24 78]
[24 24 92]	[24 24 76]
[24 24 92]	[24  1 74]
[24 24 92]	[ 1  1 80]
[24 24 92]	[ 1  1 78]
[24 24 92]	[ 1  1 78]
[24 24 92]	[ 1  1 76]
[24 24 92]	[ 1  1 76]
[24 24 92]	[ 1  1 74]
[24 24 92]	[ 1  1 74]
[24 24 92]	[ 1  1 73]
[24 24 92]	[ 1 13 73]
[24 24 92]	[13 13 80]
[24 24 92]	[13 13 85]
[24 24 92]	[13 13 85]
[24 24 92]	[13 13 80]
[24 24 92]	[13 13 80]
[24 24 92]	[13 13 80]
[24 24 92]	[13 13 85]
[24 24 92]	[13 13 85]
[24 24 92]	[13 13 80]
[24 24 92]	[13 13 80]
[24 24 92]	[13 13 80]
[24 24 92]	[13 13 85]
[24 24 92]	[13 13 85]
[24 24 92]	[13 13 83]
[24 24 92]	[13 13 83]
[24 24 92]	[13 13 81]
[24 24 92]	[13 13 81]
[24 24 92]	[13  1 80]
[24 24 92]	[ 1  1 80]
[24 24 92]	[ 1  1 78]
[24 24 92]	[ 1  1 78]
[24 24 92]	[ 1 18 77]
[24 24 92]	[18 12 78]
[24 24 92]	[12 12 78]
[24 24 92]	[12 12 83]
[24 24 92]	[12 12 83]
[24 24 92]	[12 12 78]
[24 24 92]	[12 12 78]
[24 24 92]	[12 12 78]
[24 24 92]	[12 12 83]
[24 24 92]	[12 12 83]
[24 24 92]	[12 12 78]
[24 24 92]	[12 13 78]
[24 24 92]	[13 13 76]
[24 24 92]	[13 13 78]
[24 24 92]	[13 13 80]
[24 24 92]	[13  8 76]
[-1 -1 -1]	[ 8  8 78]
[24 24 92]	[ 8  8 76]
[24 24 92]	[ 8  1 74]
[24 24 92]	[ 1  1 72]
[24 24 92]	[ 1  1 73]
[24 24 92]	[ 1  1 73]
[24 24 92]	[ 1  1 74]
[24 24 92]	[ 1  1 77]
[24 24 92]	[ 1  1 78]
[24 24 92]	[ 1  1 80]
[24 24 92]	[ 1  1 76]
[24 24 92]	[ 1  1 74]
[24 24 92]	[ 1  1 73]
[24 24 92]	[ 1  1 74]
[24 24 92]	[ 1  1 77]
[24 24 92]	[ 1  1 76]
[24 24 92]	[ 1  1 80]
[24 24 92]	[ 1  1 78]
[24 24 92]	[ 1  1 77]
[24 24 92]	[ 1  1 74]
[24 24 92]	[ 1  1 71]
[24 24 92]	[ 1  1 73]
[24 24 92]	[1 1 0]
[24 24 92]	[ 1  1 77]
[24 24 92]	[ 1  1 76]
[24 24 92]	[ 1  1 77]
[24 24 92]	[ 1  1 78]
[24 24 92]	[ 1  1 80]
[24 24 92]	[ 1  1 81]
[24 24 92]	[ 1  1 80]
[24 24 92]	[ 1  1 78]
[24 24 92]	[ 1  1 77]
[24 24 92]	[ 1  1 74]
[24 24 92]	[ 1  1 77]
[24 24 92]	[ 1  1 80]
[24 24 92]	[ 1  1 78]
[24 24 92]	[ 1  1 76]
[24 24 92]	[ 1  1 74]
[24 24 92]	[ 1  1 74]
[24 24 92]	[ 1  1 73]
[24 24 92]	[ 1  1 71]
[24 24 92]	[ 1  1 73]
[24 24 92]	[1 1 0]
[24 24 92]	[ 1  1 71]
[24 24 92]	[ 1  1 73]
[24 24 92]	[ 1  1 73]
[24 24 92]	[ 1  1 78]
[24 24 92]	[ 1  1 77]
[24 24 92]	[ 1  1 74]
[24 24 92]	[ 1  1 73]
[24 24 92]	[ 1  1 71]
[24 24 92]	[ 1  1 73]
[24 24 92]	[ 1  1 77]
[24 24 92]	[ 1  1 78]
[24 24 92]	[ 1  1 80]
[24 24 92]	[ 1  1 80]
[24 24 92]	[ 1  1 81]
[24 24 92]	[ 1  1 78]
[24 24 92]	[ 1  1 80]
[24 24 92]	[1 1 0]
[24 24 92]	[ 1  1 73]
[24 24 92]	[ 1  1 73]
[24 24 92]	[ 1  1 78]
[24 24 92]	[ 1  1 73]
[24 24 92]	[ 1  1 85]
[24 24 92]	[ 1  1 83]
[24 24 92]	[ 1  1 85]
[24 24 92]	[ 1  1 83]
[24 24 92]	[ 1  1 81]
[24 24 92]	[ 1  1 80]
[24 24 92]	[ 1  1 78]
[24 24 92]	[ 1  1 80]
[24 24 92]	[ 1  1 81]
[24 24 92]	[ 1  1 78]
[24 24 92]	[ 1  1 80]
[24 24 92]	[1 1 0]
[24 24 92]	[ 1  1 85]
[24 24 92]	[1 1 0]
[24 24 92]	[ 1  1 83]
[24 24 92]	[ 1  1 81]
[24 24 92]	[ 1  1 80]
[24 24 92]	[ 1  1 78]
[24 24 92]	[ 1  1 80]
[24 24 92]	[ 1  1 81]
[24 24 92]	[ 1  1 78]
[24 24 92]	[ 1  1 80]
[24 24 92]	[1 1 0]
[24 24 92]	[ 1  1 78]
[24 24 92]	[ 1  1 77]
[24 24 92]	[ 1  1 74]
[24 24 92]	[ 1  1 73]
[24 24 92]	[ 1  1 73]
[24 24 92]	[ 1  1 85]
[24 24 92]	[ 1  1 83]
[24 24 92]	[ 1  1 85]
[24 24 92]	[ 1  1 83]
[24 24 92]	[ 1  1 81]
[24 24 92]	[ 1  1 80]
[24 24 92]	[ 1  1 78]
[24 24 92]	[ 1  1 80]
[24 24 92]	[ 1  1 81]
[24 24 92]	[ 1  1 78]
[24 24 92]	[ 1  1 80]
[24 24 92]	[1 1 0]
[24 24 92]	[ 1  1 85]
[24 24 92]	[1 1 0]
[24 24 92]	[ 1  1 83]
[24 24 92]	[ 1  1 81]
[24 24 92]	[ 1  1 80]
[24 24 92]	[ 1  1 78]
[24 24 92]	[ 1  1 80]
[24 24 92]	[ 1  1 81]
[24 24 92]	[ 1  1 78]
[24 24 92]	[ 1  1 80]
[24 24 92]	[1 1 0]
[24 24 92]	[ 1  1 78]
[24 24 92]	[ 1  1 77]
[24 24 92]	[ 1  1 74]
[24 24 92]	[ 1  1 73]
[24 24 92]	[ 1  1 73]
[24 24 92]	[ 1  1 77]
[24 24 92]	[ 1  1 78]
[24 24 92]	[ 1  1 80]
[24 24 92]	[ 1  1 76]
[24 24 92]	[ 1  1 74]
[24 24 92]	[ 1  1 73]
[24 24 92]	[ 1  1 74]
[24 24 92]	[ 1  1 77]
[24 24 92]	[ 1  1 74]
[24 24 92]	[ 1  1 73]
[24 24 92]	[ 1  1 74]
[24 24 92]	[ 1  1 80]
[24 24 92]	[ 1  1 78]
[24 24 92]	[ 1  1 77]
[24 24 92]	[ 1  1 74]
[24 24 92]	[ 1  1 77]
[24 24 92]	[ 1  1 74]
[24 24 92]	[ 1  1 73]
[24 24 92]	[ 1  1 77]
[24 24 92]	[ 1  1 78]
[24 24 92]	[ 1  1 80]
[24 24 92]	[ 1  1 76]
[24 24 92]	[ 1  1 74]
[24 24 92]	[ 1  1 73]
[24 24 92]	[ 1  1 74]
[24 24 92]	[ 1  1 77]
[24 24 92]	[ 1  1 74]
[24 24 92]	[ 1  1 73]
[24 24 92]	[ 1  1 74]
[24 24 92]	[ 1  1 80]
[24 24 92]	[ 1  1 78]
[24 24 92]	[ 1  1 77]
[-1 -1 -1]	[ 1  1 74]
[24 24 92]	[ 1  1 77]
[24 24 92]	[ 1 -1 74]
[24 24 92]	[-1 -1  0]
[24 24 92]	[-1  1 71]
[24 24 92]	[ 1  1 70]
[24 24 92]	[ 1  1 71]
[24 24 92]	[ 1  1 73]
[24 24 92]	[ 1  1 73]
[24 24 92]	[ 1  1 73]
[24 24 92]	[ 1  1 73]
[24 24 92]	[ 1  1 73]
[24 24 92]	[ 1  1 71]
[24 24 92]	[ 1  1 70]
[24 24 92]	[ 1  1 71]
[24 24 92]	[ 1  1 73]
[24 24 92]	[ 1  1 74]
[24 24 92]	[ 1  1 76]
[24 24 92]	[ 1  1 76]
[24 24 92]	[ 1  1 76]
[24 24 92]	[ 1  1 76]
[24 24 92]	[ 1  1 76]
[24 24 92]	[ 1  1 74]
[24 24 92]	[ 1  1 73]
[24 24 92]	[ 1  1 74]
[24 24 92]	[ 1  1 76]
[24 24 92]	[ 1  1 78]
[24 24 92]	[ 1  1 80]
[24 24 92]	[ 1  1 78]
[24 24 92]	[ 1  1 80]
[24 24 92]	[ 1  1 81]
[24 24 92]	[ 1  1 80]
[24 24 92]	[ 1  1 78]
[24 24 92]	[ 1  1 76]
[24 24 92]	[ 1  1 78]
[24 24 92]	[ 1  1 80]
[24 24 92]	[ 1  1 81]
[24 24 92]	[ 1  1 80]
[24 24 92]	[ 1  1 78]
[24 24 92]	[ 1  1 76]
[24 24 92]	[ 1 24 74]
[24 24 92]	[24 24 76]
[24 24 92]	[24 24 74]
[24 24 92]	[24 24 73]
[24 24 92]	[24  1 71]
[24 24 92]	[ 1  1 70]
[24 24 92]	[ 1  1 71]
[24 24 92]	[ 1  1 73]
[24 24 92]	[ 1  1 73]
[24 24 92]	[ 1  1 73]
[24 24 92]	[ 1  1 73]
[24 24 92]	[ 1  1 73]
[24 24 92]	[ 1  1 71]
[24 24 92]	[ 1  1 70]
[24 24 92]	[ 1  1 71]
[24 24 92]	[ 1  1 73]
[24 24 92]	[ 1  1 74]
[24 24 92]	[ 1  1 76]
[24 24 92]	[ 1  1 76]
[24 24 92]	[ 1  1 76]
[24 24 92]	[ 1  1 76]
[24 24 92]	[ 1  1 76]
[24 24 92]	[ 1  1 74]
[24 24 92]	[ 1  1 73]
[24 24 92]	[ 1  1 74]
[24 24 92]	[ 1  1 76]
[24 24 92]	[ 1  1 78]
[24 24 92]	[ 1  1 80]
[24 24 92]	[ 1  1 78]
[24 24 92]	[ 1  1 80]
[24 24 92]	[ 1  1 81]
[24 24 92]	[ 1  1 80]
[24 24 92]	[ 1 24 78]
[24 24 92]	[24 24 76]
[24 24 92]	[24 24 71]
[24 24 92]	[24 24 73]
[24 24 92]	[24 24 74]
[24 24 92]	[24 24 80]
[24 24 92]	[24 24 78]
[24 24 92]	[24 24 76]
[24 24 92]	[24  1 74]
[24 24 92]	[ 1  1 76]
[24 24 92]	[ 1  1 74]
[24 24 92]	[ 1  1 73]
[24 24 92]	[ 1 11  0]
[24 24 92]	[11 11 73]
[24 24 92]	[11 11 73]
[24 24 92]	[11 18 73]
[24 24 92]	[18 18 78]
[24 24 92]	[18 18 81]
[24 24 92]	[18 18 78]
[24 24 92]	[18 18 85]
[24 24 92]	[18 18 81]
[24 24 92]	[18 18 78]
[24 24 92]	[18 18 81]
[24 24 92]	[18 18 80]
[24 24 92]	[18 18 78]
[24 24 92]	[18 18 81]
[24 24 92]	[18 18 80]
[24 24 92]	[18  1 78]
[24 24 92]	[ 1  1 83]
[24 24 92]	[ 1  1 81]
[24 24 92]	[ 1  1 80]
[24 24 92]	[ 1  1 83]
[24 24 92]	[ 1  1 81]
[24 24 92]	[ 1 18 80]
[24 24 92]	[18 18 85]
[24 24 92]	[18 24 81]
[24 24 92]	[24 24 83]
[24 24 92]	[24 18 80]
[24 24 92]	[18 18 81]
[24 24 92]	[18  1 78]
[24 24 92]	[ 1  1 80]
[24 24 92]	[ 1 18 73]
[24 24 92]	[18 18 73]
[24 24 92]	[18 18 81]
[24 24 92]	[18 18 81]
[24 24 92]	[18  1 80]
[24 24 92]	[ 1  1 80]
[24 24 92]	[ 1  1 78]
[24 24 92]	[ 1  1 78]
[24 24 92]	[ 1 18 76]
[24 24 92]	[18 18 78]
[24 24 92]	[18 18  0]
[24 24 92]	[18 18 78]
[24 24 92]	[18 18  0]
[24 24 92]	[18 12 78]
[24 24 92]	[12 12 76]
[24 24 92]	[12 12 78]
[24 24 92]	[12 12 80]
[24 24 92]	[12 12 78]
[24 24 92]	[12 12 80]
[24 24 92]	[12 12 81]
[24 24 92]	[12 12 80]
[24 24 92]	[12 12 78]
[24 24 92]	[12 12 76]
[24 24 92]	[12 12 78]
[24 24 92]	[12 12 80]
