Accuracy: 0.40571789773101385

n_chords: 2
n_melody: 1
t_prior: 0.0
e_prior: 10.0
dataset: All
keys: minor
filter_train_set: True
filter_val_set: True

~ First 3000 predicted states ~
Predicted	True
[-1 -1 -1]	[-1 -1 -1]
[-1 13 -1]	[-1 -1 -1]
[13 13 73]	[-1 13 68]
[13 13 75]	[13 13 73]
[13 13 76]	[13 13 73]
[13 13 75]	[13 13 73]
[13 13 76]	[13 13 75]
[13 13 76]	[13 20 76]
[13 13 78]	[20 20 75]
[13 13 80]	[20 20 75]
[13 13 78]	[20 20 80]
[13 13 76]	[20 20 80]
[13 13 75]	[20 20 80]
[13 13 73]	[20 13 78]
[13 13 73]	[13 13 76]
[13 13 75]	[13 13 75]
[13 13 76]	[13 13 73]
[13 13 75]	[13 13 73]
[13  8 73]	[13 13 75]
[ 8  8 72]	[13 20 76]
[ 8  8 68]	[20 20 75]
[ 8  8 68]	[20 20 75]
[ 8  8 68]	[20 20 68]
[ 8  8 72]	[20 20 68]
[ 8 13 75]	[20 20 68]
[13 13 73]	[20 13 68]
[13 13 75]	[13 13 73]
[13 13 76]	[13 13 73]
[13 13 78]	[13 13 73]
[13  8 76]	[13 13 75]
[ 8  8 75]	[13 20 76]
[ 8  8 80]	[20 20 75]
[ 8  8 81]	[20 20 75]
[ 8  8 80]	[20 20 80]
[ 8  8 78]	[20 20 80]
[ 8  8 76]	[20 13 78]
[ 8  8 75]	[13 13 76]
[ 8  8 76]	[13 13 75]
[ 8  8 75]	[13  8 73]
[ 8  8 73]	[ 8  8 75]
[ 8 13 72]	[ 8  8 73]
[13 13 73]	[ 8 13 72]
[13 13 73]	[13 13 73]
[13 13 73]	[13 13 73]
[13 13 73]	[13 13 73]
[13 13 73]	[13  5 75]
[13 13 75]	[ 5  5 75]
[13 13 76]	[ 5  5 75]
[13 13 75]	[ 5  5 76]
[13 13 76]	[ 5  5 78]
[13 13 80]	[ 5 12 76]
[13 13 85]	[12 12 78]
[13 13 85]	[12 12 78]
[13  8 85]	[12 12 83]
[ 8  8 84]	[12 12 83]
[ 8  8 81]	[12 13 84]
[ 8  8 80]	[13 13 85]
[ 8  8 78]	[13 13 80]
[ 8  8 76]	[13 13 78]
[ 8 13 75]	[13 13 76]
[13 13 73]	[13 13 75]
[13 13 80]	[13  8 73]
[13 13 78]	[ 8  8 72]
[13 13 76]	[ 8  8 80]
[13 13 75]	[ 8  8 80]
[13  8 73]	[ 8 13 80]
[ 8  8 75]	[13 13 73]
[ 8  8 76]	[13 13 72]
[ 8  8 75]	[13  8 73]
[ 8  8 76]	[ 8  8 75]
[ 8  8 78]	[ 8  8 73]
[ 8  8 78]	[ 8 13 75]
[ 8  8 80]	[13 13 76]
[ 8  8 80]	[13 13 76]
[ 8  8 81]	[13 13 78]
[ 8  8 80]	[13 18 80]
[ 8  8 81]	[18 18 80]
[ 8  8 80]	[18 13 81]
[ 8  8 78]	[13 13 80]
[ 8  8 76]	[13 13 78]
[ 8  8 75]	[13  8 76]
[ 8  8 73]	[ 8  8 75]
[ 8 13 72]	[ 8  8 73]
[13 13 73]	[ 8 13 72]
[-1 -1 -1]	[13 13 73]
[-1 13 -1]	[13 13 73]
[13 13 73]	[13 13 85]
[13 13 73]	[13 13 80]
[13 13 75]	[13 13 78]
[13 13 76]	[13  8 76]
[13 13 76]	[ 8  8 76]
[13 13 75]	[ 8  8 75]
[13 13 76]	[ 8  8 75]
[13 13 78]	[ 8  8 76]
[13 13 76]	[ 8  8 78]
[13 13 75]	[ 8  8 80]
[13 13 76]	[ 8  8 78]
[13 13 76]	[ 8  8 76]
[13 13 75]	[ 8 13 75]
[13 13 76]	[13 13 75]
[13 13 78]	[13 13 73]
[13 13 80]	[13 13 73]
[13 13 80]	[13 13 76]
[13 13 81]	[13 13 80]
[13  8 80]	[13 13 85]
[ 8  8 78]	[13 13 80]
[ 8  8 78]	[13 13 78]
[ 8  8 76]	[13  8 76]
[ 8  8 76]	[ 8  8 76]
[ 8  8 78]	[ 8  8 75]
[ 8  8 80]	[ 8  8 75]
[ 8  8 81]	[ 8  8 76]
[ 8  8 80]	[ 8  8 78]
[ 8  8 78]	[ 8  8 80]
[ 8  8 76]	[ 8  8 78]
[ 8 13 75]	[ 8  8 76]
[13 13 73]	[ 8 13 75]
[13 13 73]	[13 13 73]
[13 13 75]	[13 13  0]
[13 13 76]	[13  3 80]
[13 13 75]	[ 3  3 73]
[13 13 76]	[ 3  3 75]
[13 13 78]	[ 3  3 76]
[13 13 80]	[ 3  3 78]
[13 13 85]	[ 3  3 80]
[13 13 85]	[ 3  8 85]
[13 13 85]	[ 8  8 85]
[13 13 87]	[ 8  8 84]
[13 13 88]	[ 8  8 83]
[13 13 85]	[ 8  8 85]
[13 13 83]	[ 8  8 87]
[13 13 85]	[ 8  8 80]
[13 13 87]	[ 8  8 82]
[13 13 88]	[ 8  8 84]
[13 13 87]	[ 8  8 85]
[13 13 88]	[ 8  8 87]
[13 13 87]	[ 8 13 88]
[13 13 85]	[13 13 87]
[13 13 85]	[13 13 85]
[13 13 85]	[13 13 85]
[13 13 73]	[13 13 84]
[13 13 73]	[13 13 85]
[13 13 75]	[13 13 73]
[13 13 76]	[13 13 75]
[13 13 78]	[13 13 76]
[13 13 80]	[13 13 78]
[13 13 85]	[13 13 80]
[13 13 85]	[13  8 85]
[13 13 85]	[ 8  8 85]
[13 13 87]	[ 8  8 84]
[13 13 88]	[ 8  8 83]
[13 13 85]	[ 8  8 85]
[13 13 85]	[ 8  8 87]
[13 13 83]	[ 8  8 80]
[13 13 85]	[ 8  8 80]
[13 13 85]	[ 8  8 82]
[13 13  0]	[ 8 13 84]
[13 13 73]	[13 13 85]
[13 13 73]	[13  5  0]
[13 13 75]	[ 5  5 73]
[13 13 76]	[ 5  5 72]
[13 13 75]	[ 5  5 73]
[13 13 76]	[ 5  1 75]
[13 13 75]	[ 1  1 76]
[13 18 76]	[ 1  1 75]
[18 18 78]	[ 1  1 76]
[18 18 78]	[ 1 18 77]
[18 18 80]	[18 18 78]
[18 18 81]	[18 18 77]
[18 18 80]	[18 18 78]
[18 18 81]	[18 18 80]
[18 18 80]	[18 18 81]
[18 18 78]	[18 18 80]
[18  8 76]	[18 18 78]
[ 8  8 75]	[18  8 81]
[ 8  8 73]	[ 8  8 80]
[ 8  8 75]	[ 8  8 68]
[ 8  8 80]	[ 8  8 72]
[ 8  8 80]	[ 8  8 75]
[ 8  8 78]	[ 8  8 80]
[ 8  8 76]	[ 8  8 78]
[ 8  8 75]	[ 8  8 76]
[ 8  8 73]	[ 8  8 75]
[ 8  8 75]	[ 8 13 73]
[ 8  8 76]	[13 13 72]
[ 8  8 78]	[13 13 73]
[ 8  8 76]	[13 13 75]
[ 8 13 75]	[13 13 76]
[13 13 73]	[13 13 75]
[13 13 75]	[13 13 73]
[13 13 76]	[13 13 68]
[13 13 75]	[13 13 73]
[13 13 76]	[13 13 80]
[13 13 78]	[13 13 73]
[13 13 80]	[13 13 73]
[13 13 78]	[13  6 76]
[13 13 76]	[ 6  6 80]
[13 13 75]	[ 6  6 80]
[13 13 76]	[ 6  6 76]
[13 13 78]	[ 6  6 73]
[13 13 80]	[ 6  6 73]
[13 13 78]	[ 6  6 76]
[13 13 76]	[ 6  6 80]
[13 13 75]	[ 6  6 80]
[13 13 76]	[ 6  6 76]
[13 13 78]	[ 6  6 73]
[13 13 80]	[ 6  6 73]
[13 13 81]	[ 6  6 76]
[13 18 80]	[ 6  6 80]
[18 18 81]	[ 6  6 80]
[18 18 80]	[ 6  6 81]
[18  8 81]	[ 6  8 80]
[ 8  8 80]	[ 8  8 78]
[ 8  8 78]	[ 8  8 80]
[ 8  8 76]	[ 8  8 78]
[ 8  8 76]	[ 8  8 76]
[ 8  8 78]	[ 8  8 75]
[ 8  8 80]	[ 8  8 75]
[ 8  8 80]	[ 8  8 76]
[ 8  8 78]	[ 8  8 78]
[ 8  8 76]	[ 8  8 78]
[ 8  8 76]	[ 8  8 76]
[ 8  8 78]	[ 8  8 75]
[ 8  8 80]	[ 8  8 75]
[ 8  8 80]	[ 8  8 76]
[ 8  8 78]	[ 8  8 78]
[ 8  8 76]	[ 8  8 78]
[ 8  8 76]	[ 8  8 76]
[ 8  8 78]	[ 8  8 75]
[ 8  8 80]	[ 8  8 75]
[ 8  8 80]	[ 8  8 76]
[ 8  8 81]	[ 8  8 78]
[ 8  8 80]	[ 8  8 78]
[ 8  8 78]	[ 8  8 80]
[ 8  8 76]	[ 8 13 78]
[ 8  8 78]	[13 13 76]
[ 8  8 76]	[13 13 78]
[ 8 13 75]	[13 13 76]
[13 13 73]	[13 13 75]
[13 13 75]	[13 13 73]
[13 13 76]	[13 13 73]
[13 13 78]	[13 13 76]
[13 13 80]	[13 13 76]
[13 13 78]	[13 13 80]
[13 13 76]	[13 13 80]
[13 13 75]	[13 13 76]
[13 13 76]	[13 13 73]
[13 13 78]	[13 13 73]
[13 13 76]	[13 13 76]
[13 13 75]	[13 13 80]
[13 13 73]	[13 13 80]
[13 13 73]	[13 13 76]
[13 13 75]	[13 13 73]
[13 13 76]	[13 13 73]
[13 13 78]	[13 13 76]
[13 13 80]	[13 13 80]
[13 13 81]	[13  1 80]
[13 18 80]	[ 1  1 85]
[18 18 81]	[ 1 18 83]
[18 18 80]	[18 18 81]
[18 18 81]	[18 18 83]
[18 18 80]	[18 18 81]
[18 18 81]	[18 18 80]
[18 18 81]	[18 18 78]
[18 18 80]	[18 18 80]
[18  8 81]	[18 18 81]
[ 8  8 80]	[18 18 81]
[ 8  8 78]	[18 18 80]
[ 8  8 76]	[18 13 78]
[ 8  8 78]	[13 13 76]
[ 8  8 76]	[13 13 78]
[ 8 13 75]	[13 13 76]
[13 13 73]	[13 13 75]
[13 13 75]	[13 13 73]
[13 13 76]	[13 13 73]
[13 13 75]	[13  8 76]
[13 13 76]	[ 8  8 75]
[13 13 75]	[ 8  8 76]
[13  8 73]	[ 8  8 75]
[ 8  8 76]	[ 8  8 73]
[ 8 13 75]	[ 8  8 72]
[-1 -1 -1]	[ 8 13 75]
[-1 13 -1]	[13 -1 73]
[13 13 73]	[-1 -1 73]
[13 13 76]	[-1 -1 85]
[13 13 76]	[-1 -1 80]
[13 13 75]	[-1 -1 78]
[13 13 73]	[-1 -1 78]
[13 13 73]	[-1 -1 76]
[13 13 80]	[-1 -1 75]
[13 13 78]	[-1 -1 73]
[13 13 80]	[-1 -1 85]
[13 13 80]	[-1 -1 80]
[13 13 78]	[-1 -1 78]
[13 13 80]	[-1 -1 78]
[13 13 85]	[-1 -1 76]
[13 13 87]	[-1  5 73]
[13 13 88]	[ 5  5 83]
[13 13 87]	[ 5  5 85]
[13 13 85]	[ 5  5 86]
[13 13 87]	[ 5  5 85]
[13 13 88]	[ 5  5 83]
[13 13 87]	[ 5  5 85]
[13 13 85]	[ 5  5 86]
[13 13 83]	[ 5  5 85]
[13 13 81]	[ 5  5 83]
[13 13 80]	[ 5  5 81]
[13 13 78]	[ 5  5 80]
[13 13 80]	[ 5  8 78]
[13 13 80]	[ 8  8 76]
[13 13 78]	[ 8  8 78]
[13 13 76]	[ 8  8 80]
[13 13 75]	[ 8  8 76]
[13 13 73]	[ 8  8 78]
[13 13 73]	[ 8  8 76]
[13 13 85]	[ 8 13 75]
[13 13 87]	[13 13 73]
[13 13 85]	[13 13 85]
[13 13 85]	[13 13 85]
[13 13 87]	[13 13 80]
[13 13 85]	[13 13 85]
[13 13 87]	[13 13 85]
[13 13 85]	[13 13 80]
[13 13 87]	[13 13 85]
[13 13 85]	[13 13 80]
[13 13 87]	[13 13 85]
[13 13 85]	[13 13 80]
[13 13 87]	[13 13 85]
[13 13 88]	[13 13 80]
[13 13 87]	[13 13 85]
[13 13 88]	[13 13 88]
[13 13 87]	[13 13 88]
[13 13 88]	[13 13 87]
[13 13 87]	[13 13 85]
[13 13 88]	[13 13 88]
[13 13 87]	[13 13 88]
[13 13 88]	[13 13 87]
[13 13 88]	[13 13 85]
[13 13 87]	[13 13 92]
[13 13 88]	[13 13 90]
[13 13 87]	[13 13 88]
[13 13 88]	[13 13 87]
[13 13 87]	[13 13 88]
[13 13 88]	[13 13 90]
[13 13 87]	[13 13 88]
[13 13 88]	[13 13 87]
[13 13 87]	[13 13 85]
[13 13 88]	[13 13 88]
[13 13 87]	[13 13 88]
[13 13 85]	[13 13 87]
[13 13 87]	[13 18 85]
[13 13 88]	[18 18 84]
[13 13 87]	[18 18 85]
[13 13 85]	[18 18 87]
[13 13 83]	[18 18 85]
[13 13 81]	[18 18 83]
[13 13 80]	[18  8 81]
[13 13 81]	[ 8  8 80]
[13 18 80]	[ 8  8 79]
[18 18 81]	[ 8  8 80]
[18 18 80]	[ 8  8 81]
[18 18 78]	[ 8  8 80]
[18 18 76]	[ 8  8 78]
[18 18 75]	[ 8  8 76]
[18 18 76]	[ 8 13 75]
[18 18 78]	[13 13 73]
[18 18 80]	[13 13 75]
[18 18 81]	[13 13 76]
[18 18 80]	[13 13 78]
[18 13 78]	[13 13 80]
[13 13 76]	[13 13 81]
[13 13 75]	[13 13 84]
[13 13 76]	[13 13 73]
[13 13 78]	[13 13 76]
[13 13 80]	[13 13 78]
[13 13 78]	[13 13 80]
[13 13 80]	[13 13 76]
[13 13 78]	[13 10 76]
[13 13 80]	[10 10 81]
[13 13 85]	[10 10 80]
[13 13 87]	[10 10 81]
[13 13 85]	[10  5 85]
[13 13 85]	[ 5  5 85]
[13 13 87]	[ 5  5 83]
[13 13 88]	[ 5  5 83]
[13 13 87]	[ 5  5 85]
[13 13 85]	[ 5  5 86]
[13 13 87]	[ 5  5 85]
[13 13 88]	[ 5  5 83]
[13 13 87]	[ 5  5 85]
[13 13 85]	[ 5  5 86]
[13 13 83]	[ 5  5 85]
[13 13 81]	[ 5  5 83]
[13 13 80]	[ 5  5 81]
[13 13 78]	[ 5  5 80]
[13 13 80]	[ 5  5 78]
[13 13 80]	[ 5  8 76]
[13 13 80]	[ 8  8 76]
[13 13 78]	[ 8  8 78]
[13 13 76]	[ 8  8 80]
[13 13 75]	[ 8  8 76]
[13 13 76]	[ 8  8 78]
[13 13 75]	[ 8  8 76]
[13 13 76]	[ 8 13 75]
[13 13 75]	[13 13 73]
[13 13 76]	[13 13 75]
[13 13 78]	[13 13 76]
[13 13 80]	[13 13 78]
[13 13 85]	[13 13 80]
[13 13 85]	[13 13 81]
[13 13 85]	[13 13 85]
[13 13 87]	[13 13 73]
[13 13 85]	[13 13 85]
[13 13 83]	[13 13 85]
[13 13 85]	[13 13 83]
[13 13 87]	[13 13 82]
[13 13 85]	[13 13 83]
[13 13 87]	[13 13 85]
[13 13 85]	[13 13 80]
[13 13 87]	[13 13 85]
[13 13 85]	[13 13 80]
[13 13 87]	[13 13 85]
[13 13 88]	[13 13 80]
[13 13 87]	[13 13 88]
[13 13 85]	[13 13 87]
[13 13 85]	[13 13 85]
[13 13 85]	[13 13 85]
[13 13 85]	[13  5  0]
[13 13 87]	[ 5  5 83]
[13 13 85]	[ 5  5 85]
[13 13 85]	[ 5  5 85]
[13 13 85]	[ 5  5 83]
[13 13 87]	[ 5  5 83]
[13 13 85]	[ 5  5 85]
[13 13 87]	[ 5  5 85]
[13 13 88]	[ 5  5 83]
[13 13 87]	[ 5  5 88]
[13 13 85]	[ 5  5 87]
[13 13 83]	[ 5  5 85]
[13 13 81]	[ 5  5 83]
[13  8 80]	[ 5  5 81]
[ 8  8 78]	[ 5  5 80]
[ 8  8 78]	[ 5  5 78]
[ 8  8 80]	[ 5  8 76]
[ 8  8 80]	[ 8  8 76]
[ 8  8 78]	[ 8  8 78]
[ 8  8 78]	[ 8  8 78]
[ 8  8 76]	[ 8  8 76]
[ 8  8 76]	[ 8  8 76]
[ 8 13 75]	[ 8  8 75]
[13 13 73]	[ 8  8 75]
[13 13 88]	[ 8 13 73]
[13 13 87]	[13 13 73]
[13 13 88]	[13 13 90]
[13 13 92]	[13 13 85]
[13 13 92]	[13 13 85]
[13 13 92]	[13 13 90]
[13 13 90]	[13 13 90]
[13 13 88]	[13 13 88]
[13 13 87]	[13 13 88]
[13 13 85]	[13  5 87]
[13 13 85]	[ 5  5 88]
[13 13 87]	[ 5  5 83]
[13 13 88]	[ 5  5 83]
[13 13 88]	[ 5  5 88]
[13 13 88]	[ 5  5 88]
[13 13 87]	[ 5  5 87]
[13 13 88]	[ 5  5 87]
[13 13 88]	[ 5 12 85]
[13 13 87]	[12 12 85]
[13 13 88]	[12 12 87]
[13 13 87]	[12 12 88]
[13 13 88]	[12 12 90]
[13 13 87]	[12 12 88]
[13 13 88]	[12 12 87]
[13 13 87]	[12 12 85]
[13 13 88]	[12  5 87]
[13 13 87]	[ 5 18 88]
[13 13 88]	[18 18 90]
[13 13 92]	[18 18 85]
[13 13 92]	[18 18 85]
[13 13 92]	[18 18 90]
[13 13 90]	[18 18 90]
[13 13 88]	[18 18 88]
[13 13 87]	[18 18 88]
[13 13 85]	[18  5 87]
[13 13 85]	[ 5  5 88]
[13 13 87]	[ 5  5 83]
[13 13 88]	[ 5  5 83]
[13 13 88]	[ 5  5 88]
[13 13 88]	[ 5  5 88]
[13 13 87]	[ 5  5 87]
[13 13 88]	[ 5  5 87]
[13 13 88]	[ 5  8 85]
[13 13 87]	[ 8  8 85]
[13 13 88]	[ 8  8 87]
[13 13 87]	[ 8  8 88]
[13 13 88]	[ 8  8 90]
[13 13 88]	[ 8  8 88]
[13 13 87]	[ 8  8 87]
[13 13 88]	[ 8  8 87]
[13 13 87]	[ 8 13 85]
[13 13 85]	[13 13 85]
[13 13 83]	[13 13 85]
[13 13 80]	[13 13 85]
[13 13 78]	[13 13 80]
[13 13 80]	[13 13 79]
[13 13 80]	[13 13 80]
[13 13 78]	[13 13 85]
[13 13 80]	[13 13 85]
[13 13 78]	[13 13 80]
[13 13 80]	[13 13 79]
[13 13 78]	[13 13 80]
[13 13 80]	[13 13 85]
[13 13 78]	[13 13 80]
[13 13 80]	[13 13 79]
[13 13 78]	[13 13 80]
[13 13 80]	[13 13 85]
[13 13 78]	[13 13 80]
[13 13 80]	[13 13 79]
[13 13 78]	[13 13 80]
[13 13 80]	[13 13 85]
[13 13 85]	[13 13 80]
[13 13 87]	[13 13 79]
[13  5 85]	[13 13 80]
[ 5  5 83]	[13  5 85]
[ 5  5 85]	[ 5  5 83]
[ 5  5 83]	[ 5  5 85]
[ 5  5 85]	[ 5  5 86]
[ 5  5 83]	[ 5  5 85]
[ 5  5 81]	[ 5  5 83]
[ 5  5 80]	[ 5  5 81]
[ 5  5 80]	[ 5  5 80]
[ 5  5 81]	[ 5 18 78]
[ 5  5 80]	[18 18 78]
[ 5  5 81]	[18 18 83]
[ 5  5 80]	[18 18 78]
[ 5  5 78]	[18 18 83]
[ 5  5 80]	[18  6 78]
[ 5  5 80]	[ 6  6 76]
[ 5  5 78]	[ 6  6 78]
[ 5  5 80]	[ 6  6 80]
[ 5  5 78]	[ 6 12 76]
[ 5  5 76]	[12 12 78]
[ 5  5 78]	[12 12 76]
[ 5  5 80]	[12  5 75]
[ 5  5 83]	[ 5  5 76]
[ 5  5 85]	[ 5  5 88]
[ 5  5 83]	[5 5 0]
[ 5  5 85]	[ 5  5 83]
[ 5  5 83]	[ 5  5 85]
[ 5  5 81]	[ 5  5 86]
[ 5 18 80]	[ 5  5 85]
[18 18 81]	[ 5  5 83]
[18 18 80]	[ 5  5 81]
[18 18 78]	[ 5  5 80]
[18 18 81]	[ 5 18 78]
[18 18 80]	[18 18 78]
[18 18 81]	[18 18 83]
[18 18 80]	[18 18 78]
[18  8 81]	[18 18 83]
[ 8  8 80]	[18  8 78]
[ 8  8 80]	[ 8  8 80]
[ 8  8 78]	[ 8  8 78]
[ 8  8 78]	[ 8  8 78]
[ 8  8 76]	[ 8  8 76]
[ 8  8 76]	[ 8  8 76]
[ 8 13 75]	[ 8  8 75]
[-1 -1 -1]	[ 8  8 75]
[-1 13 -1]	[ 8 13 73]
[13 13 73]	[13 13 85]
[13 13 85]	[13 13 85]
[13 13 85]	[13 13 87]
[13 13 85]	[13 13 85]
[13 13 85]	[13 13 83]
[13 13 83]	[13 13 80]
[13 13 80]	[13 13 85]
[13 13 78]	[13 12 81]
[13 13 76]	[12 12 83]
[13 13 75]	[12 12 80]
[13 13 73]	[12 13 78]
[13 13 73]	[13 13 76]
[13 13 73]	[13 13 73]
[13 13 73]	[13 13 75]
[13 13 71]	[13 13 73]
[13 13 68]	[13 10 71]
[13 13 73]	[10 10 68]
[13 13 75]	[10 10 69]
[13 13 76]	[10 12 71]
[13 13 80]	[12 12 73]
[13 13 85]	[12 12 75]
[13 13 87]	[12 13 78]
[13 13 88]	[13 13 80]
[13 13 87]	[13 13 85]
[13  5 85]	[13 13 87]
[ 5  5 83]	[13 13 85]
[ 5  5 85]	[13 13 83]
[ 5  5 83]	[13 13 80]
[ 5  5 85]	[13 13 85]
[ 5  5 83]	[13 12 81]
[ 5 12 80]	[12 12 83]
[12 12 78]	[12 12 80]
[12 12 75]	[12 13 78]
[12 12 73]	[13 13 76]
[12 12 71]	[13 12 73]
[12 12 73]	[12 12 75]
[12 12 71]	[12 12 73]
[12 12 71]	[12 20 71]
[12 12 73]	[20 20 68]
[12 12 75]	[20 20 69]
[12 12 78]	[20 13 71]
[12 12 80]	[13 13 73]
[12 12 81]	[13 13 80]
[12 12 80]	[13 13 81]
[12 12 78]	[13 13 80]
[12 12 76]	[13 13 78]
[12  5 78]	[13 13 75]
[ 5  5 76]	[13 13 73]
[ 5  5 78]	[13 13 80]
[ 5 12 76]	[13 13  0]
[12 12 78]	[13 13 80]
[12 12 75]	[13 13 78]
[12 12 73]	[13 13 75]
[12 12 71]	[13 12 73]
[12 12 73]	[12 12 71]
[12 12 75]	[12 12 73]
[12 12 73]	[12 12 75]
[12 12 71]	[12 12 78]
[12 12 73]	[12 12 75]
[12 12 75]	[12 12 73]
[12 12 78]	[12 12 71]
[12 12 80]	[12 12 73]
[12 12 81]	[12 12 75]
[12 12 80]	[12 13 78]
[12 12 81]	[13 13 80]
[12 12 80]	[13 13 81]
[12 12 78]	[13 13 80]
[12 12 76]	[13 13 78]
[12  5 78]	[13 13 75]
[ 5  5 76]	[13 13 73]
[ 5  5 78]	[13 13 80]
[ 5 12 76]	[13 13  0]
[12 12 78]	[13 13 80]
[12 12 75]	[13 13 78]
[12 12 73]	[13 13 75]
[12 12 71]	[13 12 73]
[12 12 73]	[12 12 71]
[12 12 75]	[12 12 73]
[12 12 73]	[12 12 75]
[12 12 75]	[12 12 78]
[12 12 73]	[12 12 75]
[12 13 71]	[12 20 71]
[13 13 73]	[20 20 75]
[13 13 76]	[20 20 73]
[13 13 78]	[20 13 71]
[13 13 80]	[13 13 73]
[13 13 78]	[13 13 80]
[13 13 80]	[13 13 81]
[13 13 78]	[13 13 80]
[13 13 80]	[13 13 78]
[13 13 78]	[13 13 80]
[13 13 80]	[13 13 80]
[13 13 78]	[13 13 76]
[13 13 76]	[13 13 80]
[13 13 78]	[13 13 80]
[13 13 80]	[13 13 75]
[13 13 78]	[13 13 80]
[13 13 80]	[13 20 80]
[13 13 85]	[20 20 80]
[13 13 85]	[20 20 81]
[13 13 85]	[20 20 83]
[13 13 83]	[20 20 87]
[13 13 81]	[20 20 85]
[13 13 80]	[20 20 83]
[13 13 76]	[20 20 80]
[13 13 75]	[20 20 78]
[-1 -1 -1]	[20 13 75]
[-1 13 -1]	[13  6 73]
[13 13 73]	[ 6  6 64]
[13 18 68]	[ 6  6 63]
[18 18 69]	[ 6  6 64]
[18 18 68]	[ 6  6 66]
[18 18 69]	[ 6  6 68]
[18 18 68]	[ 6  6 69]
[18 18 69]	[ 6  6 71]
[18 18 68]	[ 6  6 69]
[18 18 69]	[ 6  6 68]
[18 18 68]	[ 6  5 66]
[18 18 69]	[ 5  5 68]
[18 18 68]	[ 5  5 68]
[18 18 69]	[ 5  5 68]
[18 18 68]	[ 5  5 68]
[18 18 69]	[ 5  5 68]
[18 18 71]	[ 5 10 64]
[18 18 69]	[10 10 73]
[18 18 69]	[10 10 73]
[18 18 68]	[10 12 71]
[18 18 69]	[12 12 71]
[18 18 68]	[12 12 69]
[18 18 69]	[12 12 68]
[18 18 68]	[12 12 66]
[18 18 69]	[12 12 68]
[18 18 68]	[12  6 69]
[18 18 69]	[ 6  6 71]
[18 18 68]	[ 6  6 69]
[18 18 69]	[ 6  6 68]
[18 18 68]	[ 6  5 66]
[18 18 69]	[ 5  5 71]
[18 18 69]	[ 5  5 64]
[18 18 68]	[ 5  5 68]
[18 18 69]	[ 5  5 71]
[18 18 68]	[ 5  5 69]
[18 18 69]	[ 5  5 68]
[18 18 68]	[ 5  5 69]
[18 18 69]	[ 5  5 68]
[18 18 68]	[ 5  5 64]
[18 18 66]	[ 5  6 68]
[18 18 66]	[ 6  6 66]
[18 18 66]	[ 6  6 66]
[18 18 66]	[ 6  6 63]
[18 18 66]	[ 6  6 64]
[18 18 68]	[ 6  6 63]
[18 18 69]	[ 6  6 64]
[18 18 68]	[ 6  6 66]
[18 18 69]	[ 6  6 68]
[18 18 68]	[ 6  6 69]
[18 18 69]	[ 6  6 71]
[18 18 68]	[ 6  6 69]
[18 18 69]	[ 6  6 68]
[18 18 68]	[ 6  5 66]
[18 18 69]	[ 5  5 68]
[18 18 68]	[ 5  5 68]
[18 18 69]	[ 5  5 68]
[18 18 68]	[ 5  5 68]
[18 18 69]	[ 5  5 68]
[18 18 71]	[ 5 10 64]
[18 18 69]	[10 10 73]
[18 18 69]	[10 10 73]
[18 18 68]	[10  6 71]
[18 18 69]	[ 6  6 71]
[18 18 68]	[ 6  6 69]
[18 18 69]	[ 6  6 68]
[18 18 68]	[ 6  6 66]
[18 18 69]	[ 6  6 68]
[18 18 68]	[ 6  6 69]
[18 18 69]	[ 6  6 71]
[18 18 68]	[ 6  6 69]
[18 18 69]	[ 6  6 68]
[18 18 68]	[ 6  5 66]
[18 18 69]	[ 5  5 71]
[18 18 69]	[ 5  5 64]
[18 18 68]	[ 5  5 68]
[18 18 69]	[ 5  5 71]
[18 18 68]	[ 5  5 69]
[18 18 66]	[ 5  5 68]
[18 18 66]	[ 5  5 69]
[18 18 66]	[ 5  5 68]
[18 18 66]	[ 5  5 64]
[18 18 68]	[ 5  6 68]
[18 18 69]	[ 6  6 66]
[18 18 68]	[ 6  6 66]
[18 18 69]	[ 6  6 68]
[18 18 68]	[ 6  6 69]
[18 18 69]	[ 6  6 68]
[18 18 68]	[ 6  6 66]
[18 18 69]	[ 6  6 68]
[18 18 71]	[ 6  6 69]
[18 18 69]	[ 6  6 71]
[18 18 68]	[ 6  5 73]
[18 18 69]	[ 5  5 71]
[18 18 68]	[ 5  5 69]
[18 18 69]	[ 5  6 68]
[18 18 68]	[ 6  6 66]
[18 18 69]	[ 6  6 68]
[18 18 68]	[ 6  6 69]
[18 18 69]	[ 6  6 68]
[18 18 68]	[ 6  6 66]
[18 18 69]	[ 6  6 68]
[18 18 71]	[ 6  6 69]
[18 18 73]	[ 6  6 71]
[18 18 72]	[ 6 10 73]
[18 18 69]	[10 10 73]
[18 18 68]	[10 12 73]
[18 18 69]	[12 12 68]
[18 18 68]	[12 12 69]
[18 18 69]	[12 12 68]
[18 18 68]	[12 12 66]
[18 18 69]	[12 12 68]
[18 18 71]	[12 12 69]
[18 18 69]	[12 12 71]
[18 18 68]	[12  6 73]
[18 18 69]	[ 6  6 71]
[18 18 68]	[ 6  6 69]
[18 18 69]	[ 6  6 68]
[18 18 68]	[ 6  6 66]
[18 18 69]	[ 6  6 68]
[18 18 69]	[ 6  6 64]
[18 18 68]	[ 6  6 68]
[18 18 69]	[ 6  6 71]
[18 18 68]	[ 6  6 69]
[18 18 69]	[ 6  6 68]
[18 18 68]	[ 6  6 69]
[18 18 69]	[ 6  6 68]
[18 18 68]	[ 6  6 64]
[18 18 66]	[ 6  6 68]
[18 18 85]	[ 6  6 66]
[18 18 85]	[ 6  6 66]
[18 18 83]	[ 6  6 85]
[18 13 81]	[ 6  6 84]
[13 13 80]	[ 6  6 81]
[13 13 85]	[6 6 0]
[13 13 87]	[ 6  6 85]
[13 13 85]	[6 6 0]
[13 13 87]	[ 6  6 85]
[13 13 85]	[6 6 0]
[13 13 83]	[ 6  6 85]
[13 13 85]	[ 6  6 83]
[13 13 87]	[ 6  6 81]
[13 13 85]	[ 6  6 83]
[13 13 85]	[ 6  6 85]
[13 13 83]	[ 6  6 85]
[13 13 85]	[ 6  6 84]
[13 13 87]	[ 6  6 81]
[13 13 85]	[6 6 0]
[13 13 87]	[ 6  6 85]
[13 13 88]	[6 6 0]
[13 13 90]	[ 6  6 85]
[13 13 88]	[ 6  6 86]
[13 13 87]	[ 6  6 89]
[13 13 85]	[ 6  6 90]
[13 13 85]	[ 6  6 85]
[13 13 83]	[ 6  6 85]
[13 13 85]	[ 6  6 84]
[13 13 87]	[ 6  6 81]
[13 13 85]	[6 6 0]
[13 13 87]	[ 6  6 85]
[13 13 85]	[6 6 0]
[13 13 87]	[ 6  6 85]
[13  5 85]	[6 6 0]
[ 5  5 83]	[ 6  6 85]
[ 5  5 85]	[ 6  6 83]
[ 5  5 87]	[ 6  6 81]
[ 5  5 88]	[ 6  6 83]
[ 5  5 88]	[ 6  6 85]
[ 5  5 87]	[6 5 0]
[ 5  5 85]	[ 5  5 90]
[ 5  5 83]	[ 5  5 89]
[ 5  5 85]	[ 5  5 86]
[ 5  5 83]	[ 5  5 85]
[ 5  5 81]	[ 5  5 83]
[ 5  5 83]	[ 5  5 81]
[ 5  5 85]	[ 5  5 80]
[ 5  5 83]	[ 5  5 81]
[ 5  5 80]	[ 5  5 83]
[ 5 13 83]	[ 5  6 85]
[13 13 85]	[ 6  6 78]
[13 13 85]	[6 6 0]
[13 13 83]	[ 6  6 85]
[13 13 85]	[ 6  6 84]
[13 13 87]	[ 6  6 81]
[13 13 85]	[6 6 0]
[13 13 87]	[ 6  6 85]
[13 13 85]	[6 6 0]
[13 13 87]	[ 6  6 85]
[13 13 85]	[6 6 0]
[13 13 83]	[ 6  6 85]
[13 13 85]	[ 6  6 83]
[13 13 87]	[ 6  6 81]
[13 13 85]	[ 6  6 83]
[13 13 85]	[ 6  6 85]
[13 13 87]	[6 6 0]
[13 13 88]	[6 6 0]
[13 13 87]	[ 6  6 88]
[13 13 85]	[ 6  6 87]
[13 13 83]	[ 6  6 85]
[13 13 81]	[ 6  6 84]
[13 13 80]	[ 6  6 81]
[13 13 85]	[ 6  6 80]
[13 13 87]	[ 6  6 78]
[13 13 88]	[6 6 0]
[13 13 90]	[ 6  6 85]
[13 13 88]	[ 6  6 86]
[13 13 87]	[ 6  6 89]
[13 13 85]	[ 6  6 90]
[13 13 85]	[ 6  6 85]
[13 13 83]	[ 6  6 85]
[13 13 85]	[ 6  6 84]
[13 13 87]	[ 6  6 81]
[13 13 85]	[6 6 0]
[13 13 87]	[ 6  6 85]
[13 13 85]	[6 6 0]
[13 13 87]	[ 6  6 85]
[13 13 85]	[6 6 0]
[13 13 83]	[ 6  6 85]
[13 13 85]	[ 6  6 83]
[13 13 87]	[ 6  6 81]
[13 13 85]	[ 6  6 83]
[13 13 87]	[ 6  6 85]
[13 13 88]	[6 6 0]
[13 13 87]	[ 6  6 88]
[13 13 85]	[ 6  6 87]
[13 13 83]	[ 6  6 85]
[13 13 81]	[ 6  6 84]
[13 13 80]	[ 6  6 81]
[13 13 85]	[ 6  6 80]
[13 13 87]	[ 6  6 78]
[13 13 88]	[6 6 0]
[13 13 87]	[ 6  6 85]
[13 13 85]	[ 6  6 88]
[13 13 85]	[ 6  6 85]
[-1 -1 -1]	[ 6  6 83]
[-1 13 -1]	[ 6 -1 85]
[13 13 73]	[-1 -1 61]
[13 13 71]	[-1 -1 61]
[13 13 68]	[-1 13 61]
[13 13 73]	[13 13 68]
[13 13 75]	[13 13 68]
[13 13 73]	[13  8 68]
[13 13 73]	[ 8  8 76]
[13 13 68]	[ 8 13 75]
[13 18 68]	[13 13 73]
[18 18 69]	[13 13 68]
[18 18 68]	[13 18 69]
[18 18 66]	[18 18 71]
[18 18 66]	[18 12 69]
[18 18 68]	[12 12 66]
[18 18 69]	[12 12 66]
[18 18 71]	[12 12 69]
[18  8 69]	[12 12 73]
[ 8  8 68]	[12  8 73]
[ 8  8 72]	[ 8  8 68]
[ 8  8 73]	[ 8 13 68]
[ 8  8 75]	[13 13 73]
[ 8  8 76]	[13  8 73]
[ 8 13 75]	[ 8  8 72]
[13 13 73]	[ 8 10 75]
[13 13 68]	[10 10 73]
[13 13 66]	[10 13 73]
[13 13 64]	[13 13 68]
[13 13 64]	[13 13 64]
[13 13 66]	[13 13 66]
[13 13 64]	[13 13 68]
[13 13 63]	[13 18 68]
[13 13 64]	[18 18 66]
[13 13 66]	[18 18 64]
[13 13 68]	[18  8 66]
[-1 -1 -1]	[ 8  8 68]
[-1 13 -1]	[ 8 -1 68]
[13 13 73]	[-1 13 80]
[13 13 85]	[13 13 80]
[13 13 85]	[13 13 85]
[13 13 85]	[13  8 84]
[13 13 88]	[ 8  8 80]
[13 13 92]	[ 8  8 83]
[13 13 88]	[ 8  8 87]
[13 13 87]	[ 8  8 90]
[13 13 88]	[ 8 13 87]
[13 13 90]	[13 13 88]
[13 13 92]	[13 13 88]
[13 13 92]	[13 13 88]
[13 13 88]	[13 13 92]
[13 13 88]	[13  8 90]
[13 13 87]	[ 8  8 87]
[13 13 88]	[ 8 13 90]
[13 13 88]	[13  8 88]
[13 13 88]	[ 8  8 87]
[13 13 90]	[ 8  8 87]
[13 13 92]	[ 8  8 87]
[13 13 88]	[ 8  8 92]
[13 13 88]	[ 8  8 90]
[13 13 87]	[ 8  8 87]
[13 13 88]	[ 8 13 90]
[13 13 87]	[13 13 88]
[13 13 88]	[13 13 88]
[13 13 88]	[13  8 85]
[13 13 88]	[ 8  8 87]
[13 13 90]	[ 8  8 87]
[13 13 92]	[ 8  8 87]
[13 13 88]	[ 8  8 92]
[13 13 88]	[ 8  8 90]
[13 13 87]	[ 8  8 87]
[13 13 88]	[ 8 13 90]
[13 13 87]	[13 13 88]
[13 13 88]	[13 13 88]
[13 13 88]	[13  8 85]
[13 13 87]	[ 8  8 87]
[13 13 88]	[ 8 13 87]
[13 13 90]	[13 13 88]
[13 13 92]	[13 13 88]
[13 13 88]	[13 13 92]
[13 13 92]	[13  8 90]
[13 13 88]	[ 8  8 87]
[-1 -1 -1]	[ 8  8 90]
[-1 13 -1]	[ 8 -1 87]
[13 13 73]	[-1 -1 73]
[13 13 73]	[-1 13 75]
[13 13 75]	[13 13 76]
[13 13 76]	[13 13 75]
[13 13 75]	[13 13 76]
[13 13 73]	[13 13 75]
[13 13 75]	[13 13 73]
[13 13 76]	[13 13 68]
[13 13 75]	[13 13 73]
[13 13 76]	[13 10 75]
[13 13 75]	[10 10 76]
[13 13 73]	[10 10 75]
[13 13 73]	[10 10 76]
[13 13 71]	[10 10 75]
[13 13 73]	[10 10 73]
[13 13 75]	[10 10 69]
[13 12 73]	[10 10 73]
[12 12 71]	[10 12 76]
[12 12 68]	[12 12 75]
[12 12 66]	[12 12 71]
[12 12 66]	[12 12 66]
[12 12 68]	[12 12 71]
[12 12 66]	[12 12 68]
[12 12 68]	[12 12 66]
[12 12 66]	[12 12 68]
[12 12 71]	[12 12 71]
[12 12 73]	[12 12 66]
[12 13 71]	[12 12 68]
[13 13 73]	[12 12 71]
[13 13 73]	[12 12 73]
[13 13 73]	[12 12 75]
[13 13 73]	[12 12 73]
[13 13 75]	[12 12 71]
[13 13 76]	[12 13 75]
[13 13 75]	[13 13 76]
[13 13 76]	[13 13 75]
[13 13 75]	[13 13 76]
[13 13 73]	[13 13 75]
[13 13 75]	[13 13 73]
[13 13 76]	[13 13 68]
[13 13 75]	[13 13 73]
[13 13 76]	[13 10 75]
[13 13 75]	[10 10 76]
[13 13 73]	[10 10 75]
[13 13 73]	[10 10 76]
[13 13 71]	[10 10 75]
[13 13 73]	[10 10 73]
[13 13 75]	[10 10 69]
[13 13 76]	[10 10 73]
[13 13 73]	[10 12 76]
[13 13 68]	[12 12 78]
[13 13 73]	[12 12 75]
[13 13 68]	[12 12 66]
[13 13 66]	[12 12 75]
[13 13 64]	[12 12 68]
[13 13 63]	[12 12 66]
[13 13 64]	[12 12 68]
[13 13 63]	[12 12 71]
[13 13 61]	[12 12 66]
[13 13 61]	[12 12 64]
[13 13 61]	[12 12 63]
[13 13 61]	[12 13 64]
[13 13 61]	[13 13 61]
[13 13 61]	[13 13 59]
[13 13 61]	[13 13 63]
[13 13 61]	[13 13 64]
[13 13 61]	[13 13 61]
[13 13 61]	[13 13 68]
[13 13 61]	[13 13 61]
[13 13 61]	[13 13 69]
[13 13 61]	[13 13 61]
[13 13 61]	[13 13 68]
[13 13 61]	[13 13 61]
[13 13 61]	[13 13 71]
[13 13 61]	[13 13 61]
[13 13 63]	[13 13 68]
[13 13 64]	[13 13 61]
[13 13 64]	[13 13 69]
[13 13 66]	[13 13 68]
[13 12 64]	[13 13 66]
[12 12 63]	[13 12 64]
[12 12 59]	[12 12 63]
[12 12 59]	[12 12 59]
[12 12 59]	[12 12 66]
[12 12 59]	[12 12 59]
[12 12 59]	[12 12 68]
[12 12 59]	[12 12 59]
[12 12 59]	[12 12 66]
[12 12 59]	[12 12 59]
[12 12 59]	[12 12 69]
[12 12 59]	[12 12 59]
[12 13 63]	[12 12 68]
[13 13 61]	[12 12 59]
[13 13 61]	[12 12 66]
[13 13 61]	[12 12 64]
[13 13 61]	[12 12 59]
[13 13 61]	[12 13 63]
[13 13 61]	[13 13 64]
[13 13 61]	[13 13 61]
[13 13 61]	[13 13 68]
[13 13 61]	[13 13 61]
[13 13 61]	[13 13 69]
[13 13 61]	[13 13 61]
[13 13 61]	[13 13 68]
[13 13 61]	[13 13 61]
[13 13 61]	[13 13 71]
[13 13 61]	[13 13 61]
[13 13 63]	[13 13 68]
[13 13 64]	[13 13 61]
[13 13 64]	[13 13 69]
[13 13 66]	[13 13 68]
[13 12 64]	[13 13 66]
[12 12 63]	[13 12 64]
[12 12 59]	[12 12 63]
[12 12 59]	[12 12 59]
[12 12 59]	[12 12 66]
[12 12 59]	[12 12 59]
[12 12 59]	[12 12 68]
[12 12 59]	[12 12 59]
[12 13 63]	[12 12 66]
[13 13 61]	[12 13 59]
[13 13 61]	[13 13 64]
[13 13 61]	[13 13 61]
[-1 -1 -1]	[13 13 61]
[-1 13 -1]	[13 -1 59]
[13 13 73]	[-1 -1 68]
[13 13 72]	[-1 -1 67]
[13  8 73]	[-1 13 68]
[ 8  8 72]	[13 13 69]
[ 8  8 68]	[13 13 68]
[ 8  8 68]	[13 13 73]
[ 8  8 68]	[13 13 68]
[ 8  8 68]	[13 13 67]
[ 8  8 72]	[13  8 68]
[ 8  8 73]	[ 8  8 69]
[ 8  8 72]	[ 8  8 68]
[ 8  8 68]	[ 8  8 75]
[ 8  8 68]	[ 8  8 68]
[ 8  8 68]	[ 8  8 67]
[ 8  8 68]	[ 8  8 68]
[ 8  8 76]	[ 8  8 69]
[ 8  8 75]	[ 8  8 68]
[ 8  8 73]	[ 8  8 78]
[ 8  8 72]	[ 8  8 75]
[ 8  8 68]	[ 8  8 72]
[ 8  8 66]	[ 8  8 68]
[ 8  8 66]	[ 8  8 66]
[ 8  8 68]	[ 8 13 65]
[ 8  8 72]	[13 13 64]
[ 8  8 73]	[13 13 72]
[ 8  8 72]	[13 13 73]
[ 8  8 68]	[13 13 72]
[ 8  8 72]	[13 13 71]
[ 8  8 75]	[13 18 70]
[ 8  8 76]	[18 18 69]
[ 8 13 75]	[18 18 73]
[13 13 73]	[18 18 78]
[13 13 76]	[18 18 69]
[13 13 73]	[18 18 73]
[13 13 73]	[18 13 78]
[13 13 75]	[13 13 68]
[13  8 73]	[13 13 73]
[ 8  8 75]	[13 13 76]
[ 8  8 75]	[13 13 68]
[ 8  8 76]	[13 13 73]
[ 8  8 78]	[13  3 74]
[ 8  8 76]	[ 3  3 75]
[ 8  8 75]	[ 3  3 76]
[ 8  8 73]	[ 3  3 75]
[ 8  8 72]	[ 3  3 73]
[ 8  8 73]	[ 3  3 72]
[ 8  8 72]	[ 3  8 73]
[ 8  8 68]	[ 8  8 75]
[ 8  8 68]	[ 8  8 75]
[ 8  8 68]	[ 8  8 68]
[ 8  8 68]	[ 8  8 67]
[ 8  8 68]	[ 8 13 68]
[ 8  8 72]	[13 13 69]
[ 8  8 68]	[13 13 68]
[ 8  8 68]	[13 13 73]
[ 8  8 68]	[13 13 68]
[ 8  8 68]	[13 13 67]
[ 8  8 72]	[13  8 68]
[ 8  8 73]	[ 8  8 69]
[ 8  8 72]	[ 8  8 68]
[ 8  8 68]	[ 8  8 75]
[ 8  8 68]	[ 8  8 68]
[ 8  8 68]	[ 8  8 67]
[ 8  8 68]	[ 8  8 68]
[ 8  8 76]	[ 8  8 69]
[ 8  8 75]	[ 8  8 68]
[ 8  8 73]	[ 8  8 78]
[ 8  8 72]	[ 8  8 75]
[ 8  8 68]	[ 8  8 72]
[ 8  8 66]	[ 8  8 68]
[ 8  8 66]	[ 8  8 66]
[ 8  8 68]	[ 8 13 65]
[ 8  8 72]	[13 13 64]
[ 8  8 73]	[13 13 72]
[ 8  8 72]	[13 13 73]
[ 8 18 71]	[13 13 72]
[18 18 72]	[13 13 71]
[18 18 73]	[13 18 70]
[18 18 73]	[18 18 69]
[18 18 72]	[18 18 73]
[18 18 73]	[18 18 78]
[18 18 73]	[18 18 69]
[18 13 69]	[18 18 73]
[13 13 68]	[18 18 78]
[13 13 68]	[18 18 69]
[13 13 73]	[18 13 73]
[13 13 75]	[13 13 68]
[13 13 73]	[13 13 73]
[13 13 73]	[13 13 76]
[13 13 75]	[13 13 68]
[13  8 73]	[13 13 73]
[ 8  8 75]	[13 13 76]
[ 8  8 76]	[13 13 68]
[ 8  8 78]	[13 13 72]
[ 8  8 80]	[13  8 75]
[ 8  8 81]	[ 8  8 80]
[ 8  8 80]	[ 8  8 68]
[ 8  8 81]	[ 8  8 80]
[ 8  8 80]	[ 8  8 81]
[ 8  8 78]	[ 8  8 80]
[ 8  8 76]	[ 8  8 78]
[ 8  8 75]	[ 8  8 76]
[ 8  8 75]	[ 8 13 75]
[ 8  8 68]	[13 13 73]
[ 8  8 68]	[13 13 73]
[ 8  8 68]	[13 13 68]
[ 8  8 68]	[13 13 69]
[ 8  8 68]	[13  5 70]
[ 8  8 68]	[ 5  5 71]
[ 8  8 68]	[ 5  5 70]
[ 8  8 72]	[ 5  5 71]
[ 8  8 73]	[ 5  5 70]
[ 8  8 72]	[ 5  5 71]
[ 8 18 71]	[ 5 18 72]
[18 18 69]	[18 18 73]
[18 18 68]	[18 18 69]
[18 12 66]	[18 18 68]
[12 12 68]	[18 18 69]
[12 12 66]	[18 12 70]
[12 12 68]	[12 12 71]
[12 12 66]	[12 12 63]
[12 12 66]	[12 12 66]
[12 12 68]	[12 12 71]
[12 12 71]	[12 12 63]
[12 12 73]	[12 12 66]
[12 13 71]	[12 12 75]
[13 13 73]	[12  5 74]
[13 13 73]	[ 5  5 73]
[13 13 75]	[ 5  5 68]
[13 13 73]	[ 5  5 76]
[13 13 75]	[ 5  5 76]
[13  8 73]	[ 5  5 68]
[ 8  8 75]	[ 5  5 76]
[ 8  8 72]	[ 5  5 68]
[ 8  8 73]	[ 5  5 76]
[ 8  8 72]	[ 5  5 68]
[ 8  8 73]	[ 5  5 75]
[ 8  8 72]	[ 5  5 68]
[ 8 18 71]	[ 5  5 75]
[18 18 69]	[ 5 18 68]
[18 18 68]	[18 18 73]
[18 18 69]	[18 18 69]
[18 18 68]	[18 18 62]
[18 18 69]	[18 18 63]
[18 18 68]	[18 12 66]
[18 18 69]	[12 12 75]
[18 18 69]	[12 12 69]
[18 18 68]	[12 12 73]
[18 18 69]	[12 12 68]
[18 18 69]	[12 12 69]
[18 18 69]	[12  5 70]
[18 18 68]	[ 5  5 71]
[18 18 69]	[ 5  5 68]
[18 18 68]	[ 5  5 67]
[18 18 69]	[ 5  5 68]
[18 18 68]	[ 5  5 69]
[18 18 69]	[ 5  5 71]
[18 18 69]	[ 5  5 64]
[18 18 68]	[ 5  5 68]
[18 18 69]	[ 5  5 71]
[18 18 69]	[ 5  5 64]
[18 18 68]	[ 5  5 68]
[18 18 69]	[ 5  5 71]
[18 18 68]	[ 5 18 72]
[18 18 69]	[18 18 73]
[18 18 71]	[18 18 66]
[18 18 73]	[18 18 69]
[18 18 78]	[18 18 73]
[18 18 76]	[18 18 66]
[18 18 75]	[18 18 76]
[18 18 73]	[18 18 75]
[18 18 71]	[18 18 74]
[18 18 69]	[18 12 73]
[18 18 68]	[12 12 71]
[18 18 69]	[12 12 63]
[18  8 66]	[12 12 66]
[ 8  8 68]	[12 12 71]
[ 8  8 72]	[12 12 63]
[ 8  8 73]	[12 12 66]
[ 8  8 72]	[12 12 71]
[ 8  8 68]	[12  5 72]
[ 8  8 68]	[ 5  5 73]
[ 8  8 72]	[ 5  5 68]
[ 8  8 73]	[ 5  5 68]
[ 8  8 75]	[ 5  5 68]
[ 8  8 76]	[ 5  5 71]
[ 8 13 75]	[ 5  5 76]
[13 13 73]	[ 5 10 75]
[13 13 75]	[10 10 73]
[13 13 76]	[10 10 72]
[13 13 76]	[10 10 73]
[13 13 75]	[10 23 75]
[13 13 76]	[23 23 78]
[13 13 78]	[23 23 76]
[13 13 80]	[23 23 75]
[13 13 80]	[23  5 76]
[13 13 80]	[ 5  5 80]
[13 13 85]	[ 5  5 81]
[13 13 87]	[ 5  5 82]
[13 13 85]	[ 5  1 83]
[13 18 80]	[ 1  1 85]
[18 18 81]	[ 1  1 83]
[18 18 80]	[ 1  1 81]
[18 18 78]	[ 1 18 80]
[18 18 76]	[18 18 78]
[18 18 75]	[18 18 76]
[18 18 73]	[18 18 75]
[18 18 71]	[18 12 73]
[18 18 69]	[12 12 71]
[18 18 68]	[12 12 69]
[18 13 66]	[12 12 68]
[13 13 68]	[12  5 66]
[13 13 73]	[ 5  5 64]
[13 13 76]	[ 5  5 64]
[13 13 78]	[ 5  5 73]
[13 13 80]	[ 5  5 76]
[13 13 76]	[ 5  1 80]
[13 13 78]	[ 1  1 85]
[13 13 80]	[ 1  1 73]
[13 13 81]	[ 1  1 76]
[13 13 80]	[ 1  1 80]
[13 13 78]	[ 1  1 83]
[13 13 80]	[ 1  1 73]
[13 13 80]	[ 1  1 76]
[13 13 76]	[ 1  1 80]
[13 13 78]	[ 1  1 81]
[13 13 80]	[ 1  1 73]
[13 13 80]	[ 1  1 76]
[13 13 78]	[ 1  1 80]
[13 13 76]	[ 1  1 81]
[13 13 75]	[ 1  1 80]
[13 13 73]	[ 1  1 76]
[13 13 75]	[ 1  1 73]
[13 13 76]	[ 1  1 85]
[13 13 78]	[ 1  1 73]
[13 13 80]	[ 1  1 76]
[13 13 76]	[ 1  1 80]
[13 13 78]	[ 1  1 83]
[13 13 80]	[ 1  1 73]
[13 18 80]	[ 1  1 76]
[18 18 78]	[ 1 15 80]
[18 18 76]	[15 15 81]
[18 18 78]	[15 15 69]
[18 18 80]	[15 15 75]
[18 18 78]	[15 15 78]
[18 18 76]	[15 15 81]
[18 18 75]	[15 15 78]
[18 18 73]	[15 15 75]
[18 18 72]	[15 15 69]
[18 18 73]	[15 15 85]
[18 18 78]	[15 15 69]
[18 18 80]	[15 15 75]
[18 18 78]	[15 15 78]
[18 18 76]	[15 15 83]
[18 18 78]	[15 15 69]
[18 18 80]	[15 15 75]
[18 18 78]	[15  8 78]
[18 18 76]	[ 8  8 81]
[18 18 78]	[ 8  8 69]
[18 18 80]	[ 8  8 75]
[18 18 78]	[ 8  8 78]
[18 18 76]	[ 8  8 81]
[18 18 75]	[ 8  8 78]
[18 18 73]	[ 8  8 75]
[18 18 72]	[ 8  8 69]
[18 18 73]	[ 8  8 85]
[18 18 78]	[ 8  8 69]
[18 18 80]	[ 8  8 75]
[18 18 78]	[ 8  8 78]
[18 18 76]	[ 8  8 83]
[18 18 78]	[ 8  8 69]
[18 18 80]	[ 8  8 75]
[18 18 78]	[ 8  1 78]
[18 18 78]	[ 1  1 81]
[18 18 81]	[ 1  1 73]
[18 18 80]	[ 1  1 76]
[18 13 78]	[ 1  1 80]
[13 13 76]	[ 1  1 81]
[13 13 75]	[ 1  1 80]
[13 13 73]	[ 1  1 76]
[13 13 75]	[ 1  1 73]
[13 13 76]	[ 1  1 85]
[13 13 78]	[ 1  1 73]
[13 13 80]	[ 1  1 76]
[13 13 76]	[ 1  1 80]
[13 13 78]	[ 1  1 83]
[13 13 80]	[ 1  1 73]
[13 13 80]	[ 1  1 76]
[13 13 76]	[ 1  1 80]
[13 13 78]	[ 1  1 81]
[13 13 80]	[ 1  1 73]
[13 13 80]	[ 1  1 76]
[13 13 80]	[ 1  1 80]
[13 13 78]	[ 1  1 81]
[13 13 80]	[ 1  1 80]
[13 18 80]	[ 1  1 76]
[18 18 81]	[ 1 10 73]
[18 18 80]	[10 10 81]
[18 18 81]	[10 10 83]
[18 18 80]	[10 10 81]
[18 18 78]	[10 10 80]
[18 18 80]	[10 10 78]
[18 18 81]	[10 15 76]
[18 18 80]	[15 15 81]
[18 18 78]	[15 15 80]
[18 18 76]	[15 15 78]
[18 18 75]	[15 13 76]
[18  8 73]	[13 13 75]
[ 8  8 72]	[13 13 73]
[ 8  8 68]	[13 13 71]
[ 8  8 72]	[13  6 71]
[ 8  8 73]	[ 6  6 69]
[ 8  8 75]	[ 6  6 71]
[ 8  8 76]	[ 6  6 72]
[ 8 13 75]	[ 6 19 73]
[13 13 73]	[19 19 75]
[13 13 73]	[19 19 73]
[13 13 75]	[19 19 71]
[13 13 76]	[19  1 73]
[13 13 80]	[ 1  1 76]
[13 13 81]	[ 1  1 78]
[13 18 80]	[ 1  1 79]
[18 18 81]	[ 1 10 80]
[18 18 80]	[10 10 81]
[18 18 78]	[10 10 80]
[18 18 76]	[10 10 78]
[18 18 75]	[10 15 76]
[18 18 73]	[15 15 75]
[18 18 71]	[15 15 73]
[18  8 69]	[15 15 71]
[ 8  8 68]	[15  8 69]
[ 8  8 66]	[ 8  8 68]
[ 8  8 64]	[ 8  8 66]
[ 8 13 63]	[ 8  8 64]
[-1 -1 -1]	[ 8  1 63]
[-1 13 -1]	[ 1 13 61]
[13 13 73]	[13 13 68]
[13 13 75]	[13 13 73]
[13 13 73]	[13 13 75]
[13 13 73]	[13 13 76]
[13 13 71]	[13 13 75]
[13 13 73]	[13 10 73]
[13 13 73]	[10 10 69]
[13 13 75]	[10 10 73]
[13 13 76]	[10 10 75]
[13 13 75]	[10 10 76]
[13  8 73]	[10 10 75]
[ 8  8 75]	[10  6 73]
[ 8  8 76]	[ 6  6 70]
[ 8  8 78]	[ 6  6 73]
[ 8  8 76]	[ 6  6 75]
[ 8 13 75]	[ 6  6 76]
[13 13 73]	[ 6  6 75]
[13 13 73]	[ 6 12 73]
[13 13 75]	[12 12 75]
[13 13 76]	[12 12 75]
[13 13 73]	[12 12 76]
[13 13 73]	[12 12 78]
[13 13 73]	[12 12 75]
[13 13 73]	[12 12 71]
[13 13 73]	[12 12 73]
[13 13 75]	[12 13 75]
[13 13 76]	[13 13 68]
[13 13 75]	[13 13 73]
[13 13 76]	[13 13 75]
[13 13 75]	[13 13 76]
[13  8 73]	[13 13 75]
[ 8  8 75]	[13 10 73]
[ 8  8 76]	[10 10 69]
[ 8  8 78]	[10 10 73]
[ 8  8 76]	[10 10 75]
[ 8  8 75]	[10 10 76]
[ 8  8 76]	[10 10 75]
[ 8  8 76]	[10 12 73]
[ 8  8 78]	[12 12 75]
[ 8  8 78]	[12 12 75]
[ 8  8 76]	[12 12 76]
[ 8  8 75]	[12 12 78]
[ 8  8 76]	[12 12 75]
[ 8  8 78]	[12 12 71]
[ 8  8 76]	[12 12 75]
[ 8  8 78]	[12 20 78]
[ 8  8 76]	[20 20 78]
[ 8 13 75]	[20 20 76]
[13 13 73]	[20 13 75]
[13 13 75]	[13 13 73]
[13 13 76]	[13 13  0]
[13 13 78]	[13 13 73]
[13 13 80]	[13 13 76]
[13 13 80]	[13 13 80]
[13 13 78]	[13 13 85]
[13 13 80]	[13 13 80]
[13 13 78]	[13 18 76]
[13 13 80]	[18 18 78]
[13 13 78]	[18 18 80]
[13 13 76]	[18 18 81]
[13 13 73]	[18 18 80]
[13 13 71]	[18 18 76]
[13 13 73]	[18 10 73]
[13 13 75]	[10 10 69]
[13 13 73]	[10 10 73]
[13 13 75]	[10 10 76]
[13 13 76]	[10 10 68]
[13 13 75]	[10 10 73]
[13 13 76]	[10  8 76]
[13 13 75]	[ 8  8 76]
[13  8 73]	[ 8  8 75]
[ 8  8 75]	[ 8  8 73]
[ 8  8 76]	[ 8  8 72]
[ 8 13 75]	[ 8  8 73]
[13 13 76]	[ 8 13 75]
[13 13 78]	[13 13 73]
[13 13 80]	[13 13 76]
[13 13 80]	[13 13 80]
[13 13 78]	[13 13 85]
[13 13 80]	[13 13 80]
[13 13 78]	[13 18 76]
[13 13 80]	[18 18 78]
[13 13 78]	[18 18 80]
[13 13 76]	[18 18 81]
[13 13 73]	[18 18 80]
[13 13 71]	[18 18 76]
[13 13 73]	[18 10 73]
[13 13 75]	[10 10 69]
[13 13 73]	[10 10 73]
[13 13 73]	[10 10 76]
[13 13 75]	[10 10 68]
[13 13 76]	[10 10 73]
[13 13 75]	[10  8 76]
[13  8 73]	[ 8  8 75]
[ 8  8 75]	[ 8  8 73]
[ 8  8 75]	[ 8 13 72]
[ 8  8 75]	[13 13 73]
[ 8  8 76]	[13 13 68]
[ 8  8 78]	[13 13 73]
[ 8  8 76]	[13 13 75]
[ 8 13 75]	[13 13 76]
[13 13 73]	[13 13 75]
[13 13 75]	[13 10 73]
[13 13 76]	[10 10 69]
[13 13 75]	[10 10 73]
[13 13 76]	[10 10 75]
[13 13 75]	[10 10 76]
[13  8 73]	[10 10 75]
[ 8  8 75]	[10  6 73]
[ 8  8 76]	[ 6  6 70]
[ 8  8 78]	[ 6  6 73]
[ 8  8 76]	[ 6  6 75]
[ 8 13 75]	[ 6  6 76]
[13 13 73]	[ 6  6 75]
[13 13 73]	[ 6 12 73]
[13 13 75]	[12 12 75]
[13 13 76]	[12 12 75]
[13 13 73]	[12 12 76]
[13 13 73]	[12 12 78]
[13 13 73]	[12 12 75]
[13 13 73]	[12 12 71]
[13 13 73]	[12 12 73]
[13 13 75]	[12 13 75]
[13 13 76]	[13 13 68]
[13 13 75]	[13 13 73]
[13 13 76]	[13 13 75]
[13 13 75]	[13 13 76]
[13  8 73]	[13 13 75]
[ 8  8 75]	[13 10 73]
[ 8  8 76]	[10 10 69]
[ 8  8 78]	[10 10 73]
[ 8  8 76]	[10 10 75]
[ 8  8 75]	[10 10 76]
[ 8  8 76]	[10 10 75]
[ 8  8 76]	[10 12 73]
[ 8  8 78]	[12 12 75]
[ 8  8 78]	[12 12 75]
[ 8  8 76]	[12 12 76]
[ 8  8 75]	[12 12 78]
[ 8  8 76]	[12 12 75]
[ 8  8 78]	[12 12 71]
[ 8  8 76]	[12 12 75]
[ 8  8 78]	[12 20 78]
[ 8  8 76]	[20 20 78]
[ 8 13 75]	[20 20 76]
[13 13 73]	[20 13 75]
[13 13 80]	[13 13 73]
[13 13 85]	[13 13  0]
[13 13 87]	[13 13 80]
[13 13 88]	[13 13 85]
[13 13 90]	[13 13 88]
[13 13 92]	[13 13 92]
[13 13 92]	[13 13 88]
[13 13 90]	[13 18 92]
[13 13 92]	[18 18 93]
[13 13 88]	[18 18 92]
[13 13 87]	[18 18 90]
[13 13 85]	[18 18 92]
[13 13 83]	[18 18 88]
[13 13 85]	[18 10 85]
[13 13 87]	[10 10 81]
[13 13 85]	[10 10 85]
[13 13 87]	[10 10 88]
[13 13 88]	[10 10 80]
[13 13 87]	[10 10 85]
[13 13 88]	[10  8 88]
[13 13 87]	[ 8  8 88]
[13 13 85]	[ 8  8 87]
[13 13 87]	[ 8  8 85]
[13 13 88]	[ 8  8 84]
[13 13 85]	[ 8  8 85]
[13 13 87]	[ 8 13 87]
[13 13 88]	[13 13 80]
[13 13 90]	[13 13 85]
[13 13 92]	[13 13 88]
[13 13 92]	[13 13 92]
[13 13 90]	[13 18 92]
[13 13 92]	[18 18 93]
[13 13 88]	[18 18 92]
[13 13 87]	[18 18 90]
[13 13 85]	[18 18 92]
[13 13 83]	[18 18 88]
[13 13 85]	[18 10 85]
[13 13 87]	[10 10 81]
[13 13 85]	[10 10 85]
[13 13 85]	[10 10 88]
[13 13 87]	[10 10 80]
[13 13 88]	[10 10 85]
[13 13 87]	[10  8 88]
[13 13 85]	[ 8  8 87]
[13 13 85]	[ 8  8 85]
[13 13 87]	[ 8  8 84]
[13 13 85]	[ 8  8 85]
[13 13 87]	[ 8 13 85]
[13 13 88]	[13 13 80]
[13 13 92]	[13 13 85]
[13 13 90]	[13 13 88]
[13 13 92]	[13 13 92]
[13 13 92]	[13 13 88]
[13 13 90]	[13 18 92]
[13 13 92]	[18 18 93]
[13 13 88]	[18 18 92]
[13 13 87]	[18 18 90]
[13 13 85]	[18 18 92]
[13 13 83]	[18 18 88]
[13 13 85]	[18 10 85]
[13 13 87]	[10 10 81]
[13 13 85]	[10 10 85]
[13 13 87]	[10 10 88]
[13 13 88]	[10 10 80]
[13 13 87]	[10 10 85]
[13 13 88]	[10  8 88]
[13 13 87]	[ 8  8 88]
[13 13 85]	[ 8  8 87]
[13 13 87]	[ 8  8 85]
[13 13 88]	[ 8  8 84]
[13 13 85]	[ 8  8 85]
[13 13 87]	[ 8 13 87]
[13 13 88]	[13 13 80]
[13 13 87]	[13 13 85]
[13 13 88]	[13 13 87]
[13 13 87]	[13 13 88]
[13 13 88]	[13 13 87]
[13 13 87]	[13 10 85]
[13 13 88]	[10 10 81]
[13 13 87]	[10 10 85]
[13 13 88]	[10 10 87]
[13 13 87]	[10 10 88]
[13 13 88]	[10 10 87]
[13 13 92]	[10 12 85]
[13 13 88]	[12 12 87]
[13 13 87]	[12 12 90]
[13 13 88]	[12 12 87]
[13 13 92]	[12 12 83]
[13 13 92]	[12 12 87]
[13 13 90]	[12 20 90]
[13 13 88]	[20 20 90]
[13 13 87]	[20 20 88]
[-1 -1 -1]	[20 13 87]
[-1 13 -1]	[13 13 85]
[13 13 73]	[13 13 68]
[13 13 73]	[13 13 73]
[13 13 75]	[13 13 73]
[13 13 73]	[13  5 75]
[13 13 73]	[ 5 12 76]
[13 13 73]	[12 12 75]
[13 13 73]	[12 13 71]
[13 13 73]	[13 13 68]
[13 13 71]	[13 13 73]
[13 13 68]	[13 20 71]
[13 13 68]	[20 20 68]
[13 13 73]	[20 13 66]
[13 13 80]	[13 13 68]
[13 13 85]	[13 13 73]
[13 13 87]	[13 13 76]
[13  8 85]	[13 13 80]
[ 8  8 84]	[13 12 85]
[ 8  8 81]	[12 12 87]
[ 8  8 80]	[12 20 83]
[ 8  8 80]	[20  6 80]
[ 8  8 80]	[ 6  6 82]
[ 8  8 81]	[ 6 20 78]
[ 8  8 80]	[20 20 80]
[ 8  8 80]	[20 20 83]
[ 8  8 80]	[20 20 81]
[ 8  8 78]	[20 13 78]
[ 8  8 78]	[13 13 80]
[ 8  8 76]	[13 13 76]
[ 8  8 78]	[13 13 78]
[ 8  8 76]	[13  5 75]
[ 8 13 75]	[ 5  5 76]
[13 13 73]	[ 5  5 75]
[13 13 73]	[ 5  5 73]
[13 13 68]	[ 5 13 71]
[13 13 66]	[13 13 73]
[13 13 64]	[13 13 71]
[13 13 63]	[13 13 68]
[13 13 64]	[13  5 66]
[13 13 68]	[ 5  5 64]
[13 13 73]	[ 5  5 66]
[13 13 73]	[ 5  5 68]
[13 13 75]	[ 5 13 71]
[13 13 76]	[13 13 73]
[13 13 75]	[13 13 76]
[13 13 76]	[13 13 75]
[13 13 75]	[13 12 76]
[13 13 73]	[12 12 78]
[13 13 73]	[12 12 76]
[13 13 73]	[12 12 75]
[13 13 73]	[12 13 71]
[13 13 73]	[13 13 68]
[13 13 73]	[13 13 73]
[13 13 73]	[13 13 71]
[13 13 80]	[13 13 75]
[13 13 85]	[13 13 73]
[13 13 85]	[13 13 80]
[13 13 85]	[13 13 85]
[13 13 83]	[13  5 83]
[13 13 80]	[ 5  6 80]
[13 13 80]	[ 6  6 82]
[13 13 85]	[ 6 20 78]
[13 13 87]	[20 20 80]
[13 13 88]	[20 20 83]
[13 13 87]	[20 12 85]
[13 13 85]	[12 12 87]
[13 13 83]	[12 12 85]
[13 13 81]	[12 12 83]
[13 13 80]	[12  5 82]
[13 13 78]	[ 5  5 80]
[13 13 76]	[ 5  5 76]
[13 13 76]	[ 5 12 80]
[13 13 75]	[12 12 78]
[13 13 76]	[12 13 75]
[13 13 75]	[13 13 73]
[13 13 76]	[13 13 75]
[13 13 78]	[13 13 76]
[13 13 76]	[13 20 78]
[13 13 76]	[20 20 80]
[13 13 76]	[20 20 78]
[13 13 78]	[20 20 75]
[13 13 80]	[20 13 78]
[13 13 85]	[13 13 80]
[13 13 85]	[13 13 85]
[13 13 83]	[13  5 83]
[13 13 80]	[ 5  6 80]
[13 13 80]	[ 6  6 82]
[13 13 85]	[ 6 20 78]
[13 13 87]	[20 20 80]
[13 13 88]	[20 20 83]
[13 13 87]	[20 12 85]
[13 13 85]	[12 12 87]
[13 13 83]	[12 12 85]
[13 13 81]	[12 12 83]
[13 13 80]	[12  5 82]
[13 13 85]	[ 5  5 80]
[13 13 85]	[ 5  5 82]
[13 13 87]	[ 5  5 83]
[13 13 88]	[ 5 13 80]
[13 13 85]	[13 13 85]
[13 13 83]	[13 13 87]
[13 13 80]	[13 13 83]
[13 13 78]	[13  5 81]
[13 13 76]	[ 5  5 80]
[13 13 76]	[ 5 12 76]
[-1 -1 -1]	[12 12 78]
[-1 13 -1]	[12 13 75]
[13 13 73]	[13 13 73]
[13 13 80]	[13 13 83]
[13 13 78]	[13 13 82]
[13 13 80]	[13 13 83]
[13 13 78]	[13 13 80]
[13 13 80]	[13 13 85]
[13 13 78]	[13 13 80]
[13 13 80]	[13 13 78]
[13 13 78]	[13 13 80]
[13 13 80]	[13 13 78]
[13 13 85]	[13 13 76]
[13 13 83]	[13 13 78]
[13 13 80]	[13 13 83]
[13 13 78]	[13 13 82]
[13 13 76]	[13 13 83]
[13 13 78]	[13 13 80]
[13 13 80]	[13 13 73]
[13 13 78]	[13 13 80]
[13 13 76]	[13 13 78]
[13 13 75]	[13 13 80]
[13 13 76]	[13 13 78]
[13 13 76]	[13 18 76]
[13 13 75]	[18 18 78]
[13 13 76]	[18 18 80]
[13 13 76]	[18 18 76]
[13 13 75]	[18 18 78]
[13 13 76]	[18 18 75]
[13 13 75]	[18 18 76]
[13 13 73]	[18 13 78]
[13 13 75]	[13 13 73]
[13 13 76]	[13 13 71]
[13 13 75]	[13 13 76]
[13 13 76]	[13 13 75]
[13 13 76]	[13 18 73]
[13 13 75]	[18 18 78]
[13 13 76]	[18 18 80]
[13 13 76]	[18 18 76]
[13 13 75]	[18 18 78]
[13 13 76]	[18 18 75]
[13 13 75]	[18 18 76]
[13 13 73]	[18 13 78]
[13 13 75]	[13 13 73]
[13 13 76]	[13 13 71]
[13 13 75]	[13 13 76]
[-1 -1 -1]	[13 13 75]
[-1 13 -1]	[13 -1 73]
[13 13 73]	[-1 -1 68]
[13 13 73]	[-1 13 71]
[13 13 73]	[13 13 73]
[13 13 73]	[13 13 73]
[13 13 75]	[13 13 73]
[13 13 76]	[13 13 71]
[13 13 75]	[13  5 73]
[13 13 76]	[ 5  5 76]
[13 13 75]	[ 5 12 76]
[13 13 76]	[12 12 78]
[13 13 78]	[12 12 76]
[13 13 76]	[12 13 78]
[13 13 75]	[13 13 80]
[13 13 73]	[13 13 78]
[13 13 73]	[13 13 76]
[13 13 73]	[13 13 73]
[13 13 73]	[13 20 68]
[13 13 73]	[20 20 71]
[13 13 73]	[20 20 68]
[13 13 73]	[20 13 71]
[13 13 73]	[13 13 73]
[13 13 73]	[13 13 73]
[13 13 75]	[13 13 73]
[13 13 76]	[13 13 71]
[13 13 75]	[13  5 73]
[13 13 76]	[ 5  5 76]
[13 13 75]	[ 5 12 76]
[13 13 76]	[12 12 78]
[13 13 78]	[12 12 76]
[13 13 76]	[12 13 78]
[13 13 75]	[13 13 80]
[13 13 73]	[13 13 78]
[13 13 73]	[13 20 76]
[13 13 76]	[20 20 73]
[13 13 78]	[20 13 71]
[13 18 80]	[13 13 73]
[18 18 81]	[13 13 80]
[18 18 81]	[13  5 81]
[18 18 81]	[ 5  5 83]
[18 18 80]	[ 5  5 80]
[18 18 78]	[ 5  5 80]
[18 18 80]	[ 5  5 78]
[18 18 78]	[ 5 12 76]
[18 18 80]	[12 12 78]
[18 18 78]	[12 12 78]
[18 18 80]	[12 12 78]
[18 18 81]	[12 12 76]
[18 18 80]	[12 13 78]
[18 13 78]	[13 13 80]
[13 13 76]	[13 13 78]
[13 13 75]	[13 13 76]
[13 13 73]	[13 13 73]
[13 13 73]	[13 20 73]
[13 13 73]	[20 20 71]
[13 13 73]	[20 20 68]
[13 13 73]	[20 13 71]
[13 13 73]	[13 13 73]
[13 13 73]	[13 13 73]
[13 13 75]	[13 13 73]
[13 13 76]	[13 13 71]
[13 13 75]	[13  5 73]
[13 13 76]	[ 5  5 76]
[13 13 75]	[ 5 12 76]
[13 13 76]	[12 12 78]
[13 13 78]	[12 12 76]
[13 13 76]	[12 13 78]
[13 13 75]	[13 13 80]
[13 13 73]	[13 13 78]
[13 13 73]	[13 20 76]
[-1 -1 -1]	[20 20 73]
[-1 13 -1]	[20 13 71]
[13 13 73]	[13 13 73]
[13 13 73]	[13 13 75]
[13 13 76]	[13 13 76]
[13 13 75]	[13  8 80]
[13  8 73]	[ 8  8 78]
[ 8  8 76]	[ 8  8 76]
[ 8 13 75]	[ 8  8 72]
[13 13 73]	[ 8 13 75]
[13 13 80]	[13 13 73]
[13 13 81]	[13 18  0]
[13 18 80]	[18 18 78]
[18 18 85]	[18 18 80]
[18 18 85]	[18 18 81]
[18 18 83]	[18 12 85]
[18 18 81]	[12 12 83]
[18 18 80]	[12 12 81]
[18 18 81]	[12 12 80]
[18 18 81]	[12  5 78]
[18 18 80]	[ 5  1 80]
[18 18 81]	[ 1 18  0]
[18 18 81]	[18 18 81]
[18 18 80]	[18 18 83]
[18 18 81]	[18 18 81]
[18 18 83]	[18 18 78]
[18 18 85]	[18 18 80]
[18 18 85]	[18 18 81]
[18 18 83]	[18 18 85]
[18 18 81]	[18 18 83]
[18 18 80]	[18 13 81]
[18 18 81]	[13 13 80]
[18 18 80]	[13 13 81]
[18 18 81]	[13 13 80]
[18 18 80]	[13 13 79]
[18 18 78]	[13 13 80]
[18 18 76]	[13 13 81]
[18 18 75]	[13 13 80]
[18 18 76]	[13 13 76]
[18 18 78]	[13 18 73]
[18  8 76]	[18 18 75]
[ 8  8 75]	[18  8 81]
[ 8  8 76]	[ 8  8 80]
[ 8 13 75]	[ 8 13 72]
[13 13 73]	[13 13 75]
[13 13 73]	[13  8 73]
[13 13 73]	[ 8  8 73]
[13 13  0]	[ 8 13 72]
[13 13  0]	[13 13 73]
[13 13 85]	[13 13  0]
[13 13 87]	[13  1  0]
[13  5 85]	[ 1  1 85]
[ 5  5 83]	[ 1  1 85]
[ 5  5 85]	[ 1  1 73]
[ 5  5 83]	[ 1 18 83]
[ 5  5 80]	[18 18 83]
[ 5  5 78]	[18  1 81]
[ 5  5 80]	[ 1  1 81]
[ 5  5 83]	[ 1 18 80]
[ 5  5 85]	[18 18 81]
[ 5  5 83]	[18 12  0]
[ 5 18 80]	[12 12 83]
[18 18 81]	[12 12 83]
[18 18 80]	[12 12 71]
[18  8 81]	[12  5 81]
[ 8  8 80]	[ 5  5 81]
[ 8  8 80]	[ 5 12 80]
[ 8  8 81]	[12 12 80]
[ 8  8 80]	[12  5 79]
[ 8  8 78]	[ 5  8 80]
[ 8  8 76]	[ 8 13  0]
[ 8  8 75]	[13 13 76]
[ 8  8 75]	[13 13 78]
[ 8  8 76]	[13 13 76]
[ 8  8 78]	[13 13 73]
[ 8  8 80]	[13 13 75]
[ 8  8 80]	[13 13 76]
[ 8  8 78]	[13 13 78]
[ 8  8 76]	[13 13 80]
[ 8  8 78]	[13  8 76]
[ 8  8 76]	[ 8  8 75]
[ 8  8 75]	[ 8  8 76]
[ 8  8 75]	[ 8  8 75]
[ 8  8 76]	[ 8  8 72]
[ 8  8 78]	[ 8  8 73]
[ 8  8 78]	[ 8  8 75]
[ 8  8 76]	[ 8  8 76]
[ 8  8 78]	[ 8  8 78]
[ 8  8 76]	[ 8 13 75]
[ 8 13 75]	[13 13 76]
[13 13 73]	[13 13 78]
[13 13 75]	[13 13 76]
[13 13 76]	[13 13 73]
[13 13 76]	[13  8 76]
[13 13 75]	[ 8  8 80]
[13  8 73]	[ 8  8 78]
[ 8  8 76]	[ 8  8 76]
[ 8 13 75]	[ 8 13 72]
[13 13 73]	[13 13 75]
[13 13 73]	[13  8 73]
[13 13 73]	[ 8  8 73]
[-1 -1 -1]	[ 8 13 72]
[-1 13 -1]	[13 -1 73]
[13 13 73]	[-1 -1 68]
[13 13 75]	[-1 -1 73]
[13 13 76]	[-1 24 75]
[13 13 75]	[24  8 76]
[13 13 76]	[ 8 24 75]
[13 13 75]	[24  8 73]
[13 13 73]	[ 8 24 75]
[13 13 73]	[24 24 76]
[13 13 75]	[24 24  0]
[13 13 76]	[24 24 68]
[13 13 75]	[24 24 73]
[13 13 76]	[24 24 75]
[13 13 75]	[24  8 76]
[13 13 73]	[ 8 24 75]
[13 13 73]	[24  8 73]
[13 13 73]	[ 8 24 72]
[13 13 73]	[24 24 73]
[13 13 75]	[24 24  0]
[13 13 76]	[24 24 68]
[13 13 75]	[24 24 73]
[13 13 76]	[24 24 75]
[13 13 78]	[24 24 73]
[13 13 80]	[24 24  0]
[13 13 78]	[24 24 80]
[13 13 80]	[24 24 80]
[13 13 81]	[24 24 80]
[13 18 80]	[24 24 80]
[18 18 81]	[24 18 80]
[18 18 80]	[18 18 81]
[18 18 78]	[18 18 80]
[18 18 78]	[18  8 78]
[18 18 80]	[ 8  8 78]
[18 18 78]	[ 8  8 78]
[18 18 78]	[ 8  8 78]
[18 18 80]	[ 8 24 80]
[18 18 78]	[24 24 76]
[18 18 78]	[24 24 78]
[18 18 76]	[24 24 80]
[-1 -1 -1]	[24  8 76]
[-1 13 -1]	[ 8 -1 75]
[13 13 73]	[-1 13 68]
[13 13 73]	[13 13 68]
[13 13 73]	[13 13 73]
[13 13 73]	[13 13 73]
[13 13 73]	[13 13 73]
[13 13 75]	[13 13 72]
[13 13 73]	[13 13 73]
[13 13 73]	[13 13 76]
[13 13 75]	[13 13 75]
[13 13 76]	[13 13 73]
[13 13 78]	[13 13 76]
[13 13 80]	[13  5 78]
[13 13 78]	[ 5  5 80]
[13 13 80]	[ 5  5 81]
[13 13 83]	[ 5  5 80]
[13 12 80]	[ 5  5 80]
[12 12 78]	[ 5  5 82]
[12 12 76]	[ 5 12 83]
[12 12 75]	[12 12 78]
[12 12 73]	[12 12 75]
[12 12 71]	[12 12 71]
[12 12 73]	[12 12 71]
[12 13 71]	[12 12 70]
[13 13 73]	[12 13 71]
[13 13 73]	[13 13 68]
[13 13 73]	[13 13 73]
[13 13 73]	[13 13 73]
[13 13 73]	[13 13 73]
[13 13 75]	[13 13 72]
[13 13 73]	[13 13 73]
[13 13 73]	[13 13 76]
[13 13 75]	[13 13 75]
[13 13 76]	[13 13 73]
[13 13 78]	[13 13 76]
[13 13 80]	[13  8 78]
[13 13 78]	[ 8  8 80]
[13 13 76]	[ 8  8 81]
[13 13 75]	[ 8  8 80]
[13 13 76]	[ 8  8 78]
[13 13 75]	[ 8  8 76]
[13 13 76]	[ 8 13 75]
[13 13 75]	[13 13 76]
[13 13 76]	[13 13 73]
[13 13 78]	[13 13 73]
[13 13 80]	[13 13 73]
[13 13 85]	[13 13 80]
[13 13 87]	[13 13 82]
[13 13 85]	[13 13 83]
[13 13 85]	[13 13 85]
[13 13 85]	[13 13 80]
[13 13 83]	[13 13 80]
[13 13 81]	[13 13 85]
[13 13 80]	[13 13 80]
[13 13 78]	[13 13 80]
[13 13 76]	[13 13 85]
[13 13 75]	[13 13 80]
[13 13 76]	[13 13 78]
[13 13 75]	[13 13 76]
[13 13 76]	[13 13 75]
[13 13 75]	[13 12 73]
[13 13 76]	[12 12 75]
[13 12 80]	[12 12 73]
[12 12 83]	[12 12 75]
[12 12 81]	[12 12 83]
[12 12 80]	[12 12 82]
[12 12 78]	[12 12 80]
[12 12 75]	[12 12 78]
[12 12 73]	[12 12 75]
[12 12 71]	[12 12 71]
[12 12 75]	[12 12 71]
[12 13 78]	[12 12 70]
[13 13 80]	[12 13 71]
[13 13 85]	[13 13 80]
[13 13 87]	[13 13 85]
[13 13 85]	[13 13 85]
[13 13 87]	[13 13 85]
[13 13 85]	[13 13 84]
[13 13 85]	[13  5 85]
[13 13 85]	[ 5  5 80]
[13 13 85]	[ 5  5 83]
[13 13 83]	[ 5  5 83]
[13 13 82]	[ 5  5 83]
[13 13 83]	[ 5  5 82]
[13 13 80]	[ 5  8 83]
[13 13 78]	[ 8  8 80]
[13 13 76]	[ 8  8 81]
[13 13 75]	[ 8  8 80]
[13 13 76]	[ 8  8 78]
[13 13 75]	[ 8  8 76]
[13 13 73]	[ 8 13 75]
[13 13 73]	[13 13 76]
[-1 -1 -1]	[13 13 73]
[-1 13 -1]	[13 13 73]
[13 13 73]	[13 13 80]
[13 13 76]	[13 13 81]
[13 13 75]	[13 13 80]
[13 13 76]	[13 13 78]
[13 13 75]	[13 13 76]
[13 13 73]	[13 13 78]
[13 13 73]	[13 13 76]
[13 13 75]	[13 13 75]
[13 13 76]	[13 13 73]
[13 13 75]	[13  8 76]
[13 13 76]	[ 8  8 75]
[13 13 75]	[ 8  8 76]
[13  8 73]	[ 8  8 75]
[ 8  8 72]	[ 8  8 73]
[ 8  8 68]	[ 8  8 72]
[ 8  8 68]	[ 8  8 73]
[ 8  8 68]	[ 8  8 71]
[ 8  8 68]	[ 8  8 70]
[ 8  8 68]	[ 8  8 68]
[ 8  8 72]	[ 8  8 69]
[ 8  8 73]	[ 8 13 71]
[ 8  8 75]	[13 13 73]
[ 8  8 76]	[13 13 72]
[ 8 13 75]	[13 13 73]
[13 13 73]	[13 13 75]
[13 13 75]	[13 13 73]
[13 13 76]	[13 13 75]
[13 13 75]	[13 13 76]
[13 13 76]	[13 13 75]
[13 13 75]	[13 18 76]
[13 13 76]	[18 18 78]
[13 13 78]	[18 18 76]
[13 13 80]	[18  8 78]
[13 13 85]	[ 8  8 80]
[13 13 85]	[ 8  5 80]
[13 13 87]	[ 5  5 83]
[13 13 85]	[ 5  5 83]
[13 18 80]	[ 5  5 85]
[18 18 81]	[ 5  5 83]
[18 18 81]	[ 5  5 81]
[18 18 80]	[ 5  5 80]
[18 18 81]	[ 5 12 80]
[18 18 80]	[12 12 81]
[18 18 81]	[12 12 81]
[18 18 80]	[12 12 81]
[18 18 78]	[12 12 80]
[18 18 78]	[12  5 78]
[18 18 85]	[ 5  5 80]
[18 18 85]	[ 5  5 76]
[18 18 85]	[ 5  5 83]
[18 18 85]	[ 5  5 83]
[18 18 83]	[ 5  5 85]
[18 18 81]	[ 5  5 83]
[18 18 81]	[ 5  5 81]
[18 18 80]	[ 5  5 80]
[18 18 81]	[ 5 12 80]
[18 18 80]	[12 12 81]
[18 18 81]	[12 12 81]
[18 18 80]	[12 12 81]
[18  8 81]	[12 12 80]
[ 8  8 80]	[12  8 78]
[ 8  8 80]	[ 8  8 80]
[ 8  8 78]	[ 8  8 78]
[ 8  8 76]	[ 8 13 78]
[ 8  8 78]	[13 13 76]
[ 8  8 80]	[13 13 75]
[ 8  8 80]	[13 13 76]
[ 8  8 78]	[13 13 78]
[ 8  8 76]	[13 13 80]
[ 8  8 75]	[13 13 76]
[ 8  8 78]	[13 13 75]
[ 8  8 76]	[13  8 73]
[ 8  8 75]	[ 8  8 76]
[ 8  8 73]	[ 8  8 75]
[ 8  8 72]	[ 8  8 73]
[ 8  8 75]	[ 8  8 72]
[ 8  8 76]	[ 8 13 71]
[ 8  8 78]	[13 13 73]
[ 8  8 76]	[13 13 75]
[ 8  8 78]	[13 13 76]
[ 8  8 80]	[13 13 75]
[ 8  8 80]	[13 13 76]
[ 8  8 78]	[13 13 78]
[ 8  8 76]	[13 13 80]
[ 8  8 75]	[13 13 76]
[ 8  8 78]	[13 13 75]
[ 8  8 76]	[13  8 73]
[ 8 13 75]	[ 8  8 76]
[13 13 73]	[ 8  8 75]
[13 13 73]	[ 8  8 73]
[13 13 73]	[ 8  8 72]
[-1 -1 -1]	[ 8 13 71]
[-1 13 -1]	[13 13 73]
[13 13 73]	[13 13 73]
[13 13 73]	[13 13 71]
[13 13 75]	[13 13 73]
[13 13 76]	[13 13 75]
[13 13 75]	[13 13 76]
[13 13 76]	[13 13 75]
[13 13 78]	[13 13 76]
[13 13 80]	[13 13 78]
[13 13 80]	[13 13 80]
[13 13 78]	[13  5 85]
[13 13 76]	[ 5  5 83]
[13 13 75]	[ 5  5 80]
[13 13 76]	[ 5 13 78]
[13 13 75]	[13 13 76]
[13 13 76]	[13 13 75]
[13 13 76]	[13 13 76]
[13 13 73]	[13 12 80]
[13 13 73]	[12 12 78]
[13 13 75]	[12 12 75]
[13 13 76]	[12 12 71]
[13 13 75]	[12 20 73]
[13 13 73]	[20 20 75]
[13 13 71]	[20 20 73]
[13 13 68]	[20 20 71]
[13 13 73]	[20 20 68]
[13 13 85]	[20 13 68]
[13 13 85]	[13 13 73]
[13 13 85]	[13 13 85]
[13 13 85]	[13 13 83]
[13 13 87]	[13 13 80]
[13 13 85]	[13 13 85]
[13 13 87]	[13 13 85]
[13 13 88]	[13 13 83]
[13 13 87]	[13 13 85]
[13  5 85]	[13 13 87]
[ 5  5 83]	[13  5 85]
[ 5  5 81]	[ 5  5 83]
[ 5  5 80]	[ 5  5 80]
[ 5  5 78]	[ 5 12 80]
[ 5  5 80]	[12 12 78]
[ 5  5 83]	[12 12 76]
[ 5  5 85]	[12 12 78]
[ 5  5 83]	[12 12 80]
[ 5  5 85]	[12 12 83]
[ 5  5 83]	[12 12 80]
[ 5  5 85]	[12 12 83]
[ 5  5 83]	[12 12 85]
[ 5  5 80]	[12 12 83]
[ 5  5 78]	[12 12 80]
[ 5  5 80]	[12 12 78]
[ 5  5 78]	[12 12 80]
[ 5  5 80]	[12 12 83]
[ 5  5 81]	[12 12 80]
[ 5 10 83]	[12 13 78]
[10 10 85]	[13 13 80]
[10 10 85]	[13 13 85]
[10 10 87]	[13 13 85]
[10 10 88]	[13 13 83]
[10 10 87]	[13 13 85]
[10  5 85]	[13 13 87]
[ 5  5 83]	[13  5 85]
[ 5 12 80]	[ 5  5 83]
[12 12 78]	[ 5  5 80]
[12 12 76]	[ 5 13 78]
[12 12 78]	[13 13 76]
[12 12 78]	[13 13 75]
[12 12 80]	[13 13 76]
[12 12 78]	[13 12 80]
[12 12 75]	[12 12 78]
[12 13 71]	[12 12 75]
[13 13 73]	[12 12 71]
[13 13 73]	[12 20 73]
[13 13 73]	[20 20 75]
[13 13 73]	[20 13 73]
[-1 -1 -1]	[13 13 73]
[-1 13 -1]	[13 -1 68]
[13 13 73]	[-1 -1 73]
[13 13 76]	[-1 13 75]
[13 13 73]	[13 13 76]
[13 13 73]	[13 13 78]
[13 13 73]	[13 13  0]
[13 13 75]	[13 13 75]
[13 13 76]	[13 13 73]
[13 13 73]	[13 13 76]
[13 13 73]	[13 13 78]
[13 13 75]	[13 13  0]
[13 13 76]	[13 13 75]
[13 13 75]	[13 12 73]
[13 13 73]	[12 12 75]
[13 13 75]	[12 12 73]
[13 13 76]	[12 13 71]
[13 13 73]	[13 13 76]
[13 13 73]	[13 13 78]
[13 13 73]	[13 13  0]
[13 13 75]	[13 13 75]
[13 13 76]	[13 13 73]
[13 13 73]	[13 13 76]
[13 13 73]	[13 13 78]
[13 13 75]	[13 13  0]
[13 13 76]	[13 13 75]
[13 13 75]	[13 20 73]
[13 13 76]	[20 20 80]
[13 13 75]	[20 20 73]
[13 13 76]	[20 13 75]
[13 13 73]	[13 13 76]
[13 13 73]	[13 13 78]
[13 13 73]	[13 13  0]
[13 13 75]	[13 13 75]
[13 13 76]	[13 13 73]
[13 13 73]	[13 13 76]
[13 13 73]	[13 13 78]
[13 13 75]	[13 13  0]
[13 13 76]	[13 13 75]
[13 13 75]	[13 12 73]
[13 13 73]	[12 12 75]
[13 13 73]	[12 12 73]
[13 13 73]	[12 13 71]
[13 13 71]	[13 13 73]
[13 13 68]	[13 13 71]
[13 13 68]	[13 12 68]
[13 13 73]	[12 12 66]
[13 13 75]	[12 12 68]
[13 13 76]	[12 12 71]
[13 13 75]	[12 12 73]
[13 13 76]	[12 12 75]
[13 13 75]	[12 12 73]
[13 13 76]	[12 12 75]
[13 13 75]	[12 12 76]
[13 13 76]	[12 12 78]
[13 13 75]	[12 12 76]
[13 13 76]	[12 12 75]
[13 13 75]	[12 13 73]
[13 13 73]	[13 13 80]
[13 13 73]	[13 13 73]
[13 13 80]	[13 13 75]
[13 13 78]	[13 13 73]
[13 13 76]	[13 13 85]
[13 13 75]	[13 13 80]
[13 13 76]	[13 13 78]
[13 13 75]	[13 12 76]
[13 13 73]	[12 12 75]
[13 13 73]	[12 12 73]
[13 13 80]	[12 13 71]
[13 13 78]	[13 13 73]
[13 13 76]	[13 13 85]
[13 13 75]	[13 13 80]
[13 13 76]	[13 13 78]
[13 13 75]	[13 20 76]
[13 13 73]	[20 20 80]
[13 13 73]	[20 20 73]
[13 13 80]	[20 13 75]
[13 13 78]	[13 13 73]
[13 13 76]	[13 13 85]
[13 13 75]	[13 13 80]
[13 13 76]	[13 13 78]
[13 13 75]	[13 12 76]
[13 13 73]	[12 12 75]
[13 13 73]	[12 12 73]
[13 13 73]	[12 12 75]
[13 13 73]	[12 13 71]
[13 13 71]	[13 13 73]
[13 13 68]	[13 13 71]
[13 13 68]	[13 12 68]
[13 13 73]	[12 12 66]
[13 13 75]	[12 12 68]
[13 13 76]	[12 12 71]
[13 13 75]	[12 12 73]
[13 13 76]	[12 12 75]
[13 13 75]	[12 12 73]
[13 13 76]	[12 12 75]
[13 13 75]	[12 12 76]
[13 13 76]	[12 12 78]
[13 13 75]	[12 12 76]
[13 13 76]	[12 12 75]
[-1 -1 -1]	[12 20 73]
[-1 13 -1]	[20 13 80]
[13 13 73]	[13 13 73]
[13 13 73]	[13 13 73]
[13 13 75]	[13 13 71]
[13 13 76]	[13 13 73]
[13 13 75]	[13 18 76]
[13 13 76]	[18 18 78]
[13 13 76]	[18 18 73]
[13 13 75]	[18 18 78]
[13 13 76]	[18 18 78]
[13 13 76]	[18 18 76]
[13 13 75]	[18 18 78]
[13 13 76]	[18 13 80]
[13 13 75]	[13 13 76]
[13 13 76]	[13 13 76]
[13 13 75]	[13 13 76]
[13 13 76]	[13 13 75]
[13 13 76]	[13 13 76]
[13 13 75]	[13 12 78]
[13 13 73]	[12 12 75]
[13 13 73]	[12 12 73]
[13 13 73]	[12 12 71]
[13 13 75]	[12 12 75]
[13 13 76]	[12 12 75]
[13 13 75]	[12 12 73]
[13 13 76]	[12 12 75]
[13 13 78]	[12 13 76]
[13 13 80]	[13 13 73]
[13 13 80]	[13 13 80]
[13 13 80]	[13 13 80]
[13 13 78]	[13 13 78]
[13 13 76]	[13 13 80]
[13 13 75]	[13  6 76]
[13 13 76]	[ 6  6 78]
[13 13 76]	[ 6 18 73]
[13 13 75]	[18 18 78]
[13 13 76]	[18 18 78]
[13 13 76]	[18 18 76]
[13 13 75]	[18 18 78]
[13 13 76]	[18 13 80]
[13 13 76]	[13 18 76]
[13 13 75]	[18 18 78]
[13 13 76]	[18 18 78]
[13 13 76]	[18  8 76]
[13 13 75]	[ 8  8 78]
[13 13 76]	[ 8 13 75]
[13 13 75]	[13 13 76]
[13 13 76]	[13 10 75]
[13 13 76]	[10 18 73]
[13 13 75]	[18 18 75]
[13 13 76]	[18 18 75]
[13 13 75]	[18  8 73]
[-1 -1 -1]	[ 8  8 75]
[-1 13 -1]	[ 8 -1 76]
[13 13 73]	[-1 13 87]
[13 13 85]	[13 13 88]
[13 13 83]	[13 13 87]
[13 13 81]	[13 13 84]
[13 13 80]	[13 13 85]
[13 13 78]	[13 13 80]
[13 13 80]	[13 13 80]
[13 13 78]	[13  6 80]
[13 13 80]	[ 6  6 82]
[13 13 78]	[ 6  6 80]
[13 13 76]	[ 6  8 78]
[13 13 75]	[ 8  8 80]
[13  8 73]	[ 8 13 76]
[ 8  8 75]	[13 13 73]
[ 8  8 76]	[13 13 72]
[ 8  8 78]	[13 13 73]
[ 8  8 80]	[13 13 75]
[ 8  8 80]	[13 13 76]
[ 8  8 81]	[13  5 78]
[ 8  8 80]	[ 5  5 80]
[ 8  8 80]	[ 5  5 83]
[ 8  8 81]	[ 5  6 82]
[ 8  8 80]	[ 6  6 78]
[ 8  8 84]	[ 6  3 80]
[ 8  8 85]	[ 3  8 82]
[ 8  8 87]	[ 8  8 80]
[ 8  8 87]	[ 8 13 87]
[ 8  8 85]	[13 13 88]
[ 8  8 84]	[13  8 87]
[ 8  8 81]	[ 8 13 84]
[ 8  8 80]	[13  1 85]
[ 8  8 81]	[ 1  1 80]
[ 8  8 80]	[ 1  1 80]
[ 8  8 81]	[ 1  6 80]
[ 8  8 80]	[ 6  6 82]
[ 8  8 78]	[ 6  6 80]
[ 8  8 76]	[ 6  8 78]
[ 8 13 75]	[ 8  8 80]
[13 13 73]	[ 8 13 76]
[13 13 75]	[13 13 73]
[13 13 76]	[13 13 72]
[13 13 75]	[13 13 73]
[13 13 76]	[13 13 75]
[13 13 80]	[13 13 76]
[13 13 85]	[13 18 78]
[13 13 87]	[18 18 80]
[13 13 88]	[18 18 88]
[13 13 85]	[18  8 88]
[13 13 85]	[ 8  8 87]
[13 13 87]	[ 8  8 80]
[13 13 88]	[ 8 13 84]
[13 13 87]	[13  8 85]
[13 13 88]	[ 8 13 87]
[13 13 88]	[13 13 88]
[13 13 88]	[13 20 92]
[13 13 87]	[20 20 87]
[13 13 88]	[20 10 92]
[13 13 87]	[10 10 85]
[13 13 85]	[10 10 87]
[13 13 85]	[10  5 85]
[13 13 87]	[ 5  8 83]
[13 13 85]	[ 8 13 80]
[13 13 87]	[13 13 85]
[13 13 88]	[13 13 84]
[13 13 87]	[13 13 85]
[13 13 88]	[13 13 87]
[13 13 90]	[13 13 88]
[13 13 92]	[13 12 90]
[13 13 91]	[12 12 92]
[13 13 92]	[12 12 95]
[13 13 90]	[12  6 94]
[13 13 92]	[ 6  6 90]
[13 13 90]	[ 6  3 92]
[13 13 88]	[ 3  8 94]
[13 13 90]	[ 8  8 92]
[13 13 92]	[ 8 13 87]
[13 13 90]	[13 13 88]
[13 13 88]	[13 13 92]
[13 13 90]	[13 12 92]
[13 13 88]	[12 12 87]
[13 13 87]	[12 12 92]
[13 13 88]	[12 10 92]
[13 13 87]	[10 10 85]
[13 13 85]	[10 10 87]
[13 13 85]	[10  5 85]
[13 13 87]	[ 5  8 83]
[13 13 85]	[ 8 13 80]
[13 13 87]	[13 13 85]
[13 13 88]	[13 13 84]
[13 13 87]	[13 13 85]
[13 13 88]	[13 13 87]
[13 13 90]	[13 13 88]
[13 13 92]	[13 18 90]
[13 13 90]	[18 18 92]
[13  8 88]	[18 18 88]
[ 8  8 87]	[18  8 88]
[ 8  8 85]	[ 8  8 87]
[ 8  8 87]	[ 8  8 80]
[ 8  8 88]	[ 8 13 84]
[ 8  8 88]	[13  8 85]
[ 8  8 87]	[ 8  8 87]
[ 8  8 85]	[ 8  8 87]
[ 8  8 87]	[ 8  8 80]
[-1 -1 -1]	[ 8 13 84]
[-1 13 -1]	[13 13 85]
[13 13 73]	[13 13 68]
[13 13 73]	[13 13 72]
[13 13 73]	[13  8 73]
[13 13 73]	[ 8  8 71]
[13 13 73]	[ 8  8 71]
[13 13 80]	[ 8 13 73]
[13 13 85]	[13 13 68]
[13 13 87]	[13 13 80]
[13 13 88]	[13 13 84]
[13 13 87]	[13 18 85]
[13  8 85]	[18 18 87]
[ 8  8 84]	[18 18 85]
[ 8  8 81]	[18 18 84]
[ 8  8 80]	[18  8 82]
[ 8  8 78]	[ 8  8 80]
[ 8  8 76]	[ 8  8 84]
[ 8  8 75]	[ 8  8 76]
[ 8  8 73]	[ 8  8 75]
[ 8  8 72]	[ 8  8 73]
[ 8  8 75]	[ 8 13 72]
[ 8  8 73]	[13 13 68]
[ 8 13 72]	[13  8 73]
[13 13 73]	[ 8  8 72]
[13 13 80]	[ 8 13 73]
[13 13 85]	[13 13 68]
[13 13 87]	[13 13 80]
[13 13 88]	[13 13 84]
[13 13 87]	[13 18 85]
[13  8 85]	[18 18 87]
[ 8  8 84]	[18 18 85]
[ 8  8 85]	[18 18 84]
[ 8  8 84]	[18  8 82]
[ 8  8 80]	[ 8  8 84]
[ 8  8 80]	[ 8  8 80]
[ 8  8 80]	[ 8 13 78]
[ 8 13 87]	[13 13 78]
[13 13 88]	[13 13 78]
[13 13 87]	[13 13 88]
[13 13 88]	[13 13 90]
[13 13 87]	[13  8 88]
[13 13 88]	[ 8  8 87]
[13 13 87]	[ 8  8 88]
[13 13 85]	[ 8 13 87]
[13 13 85]	[13 13 85]
[13 13 87]	[13 13 85]
[13 13 88]	[13 13 84]
[13 13 87]	[13 18 85]
[13  8 85]	[18 18 87]
[ 8  8 84]	[18 18 85]
[ 8  8 81]	[18 18 84]
[ 8  8 80]	[18  8 82]
[ 8  8 78]	[ 8  8 80]
[ 8  8 76]	[ 8  8 84]
[ 8 13 75]	[ 8  8 76]
[13 13 73]	[ 8  8 75]
[13 13 85]	[ 8  8 73]
[13 13 88]	[ 8 13 72]
[13 13 87]	[13  8 88]
[13 13 85]	[ 8 13 87]
[13 13 85]	[13 13 85]
[13 13 87]	[13 13 85]
[13 13 88]	[13 13 84]
[13 13 87]	[13 18 85]
[13  8 85]	[18 18 87]
[ 8  8 84]	[18 18 85]
[ 8  8 81]	[18 18 84]
[ 8  8 80]	[18  8 82]
[ 8  8 80]	[ 8  8 80]
[ 8  8 81]	[ 8  8 82]
[ 8  8 80]	[ 8  8 84]
[-1 -1 -1]	[ 8 13 80]
[-1 13 -1]	[13 13 80]
[13 13 73]	[13 13 61]
[13 18 71]	[13 13 64]
[18 18 69]	[13 13 68]
[18 18 69]	[13 18 69]
[18 18 68]	[18 18 73]
[18 18 69]	[18 13 71]
[18 18 68]	[13 13 69]
[18 18 69]	[13 13 71]
[18 18 69]	[13 13 69]
[18 18 68]	[13 13 68]
[18 18 69]	[13 13 68]
[18 18 71]	[13  5  0]
[18 18 69]	[ 5  5 71]
[18 18 71]	[ 5  5 73]
[18 18 69]	[ 5  5 71]
[18 18 69]	[ 5 12 73]
[18 18 68]	[12 12 71]
[18 18 69]	[12  5 68]
[18 18 68]	[ 5  5 66]
[18 18 66]	[ 5  5 68]
[18 18 66]	[ 5  5 66]
[18 18 68]	[ 5  5 64]
[18 18 69]	[ 5  5 64]
[18 18 68]	[ 5 13  0]
[18 18 69]	[13 13 68]
[18 18 71]	[13 13 69]
[18  8 69]	[13 13 68]
[ 8  8 66]	[13  8 69]
[ 8  8 64]	[ 8  8 68]
[ 8 13 63]	[ 8 13 66]
[13 13 61]	[13 13 63]
[13 13 61]	[13 13 64]
[13 13 61]	[13 13 63]
[13 13 61]	[13 13 61]
[-1 -1 -1]	[13 13 61]
[-1 13 -1]	[13 -1  0]
[13 13 73]	[-1 13 73]
[13 13 80]	[13 13 76]
[13 13 85]	[13 13 78]
[13 13 85]	[13 13 80]
[13 13 87]	[13 20 85]
[13 13 88]	[20 20 83]
[13 13 87]	[20 20 85]
[13 13 85]	[20 13 87]
[13 13 83]	[13 13 85]
[13 13 81]	[13 13 80]
[13 13 80]	[13  5 81]
[13 13 78]	[ 5  5 83]
[13 13 76]	[ 5  5 80]
[13 13 73]	[ 5 12 76]
[13 13 73]	[12 12 78]
[13 13 73]	[12 12 75]
[13 13 75]	[12 10 71]
[13 13 73]	[10 10 73]
[13 13 73]	[10 10 76]
[13 13 85]	[10 13 75]
[13 13 87]	[13 13 73]
[13 13 88]	[13 13 88]
[13 13 88]	[13 20 88]
[13 13 87]	[20 20 87]
[13 13 88]	[20 10 87]
[13 13 87]	[10 10 85]
[13  5 85]	[10 10 87]
[ 5  5 83]	[10  5 85]
[ 5  5 85]	[ 5  5 83]
[ 5  5 83]	[ 5  5 80]
[ 5  5 81]	[ 5  5 83]
[ 5 12 80]	[ 5  5 81]
[12 12 78]	[ 5 10 80]
[12 12 78]	[10 10 78]
[12 12 76]	[10 12 76]
[12 12 78]	[12 12 76]
[12 12 83]	[12  5 75]
[12 12 85]	[ 5  5 76]
[12 13 83]	[ 5  5 83]
[13 13 85]	[ 5  5 83]
[13 13 83]	[ 5  5 85]
[13 13 80]	[ 5  5 83]
[13 13 85]	[ 5  5 80]
[13 13 87]	[ 5  5 76]
[13 13 88]	[ 5  5 83]
[13 13 87]	[ 5  5 85]
[13 13 88]	[ 5  5 87]
[13 13 85]	[ 5 12 88]
[13 13 83]	[12 12 90]
[13 13 81]	[12 12 87]
[13 13 80]	[12 13 83]
[13 13 78]	[13 13 80]
[13 13 76]	[13 13 78]
[13 13 73]	[13 13 76]
[13 13 85]	[13 13 75]
[13 13 87]	[13 13 73]
[13 13 85]	[13 13 85]
[13 13 87]	[13 13 85]
[13 13 85]	[13 13 83]
[13 13 83]	[13 13 85]
[13 13 82]	[13 13 80]
[13 13 83]	[13  5 80]
[13 13 81]	[ 5  5 83]
[13 13 80]	[ 5  5 81]
[13 13 76]	[ 5 10 80]
[13 13 75]	[10 10 78]
[13 13 76]	[10 10 73]
[13 13 75]	[10 12 76]
[13 13 76]	[12 12 75]
[13 13 75]	[12 12 76]
[-1 -1 -1]	[12 13 75]
[-1 13 -1]	[13 -1 73]
[13 13 73]	[-1 13 68]
[13 13 75]	[13 13 73]
[13 13 73]	[13 13 75]
[13 13 71]	[13 13 76]
[13 13 68]	[13 13 73]
[13 13 68]	[13 13 68]
[13 13 73]	[13 13 68]
[13 13 75]	[13 12 70]
[13 13 76]	[12 12 71]
[13 13 75]	[12 12 73]
[13 13 76]	[12 12 75]
[13 13 73]	[12 12 76]
[13 13 73]	[12 12 78]
[13 13 73]	[12 12 75]
[13 13 75]	[12 12 71]
[13 13 76]	[12 13 75]
[13 13 75]	[13 13 73]
[13 13 73]	[13 13 75]
[13 13 73]	[13 13 76]
[13 13 73]	[13 13 73]
[13 13 80]	[13 13 68]
[13 13 78]	[13 13 68]
[13 13 76]	[13  8 81]
[13 13 75]	[ 8  8 80]
[13 13 73]	[ 8  8 78]
[13 13 73]	[ 8  8 76]
[13 13 75]	[ 8 13 75]
[13 13 76]	[13 13 73]
[13 13 75]	[13 13 73]
[13 13 76]	[13  5 75]
[13 13 78]	[ 5  5 76]
[13 13 80]	[ 5  5 76]
[13 13 80]	[ 5  5 76]
[13 13 80]	[ 5 12 80]
[13 13 80]	[12 12 78]
[13 13 78]	[12 12 78]
[13 13 76]	[12 12 78]
[13 13 75]	[12  5 80]
[13 13 76]	[ 5  5 76]
[13 13 78]	[ 5  5 76]
[13 12 76]	[ 5  5 76]
[12 12 75]	[ 5 12 80]
[12 12 73]	[12 12 78]
[12  5 75]	[12 12 78]
[ 5  5 76]	[12  5 75]
[ 5  5 76]	[ 5  5 76]
[ 5  5 78]	[ 5  5 76]
[ 5  5 80]	[ 5  5 76]
[ 5  5 76]	[ 5 12 80]
[ 5  5 76]	[12 12 83]
[ 5  5 80]	[12 12 71]
[ 5  5 78]	[12 12 71]
[ 5 12 76]	[12  8 81]
[12 12 78]	[ 8  8 80]
[12 12 76]	[ 8  8 78]
[-1 -1 -1]	[ 8  8 76]
[-1 13 -1]	[ 8 -1 75]
[13 13 73]	[-1 13 87]
[13 13 85]	[13 13 88]
[13 13 83]	[13  8 87]
[13 13 81]	[ 8 13 84]
[13 13 80]	[13 13 85]
[13 13 78]	[13  1 80]
[13 13 80]	[ 1  1 80]
[13 13 78]	[ 1  6 80]
[13 13 80]	[ 6  6 82]
[13 13 78]	[ 6  6 80]
[13 13 76]	[ 6  8 78]
[13 13 75]	[ 8  8 80]
[13  8 73]	[ 8 13 76]
[ 8  8 75]	[13 13 73]
[ 8  8 76]	[13 13 72]
[ 8  8 78]	[13 13 73]
[ 8  8 80]	[13 13 75]
[ 8  8 80]	[13 13 76]
[ 8  8 81]	[13 13 78]
[ 8  8 80]	[13 13 80]
[ 8  8 80]	[13 13 83]
[ 8  8 81]	[13  6 82]
[ 8  8 80]	[ 6  6 78]
[ 8  8 84]	[ 6  6 80]
[ 8  8 85]	[ 6  8 82]
[ 8  8 87]	[ 8  8 80]
[ 8  8 87]	[ 8 13 87]
[ 8  8 85]	[13 13 88]
[ 8 13 84]	[13 13 87]
[13 13 85]	[13 13 84]
[13 13 83]	[13 13 85]
[13 13 81]	[13  6 80]
[13 13 80]	[ 6  6 82]
[13 13 78]	[ 6  6 80]
[13 13 76]	[ 6 13 78]
[13 13 75]	[13 13 80]
[13 13 73]	[13 13 76]
[13 13 75]	[13 13 73]
[13 13 76]	[13 13 72]
[13 13 75]	[13 13 73]
[13 13 76]	[13 13 75]
[13 13 80]	[13 13 76]
[13 13 85]	[13 13 78]
[13 13 87]	[13 13 80]
[13 13 88]	[13 13 88]
[13 13 85]	[13  8 88]
[13 13 85]	[ 8  8 87]
[13 13 87]	[ 8  8 80]
[13 13 88]	[ 8 13 84]
[13 13 87]	[13 13 85]
[13 13 88]	[13 13 87]
[13 13 88]	[13 13 88]
[13 13 90]	[13 20 92]
[13 13 88]	[20 20 87]
[13 13 87]	[20 13 92]
[13 13 85]	[13 13 85]
[13 13 85]	[13 20 85]
[13 13 87]	[20 20 83]
[13 13 85]	[20 13 80]
[13 13 87]	[13 13 85]
[13 13 88]	[13 13 83]
[13 13 87]	[13 13 85]
[13 13 88]	[13 13 87]
[13 13 90]	[13 13 88]
[13 13 92]	[13 13 90]
[13 13 91]	[13 13 92]
[13 13 92]	[13 13 95]
[13 13 90]	[13  6 94]
[13 13 92]	[ 6  6 90]
[13 13 90]	[ 6  6 92]
[13 13 88]	[ 6  8 94]
[13 13 90]	[ 8  8 92]
[13 13 92]	[ 8 13 87]
[13 13 90]	[13 13 88]
[13 13 88]	[13 13 92]
[13 13 90]	[13 20 92]
[13 13 88]	[20 20 87]
[13 13 87]	[20 20 92]
[13 13 88]	[20 10 92]
[13 13 87]	[10 10 85]
[13 13 85]	[10 10 85]
[13 13 85]	[10  5 85]
[13 13 87]	[ 5  5 83]
[13 13 85]	[ 5 13 80]
[13 13 87]	[13 13 85]
[13 13 88]	[13 13 84]
[13 13 87]	[13 13 85]
[13 13 88]	[13 13 87]
[13 13 90]	[13 13 88]
[13 13 92]	[13 13 90]
[13 13 90]	[13 13 92]
[13  8 88]	[13 13 88]
[ 8  8 87]	[13  8 88]
[ 8  8 85]	[ 8  8 87]
[ 8  8 87]	[ 8  8 80]
[ 8  8 88]	[ 8 13 84]
[ 8  8 88]	[13 13 85]
[ 8  8 87]	[13  8 87]
[ 8  8 85]	[ 8  8 87]
[ 8 13 84]	[ 8  8 80]
[13 13 85]	[ 8 13 84]
[-1 -1 -1]	[13 13 85]
[-1 13 -1]	[13 13  0]
[13 13 73]	[13 13 73]
[13 13 76]	[13 13 75]
[13 13 78]	[13 13 76]
[13 13 80]	[13 13 78]
[13 18 80]	[13 13 80]
[18 18 81]	[13 18 80]
[18 18 83]	[18 18 81]
[18 18 83]	[18 18 80]
[18  8 81]	[18 18 81]
[ 8  8 80]	[18 13 85]
[ 8  8 78]	[13 18 80]
[ 8  8 76]	[18 18 78]
[ 8  8 78]	[18 18 78]
[ 8  8 78]	[18 13 75]
[ 8  8 76]	[13 13 76]
[ 8 13 75]	[13  8 76]
[13 13 73]	[ 8  8 75]
[13 13 75]	[ 8  8 73]
[13 13 73]	[ 8  8 75]
[13 13 73]	[ 8 13 76]
[13 13 73]	[13 13 73]
[13 13 73]	[13 13  0]
[13 13 75]	[13  8 68]
[13 13 76]	[ 8  8 75]
[13 13 75]	[ 8  8 73]
[13 13 73]	[ 8  8 75]
[13 13 73]	[ 8 13 76]
[13 13 85]	[13 13 73]
[13 13 85]	[13 13 73]
[13 13 87]	[13 10 85]
[13 13 85]	[10 10 85]
[13 13 87]	[10 12 85]
[13 13 85]	[12 12 83]
[13 13 83]	[12 12 85]
[13 13 81]	[12 12 83]
[13 13 80]	[12  5 81]
[13 13 85]	[ 5  8 80]
[13 13 87]	[ 8 13 80]
[13 13 88]	[13 13 73]
[13 13 87]	[13 10 85]
[13 13 85]	[10 10 85]
[13 13 87]	[10 12 85]
[13  5 85]	[12 12 83]
[ 5  5 83]	[12 12 85]
[ 5  5 83]	[12 12 83]
[ 5  5 85]	[12  5 81]
[ 5  5 83]	[ 5  5 80]
[ 5  5 80]	[ 5  5 83]
[ 5  5 78]	[ 5  5 83]
[ 5  5 80]	[ 5  5 76]
[ 5  5 81]	[ 5 12 76]
[ 5 18 80]	[12 12 78]
[18 18 81]	[12 12 80]
[18 18 81]	[12 12 81]
[18 18 80]	[12  5 83]
[18 18 78]	[ 5  5 80]
[18 18 78]	[ 5  5 78]
[18 18 80]	[ 5 18 76]
[18 18 78]	[18 18 78]
[18 18 78]	[18 13 78]
[18 18 76]	[13 13 76]
[18 18 75]	[13  8 76]
[18 18 76]	[ 8  8 75]
[18 18 75]	[ 8  8 73]
[18 18 75]	[ 8  8 75]
[18 18 76]	[ 8 13 76]
[18 18 78]	[13 18 73]
[18 18 76]	[18 18 78]
[18 18 78]	[18 18 78]
[18 18 78]	[18 13 75]
[18 18 80]	[13 13 76]
[18 18 81]	[13 12 76]
[18 18 80]	[12 12 78]
[18 18 81]	[12 12 80]
[18 18 81]	[12 12 81]
[18 18 80]	[12  5 83]
[18  8 78]	[ 5  5 80]
[ 8  8 80]	[ 5  5 78]
[ 8  8 80]	[ 5 18 76]
[ 8  8 78]	[18 18 78]
[ 8  8 78]	[18 13 78]
