Accuracy: 0.010004032335490312

n_chords: 2
n_melody: 1
t_prior: 2.5
e_prior: 0.0
dataset: The Session
keys: All
filter_train_set: True
filter_val_set: True

~ First 3000 predicted states ~
Predicted	True
[24 24 90]	[-1 -1 -1]
[24 24 90]	[-1  1 -1]
[24 24 90]	[ 1  1 68]
[24 24 90]	[ 1  1 70]
[24 24 90]	[ 1  1 73]
[24 24 90]	[ 1  1 77]
[24 24 90]	[ 1  1 75]
[24 24 90]	[ 1  8 73]
[24 24 90]	[ 8  8 75]
[24 24 90]	[ 8  8 73]
[24 24 90]	[ 8  1 75]
[24 24 90]	[ 1  1 77]
[24 24 90]	[ 1  1 80]
[24 24 90]	[ 1  6 85]
[24 24 90]	[ 6  6 82]
[24 24 90]	[ 6  6 85]
[24 24 90]	[ 6 10 82]
[24 24 90]	[10 10 82]
[24 24 90]	[10 10 80]
[24 24 90]	[10  3 77]
[24 24 90]	[ 3  3 75]
[24 24 90]	[ 3  3 77]
[24 24 90]	[ 3  8 75]
[24 24 90]	[ 8  8 75]
[24 24 90]	[ 8  8 73]
[24 24 90]	[ 8  1 70]
[24 24 90]	[ 1  1 68]
[24 24 90]	[ 1  1 70]
[24 24 90]	[ 1  1 73]
[24 24 90]	[ 1  1 77]
[24 24 90]	[ 1  1 75]
[24 24 90]	[ 1  8 73]
[24 24 90]	[ 8  8 75]
[24 24 90]	[ 8  8 73]
[24 24 90]	[ 8  1 75]
[24 24 90]	[ 1  1 77]
[24 24 90]	[ 1  1 80]
[24 24 90]	[ 1  6 85]
[24 24 90]	[ 6  6 82]
[24 24 90]	[ 6  6 85]
[24 24 90]	[ 6  6 82]
[24 24 90]	[ 6  6 82]
[24 24 90]	[ 6  6 80]
[24 24 90]	[ 6  8 77]
[24 24 90]	[ 8  8 75]
[24 24 90]	[ 8  8 73]
[24 24 90]	[ 8  1 70]
[24 24 90]	[ 1 10 73]
[24 24 90]	[10 10 85]
[24 24 90]	[10 10 84]
[24 24 90]	[10 10 85]
[24 24 90]	[10 10 82]
[24 24 90]	[10 10 80]
[24 24 90]	[10 10 78]
[24 24 90]	[10 10 77]
[24 24 90]	[10 10 78]
[24 24 90]	[10  8 80]
[24 24 90]	[ 8  8 80]
[24 24 90]	[ 8  8 77]
[24 24 90]	[ 8  1 80]
[24 24 90]	[ 1  1 68]
[24 24 90]	[ 1  1 70]
[24 24 90]	[ 1  3 73]
[24 24 90]	[ 3  3 75]
[24 24 90]	[ 3  3 73]
[24 24 90]	[ 3  8 75]
[24 24 90]	[ 8  8 77]
[24 24 90]	[ 8  8 75]
[24 24 90]	[ 8  8 75]
[24 24 90]	[ 8  8 75]
[24 24 90]	[ 8  8 77]
[24 24 90]	[ 8 10 80]
[24 24 90]	[10 10 85]
[24 24 90]	[10 10 84]
[24 24 90]	[10 10 85]
[24 24 90]	[10 10 82]
[24 24 90]	[10 10 80]
[24 24 90]	[10 10 78]
[24 24 90]	[10 10 77]
[24 24 90]	[10 10 78]
[24 24 90]	[10  8 80]
[24 24 90]	[ 8  8 80]
[24 24 90]	[ 8  8 77]
[24 24 90]	[ 8  1 80]
[24 24 90]	[ 1  1 68]
[24 24 90]	[ 1  1 70]
[24 24 90]	[ 1  8 73]
[24 24 90]	[ 8  8 75]
[24 24 90]	[ 8  8 73]
[24 24 90]	[ 8  8 75]
[24 24 90]	[ 8  8 77]
[24 24 90]	[ 8  8 73]
[24 24 90]	[ 8  1 73]
[24 24 90]	[ 1  1 73]
[24 24 90]	[ 1  1 80]
[24 24 90]	[ 1  1 77]
[24 24 90]	[ 1  1 73]
[24 24 90]	[ 1  1 73]
[24 24 90]	[ 1  1 73]
[24 24 90]	[ 1  1 75]
[24 24 90]	[ 1  1 77]
[24 24 90]	[ 1  1 78]
[24 24 90]	[ 1  1 80]
[24 24 90]	[ 1  1 77]
[24 24 90]	[ 1  1 80]
[24 24 90]	[ 1  1 85]
[24 24 90]	[ 1  1 80]
[24 24 90]	[ 1  1 77]
[24 24 90]	[ 1  1 80]
[24 24 90]	[ 1  1 77]
[24 24 90]	[ 1  8 73]
[24 24 90]	[ 8  8 77]
[24 24 90]	[ 8  8 73]
[24 24 90]	[ 8  1 68]
[24 24 90]	[ 1  1 73]
[24 24 90]	[ 1  1 72]
[24 24 90]	[ 1  3 73]
[24 24 90]	[ 3  3 75]
[24 24 90]	[ 3  3 73]
[24 24 90]	[ 3  8 75]
[24 24 90]	[ 8  8 77]
[24 24 90]	[ 8  8 75]
[24 24 90]	[ 8  8 75]
[24 24 90]	[ 8  8 75]
[24 24 90]	[ 8  8 77]
[24 24 90]	[ 8  1 78]
[24 24 90]	[ 1  1 80]
[24 24 90]	[ 1  1 77]
[24 24 90]	[ 1  1 80]
[24 24 90]	[ 1  1 85]
[24 24 90]	[ 1  1 80]
[24 24 90]	[ 1  1 77]
[24 24 90]	[ 1  1 80]
[24 24 90]	[ 1  1 77]
[24 24 90]	[ 1  8 73]
[24 24 90]	[ 8  8 77]
[24 24 90]	[ 8  8 73]
[24 24 90]	[ 8  6 68]
[24 24 90]	[ 6  6 73]
[24 24 90]	[ 6  6 72]
[24 24 90]	[ 6  8 73]
[24 24 90]	[ 8  8 75]
[24 24 90]	[ 8  8 73]
[24 24 90]	[ 8  8 75]
[24 24 90]	[ 8  8 77]
[24 24 90]	[ 8  8 73]
[24 24 90]	[ 8  1 73]
[24 24 90]	[ 1  1 73]
[24 24 90]	[ 1  1 75]
[24 24 90]	[ 1  1 77]
[24 24 90]	[ 1  1 78]
[24 24 90]	[ 1  1 77]
[24 24 90]	[ 1  1 73]
[-1 -1 -1]	[ 1  1 73]
[24 24 90]	[ 1  1 73]
[24 24 90]	[ 1 -1 80]
[24 24 90]	[-1 -1 73]
[24 24 90]	[-1 13 75]
[24 24 90]	[13 13 76]
[24 24 90]	[13 13 75]
[24 24 90]	[13 13 76]
[24 24 90]	[13 13 75]
[24 24 90]	[13 13 73]
[24 24 90]	[13 13 68]
[24 24 90]	[13 13 73]
[24 24 90]	[13 10 75]
[24 24 90]	[10 10 76]
[24 24 90]	[10 10 75]
[24 24 90]	[10 10 76]
[24 24 90]	[10 10 75]
[24 24 90]	[10 10 73]
[24 24 90]	[10 10 69]
[24 24 90]	[10 10 73]
[24 24 90]	[10 12 76]
[24 24 90]	[12 12 75]
[24 24 90]	[12 12 71]
[24 24 90]	[12 12 66]
[24 24 90]	[12 12 71]
[24 24 90]	[12 12 68]
[24 24 90]	[12 12 66]
[24 24 90]	[12 12 68]
[24 24 90]	[12 12 71]
[24 24 90]	[12 12 66]
[24 24 90]	[12 12 68]
[24 24 90]	[12 12 71]
[24 24 90]	[12 12 73]
[24 24 90]	[12 12 75]
[24 24 90]	[12 12 73]
[24 24 90]	[12 12 71]
[24 24 90]	[12 13 75]
[24 24 90]	[13 13 76]
[24 24 90]	[13 13 75]
[24 24 90]	[13 13 76]
[24 24 90]	[13 13 75]
[24 24 90]	[13 13 73]
[24 24 90]	[13 13 68]
[24 24 90]	[13 13 73]
[24 24 90]	[13 10 75]
[24 24 90]	[10 10 76]
[24 24 90]	[10 10 75]
[24 24 90]	[10 10 76]
[24 24 90]	[10 10 75]
[24 24 90]	[10 10 73]
[24 24 90]	[10 10 69]
[24 24 90]	[10 10 73]
[24 24 90]	[10 12 76]
[24 24 90]	[12 12 78]
[24 24 90]	[12 12 75]
[24 24 90]	[12 12 66]
[24 24 90]	[12 12 75]
[24 24 90]	[12 12 68]
[24 24 90]	[12 12 66]
[24 24 90]	[12 12 68]
[24 24 90]	[12 12 71]
[24 24 90]	[12 12 66]
[24 24 90]	[12 12 64]
[24 24 90]	[12 12 63]
[24 24 90]	[12 13 64]
[24 24 90]	[13 13 61]
[24 24 90]	[13 13 59]
[24 24 90]	[13 13 63]
[24 24 90]	[13 13 64]
[24 24 90]	[13 13 61]
[24 24 90]	[13 13 68]
[24 24 90]	[13 13 61]
[24 24 90]	[13 13 69]
[24 24 90]	[13 13 61]
[24 24 90]	[13 13 68]
[24 24 90]	[13 13 61]
[24 24 90]	[13 13 71]
[24 24 90]	[13 13 61]
[24 24 90]	[13 13 68]
[24 24 90]	[13 13 61]
[24 24 90]	[13 13 69]
[24 24 90]	[13 13 68]
[24 24 90]	[13 13 66]
[24 24 90]	[13 12 64]
[24 24 90]	[12 12 63]
[24 24 90]	[12 12 59]
[24 24 90]	[12 12 66]
[24 24 90]	[12 12 59]
[24 24 90]	[12 12 68]
[24 24 90]	[12 12 59]
[24 24 90]	[12 12 66]
[24 24 90]	[12 12 59]
[24 24 90]	[12 12 69]
[24 24 90]	[12 12 59]
[24 24 90]	[12 12 68]
[24 24 90]	[12 12 59]
[24 24 90]	[12 12 66]
[24 24 90]	[12 12 64]
[24 24 90]	[12 12 59]
[24 24 90]	[12 13 63]
[24 24 90]	[13 13 64]
[24 24 90]	[13 13 61]
[24 24 90]	[13 13 68]
[24 24 90]	[13 13 61]
[24 24 90]	[13 13 69]
[24 24 90]	[13 13 61]
[24 24 90]	[13 13 68]
[24 24 90]	[13 13 61]
[24 24 90]	[13 13 71]
[24 24 90]	[13 13 61]
[24 24 90]	[13 13 68]
[24 24 90]	[13 13 61]
[24 24 90]	[13 13 69]
[24 24 90]	[13 13 68]
[24 24 90]	[13 13 66]
[24 24 90]	[13 12 64]
[24 24 90]	[12 12 63]
[24 24 90]	[12 12 59]
[24 24 90]	[12 12 66]
[24 24 90]	[12 12 59]
[24 24 90]	[12 12 68]
[24 24 90]	[12 12 59]
[24 24 90]	[12 12 66]
[24 24 90]	[12 13 59]
[24 24 90]	[13 13 64]
[-1 -1 -1]	[13 13 61]
[24 24 90]	[13 13 61]
[24 24 90]	[13 -1 59]
[24 24 90]	[-1 -1 85]
[24 24 90]	[-1  1 87]
[24 24 90]	[ 1  1 89]
[24 24 90]	[ 1  1 87]
[24 24 90]	[ 1  1 85]
[24 24 90]	[ 1 15 89]
[24 24 90]	[15 15 87]
[24 24 90]	[15 15 85]
[24 24 90]	[15  1 82]
[24 24 90]	[ 1  1 80]
[24 24 90]	[ 1  1 77]
[24 24 90]	[ 1  8 77]
[24 24 90]	[ 8  8 80]
[24 24 90]	[ 8  8 82]
[24 24 90]	[ 8  8 85]
[24 24 90]	[ 8  1 87]
[24 24 90]	[ 1  1 89]
[24 24 90]	[ 1  1 87]
[24 24 90]	[ 1  1 85]
[24 24 90]	[ 1 15 89]
[24 24 90]	[15 15 87]
[24 24 90]	[15 15 85]
[24 24 90]	[15 22 87]
[24 24 90]	[22 22 89]
[24 24 90]	[22 22 94]
[24 24 90]	[22 22 94]
[24 24 90]	[22 22 92]
[24 24 90]	[22 22 94]
[24 24 90]	[22 22 92]
[24 24 90]	[22  1 90]
[24 24 90]	[ 1  1 89]
[24 24 90]	[ 1  1 87]
[24 24 90]	[ 1  1 85]
[24 24 90]	[ 1 15 89]
[24 24 90]	[15 15 87]
[24 24 90]	[15 15 85]
[24 24 90]	[15  1 82]
[24 24 90]	[ 1  1 80]
[24 24 90]	[ 1  1 77]
[24 24 90]	[ 1  8 77]
[24 24 90]	[ 8  8 80]
[24 24 90]	[ 8  8 82]
[24 24 90]	[ 8  8 85]
[24 24 90]	[ 8  1 87]
[24 24 90]	[ 1  1 89]
[24 24 90]	[ 1  1 87]
[24 24 90]	[ 1  1 85]
[24 24 90]	[ 1 15 89]
[24 24 90]	[15 15 87]
[24 24 90]	[15 15 85]
[24 24 90]	[15 15 82]
[24 24 90]	[15 22 80]
[24 24 90]	[22 22 82]
[24 24 90]	[22 22 82]
[24 24 90]	[22 22 80]
[24 24 90]	[22 22 82]
[24 24 90]	[22 22 85]
[24 24 90]	[22  1 87]
[24 24 90]	[ 1  1 89]
[24 24 90]	[ 1  1 92]
[24 24 90]	[ 1  1 92]
[24 24 90]	[ 1  1 94]
[24 24 90]	[ 1  1 92]
[24 24 90]	[ 1  1 89]
[24 24 90]	[ 1  1 87]
[24 24 90]	[ 1  1 89]
[24 24 90]	[ 1  1 85]
[24 24 90]	[ 1  1 82]
[24 24 90]	[ 1  1 80]
[24 24 90]	[ 1  1 82]
[24 24 90]	[ 1  1 85]
[24 24 90]	[ 1 22 87]
[24 24 90]	[22 22 89]
[24 24 90]	[22 22 94]
[24 24 90]	[22 22 94]
[24 24 90]	[22 22 92]
[24 24 90]	[22 22 94]
[24 24 90]	[22 22 92]
[24 24 90]	[22  1 90]
[24 24 90]	[ 1  1 89]
[24 24 90]	[ 1  1 87]
[24 24 90]	[ 1  1 85]
[24 24 90]	[ 1  8 89]
[24 24 90]	[ 8  8 87]
[24 24 90]	[ 8  8 85]
[24 24 90]	[ 8  1 87]
[24 24 90]	[ 1  1 89]
[24 24 90]	[ 1  1 92]
[24 24 90]	[ 1  1 92]
[24 24 90]	[ 1  1 94]
[24 24 90]	[ 1  1 92]
[24 24 90]	[ 1  1 89]
[24 24 90]	[ 1  1 87]
[24 24 90]	[ 1 22 89]
[24 24 90]	[22 22 85]
[24 24 90]	[22 22 82]
[24 24 90]	[22 22 80]
[24 24 90]	[22 22 82]
[24 24 90]	[22 22 85]
[24 24 90]	[22  1 87]
[24 24 90]	[ 1  1 89]
[24 24 90]	[ 1  1 87]
[24 24 90]	[ 1  1 85]
[24 24 90]	[ 1 15 89]
[24 24 90]	[15 15 87]
[24 24 90]	[15 15 85]
[24 24 90]	[15 15 82]
[24 24 90]	[15 22 80]
[24 24 90]	[22 22 82]
[24 24 90]	[22 22 82]
[24 24 90]	[22 22 80]
[24 24 90]	[22 22 82]
[24 24 90]	[22 22 85]
[24 24 90]	[22 22 87]
[24 24 90]	[22 22 82]
[-1 -1 -1]	[22 22 82]
[24 24 90]	[22 22 80]
[24 24 90]	[22 -1 82]
[24 24 90]	[-1 -1 73]
[24 24 90]	[-1 -1 77]
[24 24 90]	[-1  1 78]
[24 24 90]	[ 1  1 80]
[24 24 90]	[ 1  1 82]
[24 24 90]	[ 1  1 80]
[24 24 90]	[ 1  1 78]
[24 24 90]	[ 1  1 77]
[24 24 90]	[ 1  1 78]
[24 24 90]	[ 1  1 80]
[24 24 90]	[ 1  1 78]
[24 24 90]	[ 1  1 77]
[24 24 90]	[ 1  1 73]
[24 24 90]	[ 1  1 77]
[24 24 90]	[ 1  1 78]
[24 24 90]	[ 1  1 80]
[24 24 90]	[ 1  1 82]
[24 24 90]	[ 1  1 80]
[24 24 90]	[ 1  1 78]
[24 24 90]	[ 1  1 77]
[24 24 90]	[ 1  1 75]
[24 24 90]	[ 1  1 77]
[24 24 90]	[ 1  1 73]
[24 24 90]	[ 1  1 73]
[24 24 90]	[ 1  1 77]
[24 24 90]	[ 1  1 78]
[24 24 90]	[ 1  1 80]
[24 24 90]	[ 1  1 82]
[24 24 90]	[ 1  1 80]
[24 24 90]	[ 1  1 78]
[24 24 90]	[ 1  1 77]
[24 24 90]	[ 1  1 78]
[24 24 90]	[ 1  1 80]
[24 24 90]	[ 1  1 78]
[24 24 90]	[ 1  1 77]
[24 24 90]	[ 1  1 73]
[24 24 90]	[ 1  1 77]
[24 24 90]	[ 1  8 78]
[24 24 90]	[ 8  8 80]
[24 24 90]	[ 8  8 82]
[24 24 90]	[ 8  8 80]
[24 24 90]	[ 8  8 78]
[24 24 90]	[ 8  8 77]
[24 24 90]	[ 8  1 75]
[24 24 90]	[ 1  1 73]
[24 24 90]	[ 1  1 73]
[24 24 90]	[ 1  1 77]
[24 24 90]	[ 1  1 78]
[24 24 90]	[ 1  1 73]
[24 24 90]	[ 1  1 85]
[24 24 90]	[ 1  1 84]
[24 24 90]	[ 1  1 82]
[24 24 90]	[ 1  1 80]
[24 24 90]	[ 1  1 77]
[24 24 90]	[ 1  1 82]
[24 24 90]	[ 1  1 80]
[24 24 90]	[ 1  1 77]
[24 24 90]	[ 1  1 78]
[24 24 90]	[ 1  1 80]
[24 24 90]	[ 1  1 78]
[24 24 90]	[ 1  1 77]
[24 24 90]	[ 1  1 73]
[24 24 90]	[ 1  1 77]
[24 24 90]	[ 1  1 78]
[24 24 90]	[ 1  1 80]
[24 24 90]	[ 1  1 82]
[24 24 90]	[ 1 15 80]
[24 24 90]	[15 15 78]
[24 24 90]	[15 15 77]
[24 24 90]	[15  1 78]
[24 24 90]	[ 1  1 80]
[24 24 90]	[ 1  1 85]
[24 24 90]	[ 1  1 84]
[24 24 90]	[ 1  1 82]
[24 24 90]	[ 1  1 80]
[24 24 90]	[ 1  1 77]
[24 24 90]	[ 1  1 82]
[24 24 90]	[ 1  1 80]
[24 24 90]	[ 1  1 77]
[24 24 90]	[ 1  1 78]
[24 24 90]	[ 1  1 80]
[24 24 90]	[ 1  1 78]
[24 24 90]	[ 1  1 77]
[24 24 90]	[ 1  1 73]
[24 24 90]	[ 1  1 77]
[24 24 90]	[ 1  8 78]
[24 24 90]	[ 8  8 80]
[24 24 90]	[ 8  8 82]
[24 24 90]	[ 8  8 80]
[24 24 90]	[ 8  8 78]
[24 24 90]	[ 8  8 77]
[24 24 90]	[ 8  1 75]
[24 24 90]	[ 1  1 73]
[24 24 90]	[ 1  1 85]
[24 24 90]	[ 1  1 84]
[24 24 90]	[ 1  1 82]
[24 24 90]	[ 1  1 73]
[24 24 90]	[ 1  1 73]
[24 24 90]	[ 1  1 75]
[24 24 90]	[ 1  6 77]
[24 24 90]	[ 6  6 78]
[24 24 90]	[ 6  6 78]
[24 24 90]	[ 6  6 78]
[24 24 90]	[ 6  6 77]
[24 24 90]	[ 6  1 78]
[24 24 90]	[ 1  1 80]
[24 24 90]	[ 1  1 78]
[24 24 90]	[ 1  1 77]
[24 24 90]	[ 1  1 73]
[24 24 90]	[ 1  1 75]
[24 24 90]	[ 1  8 77]
[24 24 90]	[ 8  8 78]
[24 24 90]	[ 8  8 78]
[24 24 90]	[ 8  8 78]
[24 24 90]	[ 8  8 77]
[24 24 90]	[ 8  1 75]
[24 24 90]	[ 1  1 77]
[24 24 90]	[ 1  1 73]
[24 24 90]	[ 1  1 73]
[24 24 90]	[ 1  1 75]
[24 24 90]	[ 1  6 77]
[24 24 90]	[ 6  6 78]
[24 24 90]	[ 6  6 78]
[24 24 90]	[ 6  6 78]
[24 24 90]	[ 6  6 77]
[24 24 90]	[ 6  1 78]
[24 24 90]	[ 1  1 80]
[24 24 90]	[ 1  1 78]
[24 24 90]	[ 1  1 77]
[24 24 90]	[ 1  1 73]
[24 24 90]	[ 1  1 77]
[24 24 90]	[ 1  8 78]
[24 24 90]	[ 8  8 80]
[24 24 90]	[ 8  8 82]
[24 24 90]	[ 8  8 80]
[24 24 90]	[ 8  8 78]
[24 24 90]	[ 8  8 77]
[24 24 90]	[ 8  1 75]
[24 24 90]	[ 1  1 73]
[-1 -1 -1]	[ 1  1 73]
[24 24 90]	[ 1  1 75]
[24 24 90]	[ 1 -1 77]
[24 24 90]	[-1 -1 68]
[24 24 90]	[-1 -1 67]
[24 24 90]	[-1 13 68]
[24 24 90]	[13 13 69]
[24 24 90]	[13 13 68]
[24 24 90]	[13 13 73]
[24 24 90]	[13 13 68]
[24 24 90]	[13 13 67]
[24 24 90]	[13  8 68]
[24 24 90]	[ 8  8 69]
[24 24 90]	[ 8  8 68]
[24 24 90]	[ 8  8 75]
[24 24 90]	[ 8  8 68]
[24 24 90]	[ 8  8 67]
[24 24 90]	[ 8  8 68]
[24 24 90]	[ 8  8 69]
[24 24 90]	[ 8  8 68]
[24 24 90]	[ 8  8 78]
[24 24 90]	[ 8  8 75]
[24 24 90]	[ 8  8 72]
[24 24 90]	[ 8  8 68]
[24 24 90]	[ 8  8 66]
[24 24 90]	[ 8 13 65]
[24 24 90]	[13 13 64]
[24 24 90]	[13 13 72]
[24 24 90]	[13 13 73]
[24 24 90]	[13 13 72]
[24 24 90]	[13 13 71]
[24 24 90]	[13 18 70]
[24 24 90]	[18 18 69]
[24 24 90]	[18 18 73]
[24 24 90]	[18 18 78]
[24 24 90]	[18 18 69]
[24 24 90]	[18 18 73]
[24 24 90]	[18 13 78]
[24 24 90]	[13 13 68]
[24 24 90]	[13 13 73]
[24 24 90]	[13 13 76]
[24 24 90]	[13 13 68]
[24 24 90]	[13 13 73]
[24 24 90]	[13  3 74]
[24 24 90]	[ 3  3 75]
[24 24 90]	[ 3  3 76]
[24 24 90]	[ 3  3 75]
[24 24 90]	[ 3  3 73]
[24 24 90]	[ 3  3 72]
[24 24 90]	[ 3  8 73]
[24 24 90]	[ 8  8 75]
[24 24 90]	[ 8  8 75]
[24 24 90]	[ 8  8 68]
[24 24 90]	[ 8  8 67]
[24 24 90]	[ 8 13 68]
[24 24 90]	[13 13 69]
[24 24 90]	[13 13 68]
[24 24 90]	[13 13 73]
[24 24 90]	[13 13 68]
[24 24 90]	[13 13 67]
[24 24 90]	[13  8 68]
[24 24 90]	[ 8  8 69]
[24 24 90]	[ 8  8 68]
[24 24 90]	[ 8  8 75]
[24 24 90]	[ 8  8 68]
[24 24 90]	[ 8  8 67]
[24 24 90]	[ 8  8 68]
[24 24 90]	[ 8  8 69]
[24 24 90]	[ 8  8 68]
[24 24 90]	[ 8  8 78]
[24 24 90]	[ 8  8 75]
[24 24 90]	[ 8  8 72]
[24 24 90]	[ 8  8 68]
[24 24 90]	[ 8  8 66]
[24 24 90]	[ 8 13 65]
[24 24 90]	[13 13 64]
[24 24 90]	[13 13 72]
[24 24 90]	[13 13 73]
[24 24 90]	[13 13 72]
[24 24 90]	[13 13 71]
[24 24 90]	[13 18 70]
[24 24 90]	[18 18 69]
[24 24 90]	[18 18 73]
[24 24 90]	[18 18 78]
[24 24 90]	[18 18 69]
[24 24 90]	[18 18 73]
[24 24 90]	[18 18 78]
[24 24 90]	[18 18 69]
[24 24 90]	[18 13 73]
[24 24 90]	[13 13 68]
[24 24 90]	[13 13 73]
[24 24 90]	[13 13 76]
[24 24 90]	[13 13 68]
[24 24 90]	[13 13 73]
[24 24 90]	[13 13 76]
[24 24 90]	[13 13 68]
[24 24 90]	[13 13 72]
[24 24 90]	[13  8 75]
[24 24 90]	[ 8  8 80]
[24 24 90]	[ 8  8 68]
[24 24 90]	[ 8  8 80]
[24 24 90]	[ 8  8 81]
[24 24 90]	[ 8  8 80]
[24 24 90]	[ 8  8 78]
[24 24 90]	[ 8  8 76]
[24 24 90]	[ 8 13 75]
[24 24 90]	[13 13 73]
[24 24 90]	[13 13 73]
[24 24 90]	[13 13 68]
[24 24 90]	[13 13 69]
[24 24 90]	[13  5 70]
[24 24 90]	[ 5  5 71]
[24 24 90]	[ 5  5 70]
[24 24 90]	[ 5  5 71]
[24 24 90]	[ 5  5 70]
[24 24 90]	[ 5  5 71]
[24 24 90]	[ 5 18 72]
[24 24 90]	[18 18 73]
[24 24 90]	[18 18 69]
[24 24 90]	[18 18 68]
[24 24 90]	[18 18 69]
[24 24 90]	[18 12 70]
[24 24 90]	[12 12 71]
[24 24 90]	[12 12 63]
[24 24 90]	[12 12 66]
[24 24 90]	[12 12 71]
[24 24 90]	[12 12 63]
[24 24 90]	[12 12 66]
[24 24 90]	[12 12 75]
[24 24 90]	[12  5 74]
[24 24 90]	[ 5  5 73]
[24 24 90]	[ 5  5 68]
[24 24 90]	[ 5  5 76]
[24 24 90]	[ 5  5 76]
[24 24 90]	[ 5  5 68]
[24 24 90]	[ 5  5 76]
[24 24 90]	[ 5  5 68]
[24 24 90]	[ 5  5 76]
[24 24 90]	[ 5  5 68]
[24 24 90]	[ 5  5 75]
[24 24 90]	[ 5  5 68]
[24 24 90]	[ 5  5 75]
[24 24 90]	[ 5 18 68]
[24 24 90]	[18 18 73]
[24 24 90]	[18 18 69]
[24 24 90]	[18 18 62]
[24 24 90]	[18 18 63]
[24 24 90]	[18 12 66]
[24 24 90]	[12 12 75]
[24 24 90]	[12 12 69]
[24 24 90]	[12 12 73]
[24 24 90]	[12 12 68]
[24 24 90]	[12 12 69]
[24 24 90]	[12  5 70]
[24 24 90]	[ 5  5 71]
[24 24 90]	[ 5  5 68]
[24 24 90]	[ 5  5 67]
[24 24 90]	[ 5  5 68]
[24 24 90]	[ 5  5 69]
[24 24 90]	[ 5  5 71]
[24 24 90]	[ 5  5 64]
[24 24 90]	[ 5  5 68]
[24 24 90]	[ 5  5 71]
[24 24 90]	[ 5  5 64]
[24 24 90]	[ 5  5 68]
[24 24 90]	[ 5  5 71]
[24 24 90]	[ 5 18 72]
[24 24 90]	[18 18 73]
[24 24 90]	[18 18 66]
[24 24 90]	[18 18 69]
[24 24 90]	[18 18 73]
[24 24 90]	[18 18 66]
[24 24 90]	[18 18 76]
[24 24 90]	[18 18 75]
[24 24 90]	[18 18 74]
[24 24 90]	[18 12 73]
[24 24 90]	[12 12 71]
[24 24 90]	[12 12 63]
[24 24 90]	[12 12 66]
[24 24 90]	[12 12 71]
[24 24 90]	[12 12 63]
[24 24 90]	[12 12 66]
[24 24 90]	[12 12 71]
[24 24 90]	[12  5 72]
[24 24 90]	[ 5  5 73]
[24 24 90]	[ 5  5 68]
[24 24 90]	[ 5  5 68]
[24 24 90]	[ 5  5 68]
[24 24 90]	[ 5  5 71]
[24 24 90]	[ 5  5 76]
[24 24 90]	[ 5 10 75]
[24 24 90]	[10 10 73]
[24 24 90]	[10 10 72]
[24 24 90]	[10 10 73]
[24 24 90]	[10 23 75]
[24 24 90]	[23 23 78]
[24 24 90]	[23 23 76]
[24 24 90]	[23 23 75]
[24 24 90]	[23  5 76]
[24 24 90]	[ 5  5 80]
[24 24 90]	[ 5  5 81]
[24 24 90]	[ 5  5 82]
[24 24 90]	[ 5  1 83]
[24 24 90]	[ 1  1 85]
[24 24 90]	[ 1  1 83]
[24 24 90]	[ 1  1 81]
[24 24 90]	[ 1 18 80]
[24 24 90]	[18 18 78]
[24 24 90]	[18 18 76]
[24 24 90]	[18 18 75]
[24 24 90]	[18 12 73]
[24 24 90]	[12 12 71]
[24 24 90]	[12 12 69]
[24 24 90]	[12 12 68]
[24 24 90]	[12  5 66]
[24 24 90]	[ 5  5 64]
[24 24 90]	[ 5  5 64]
[24 24 90]	[ 5  5 73]
[24 24 90]	[ 5  5 76]
[24 24 90]	[ 5  1 80]
[24 24 90]	[ 1  1 85]
[24 24 90]	[ 1  1 73]
[24 24 90]	[ 1  1 76]
[24 24 90]	[ 1  1 80]
[24 24 90]	[ 1  1 83]
[24 24 90]	[ 1  1 73]
[24 24 90]	[ 1  1 76]
[24 24 90]	[ 1  1 80]
[24 24 90]	[ 1  1 81]
[24 24 90]	[ 1  1 73]
[24 24 90]	[ 1  1 76]
[24 24 90]	[ 1  1 80]
[24 24 90]	[ 1  1 81]
[24 24 90]	[ 1  1 80]
[24 24 90]	[ 1  1 76]
[24 24 90]	[ 1  1 73]
[24 24 90]	[ 1  1 85]
[24 24 90]	[ 1  1 73]
[24 24 90]	[ 1  1 76]
[24 24 90]	[ 1  1 80]
[24 24 90]	[ 1  1 83]
[24 24 90]	[ 1  1 73]
[24 24 90]	[ 1  1 76]
[24 24 90]	[ 1 15 80]
[24 24 90]	[15 15 81]
[24 24 90]	[15 15 69]
[24 24 90]	[15 15 75]
[24 24 90]	[15 15 78]
[24 24 90]	[15 15 81]
[24 24 90]	[15 15 78]
[24 24 90]	[15 15 75]
[24 24 90]	[15 15 69]
[24 24 90]	[15 15 85]
[24 24 90]	[15 15 69]
[24 24 90]	[15 15 75]
[24 24 90]	[15 15 78]
[24 24 90]	[15 15 83]
[24 24 90]	[15 15 69]
[24 24 90]	[15 15 75]
[24 24 90]	[15  8 78]
[24 24 90]	[ 8  8 81]
[24 24 90]	[ 8  8 69]
[24 24 90]	[ 8  8 75]
[24 24 90]	[ 8  8 78]
[24 24 90]	[ 8  8 81]
[24 24 90]	[ 8  8 78]
[24 24 90]	[ 8  8 75]
[24 24 90]	[ 8  8 69]
[24 24 90]	[ 8  8 85]
[24 24 90]	[ 8  8 69]
[24 24 90]	[ 8  8 75]
[24 24 90]	[ 8  8 78]
[24 24 90]	[ 8  8 83]
[24 24 90]	[ 8  8 69]
[24 24 90]	[ 8  8 75]
[24 24 90]	[ 8  1 78]
[24 24 90]	[ 1  1 81]
[24 24 90]	[ 1  1 73]
[24 24 90]	[ 1  1 76]
[24 24 90]	[ 1  1 80]
[24 24 90]	[ 1  1 81]
[24 24 90]	[ 1  1 80]
[24 24 90]	[ 1  1 76]
[24 24 90]	[ 1  1 73]
[24 24 90]	[ 1  1 85]
[24 24 90]	[ 1  1 73]
[24 24 90]	[ 1  1 76]
[24 24 90]	[ 1  1 80]
[24 24 90]	[ 1  1 83]
[24 24 90]	[ 1  1 73]
[24 24 90]	[ 1  1 76]
[24 24 90]	[ 1  1 80]
[24 24 90]	[ 1  1 81]
[24 24 90]	[ 1  1 73]
[24 24 90]	[ 1  1 76]
[24 24 90]	[ 1  1 80]
[24 24 90]	[ 1  1 81]
[24 24 90]	[ 1  1 80]
[24 24 90]	[ 1  1 76]
[24 24 90]	[ 1 10 73]
[24 24 90]	[10 10 81]
[24 24 90]	[10 10 83]
[24 24 90]	[10 10 81]
[24 24 90]	[10 10 80]
[24 24 90]	[10 10 78]
[24 24 90]	[10 15 76]
[24 24 90]	[15 15 81]
[24 24 90]	[15 15 80]
[24 24 90]	[15 15 78]
[24 24 90]	[15 13 76]
[24 24 90]	[13 13 75]
[24 24 90]	[13 13 73]
[24 24 90]	[13 13 71]
[24 24 90]	[13  6 71]
[24 24 90]	[ 6  6 69]
[24 24 90]	[ 6  6 71]
[24 24 90]	[ 6  6 72]
[24 24 90]	[ 6 19 73]
[24 24 90]	[19 19 75]
[24 24 90]	[19 19 73]
[24 24 90]	[19 19 71]
[24 24 90]	[19  1 73]
[24 24 90]	[ 1  1 76]
[24 24 90]	[ 1  1 78]
[24 24 90]	[ 1  1 79]
[24 24 90]	[ 1 10 80]
[24 24 90]	[10 10 81]
[24 24 90]	[10 10 80]
[24 24 90]	[10 10 78]
[24 24 90]	[10 15 76]
[24 24 90]	[15 15 75]
[24 24 90]	[15 15 73]
[24 24 90]	[15 15 71]
[24 24 90]	[15  8 69]
[24 24 90]	[ 8  8 68]
[24 24 90]	[ 8  8 66]
[-1 -1 -1]	[ 8  8 64]
[24 24 90]	[ 8  1 63]
[24 24 90]	[ 1  1 61]
[24 24 90]	[ 1  1 77]
[24 24 90]	[ 1  1 77]
[24 24 90]	[ 1  1 77]
[24 24 90]	[ 1  1 78]
[24 24 90]	[ 1  1 77]
[24 24 90]	[ 1  1 75]
[24 24 90]	[ 1 15 73]
[24 24 90]	[15 15 87]
[24 24 90]	[15 15 75]
[24 24 90]	[15 15 75]
[24 24 90]	[15  8 77]
[24 24 90]	[ 8  8 75]
[24 24 90]	[ 8  8 73]
[24 24 90]	[ 8  1 75]
[24 24 90]	[ 1  1 77]
[24 24 90]	[ 1  1 78]
[24 24 90]	[ 1  1 77]
[24 24 90]	[ 1  1 75]
[24 24 90]	[ 1  6 73]
[24 24 90]	[ 6  6 70]
[24 24 90]	[ 6  6 73]
[24 24 90]	[ 6  6 72]
[24 24 90]	[ 6  8 70]
[24 24 90]	[ 8  8 68]
[24 24 90]	[ 8  8 70]
[24 24 90]	[ 8  8 73]
[24 24 90]	[ 8  1 75]
[24 24 90]	[ 1  1 73]
[24 24 90]	[ 1  1 77]
[24 24 90]	[ 1  1 80]
[24 24 90]	[ 1  1 80]
[24 24 90]	[ 1  1 80]
[24 24 90]	[ 1  1 82]
[24 24 90]	[ 1  1 80]
[24 24 90]	[ 1  1 77]
[24 24 90]	[ 1  1 75]
[24 24 90]	[ 1  6 77]
[24 24 90]	[ 6  6 73]
[24 24 90]	[ 6  6 85]
[24 24 90]	[ 6  8 85]
[24 24 90]	[ 8  8 85]
[24 24 90]	[ 8  8 84]
[24 24 90]	[ 8  8 82]
[24 24 90]	[ 8  1 80]
[24 24 90]	[ 1  1 77]
[24 24 90]	[ 1  1 80]
[24 24 90]	[ 1  1 80]
[24 24 90]	[ 1  1 80]
[24 24 90]	[ 1  1 82]
[24 24 90]	[ 1  1 80]
[24 24 90]	[ 1  1 77]
[24 24 90]	[ 1  1 75]
[24 24 90]	[ 1  6 77]
[24 24 90]	[ 6  6 73]
[24 24 90]	[ 6  6 85]
[24 24 90]	[ 6  8 85]
[24 24 90]	[ 8  8 85]
[24 24 90]	[ 8  8 80]
[24 24 90]	[ 8 11 82]
[24 24 90]	[11 11 83]
[24 24 90]	[11 11 82]
[24 24 90]	[11 11 84]
[24 24 90]	[11 11 85]
[24 24 90]	[11 11 84]
[24 24 90]	[11  6 85]
[24 24 90]	[ 6  6 82]
[24 24 90]	[ 6  6 80]
[24 24 90]	[ 6  6 82]
[24 24 90]	[ 6  6 85]
[24 24 90]	[ 6  6 82]
[24 24 90]	[ 6  1 85]
[24 24 90]	[ 1  1 80]
[24 24 90]	[ 1  1 82]
[24 24 90]	[ 1  1 80]
[24 24 90]	[ 1  1 78]
[24 24 90]	[ 1  8 77]
[24 24 90]	[ 8  8 75]
[24 24 90]	[ 8  8 73]
[24 24 90]	[ 8  1 75]
[24 24 90]	[ 1  1 77]
[24 24 90]	[ 1  1 78]
[24 24 90]	[ 1  1 77]
[24 24 90]	[ 1  1 75]
[24 24 90]	[ 1  6 73]
[24 24 90]	[ 6  6 70]
[24 24 90]	[ 6  6 73]
[24 24 90]	[ 6  6 72]
[24 24 90]	[ 6  8 70]
[24 24 90]	[ 8  8 68]
[24 24 90]	[ 8  8 70]
[-1 -1 -1]	[ 8  8 73]
[24 24 90]	[ 8  8 73]
[24 24 90]	[ 8  1 75]
[24 24 90]	[ 1  1 73]
[24 24 90]	[ 1  1 75]
[24 24 90]	[ 1  1 77]
[24 24 90]	[ 1  1 73]
[24 24 90]	[ 1  1 77]
[24 24 90]	[ 1 22 80]
[24 24 90]	[22 22 82]
[24 24 90]	[22 22 84]
[24 24 90]	[22 22 85]
[24 24 90]	[22  1 82]
[24 24 90]	[ 1  1 80]
[24 24 90]	[ 1  1 77]
[24 24 90]	[ 1  1 75]
[24 24 90]	[ 1 15 73]
[24 24 90]	[15 15 70]
[24 24 90]	[15 15 75]
[24 24 90]	[15 15 75]
[24 24 90]	[15  8 73]
[24 24 90]	[ 8  8 75]
[24 24 90]	[ 8  8 77]
[24 24 90]	[ 8  8 75]
[24 24 90]	[ 8 15 73]
[24 24 90]	[15 15 70]
[24 24 90]	[15 15 75]
[24 24 90]	[15 15 75]
[24 24 90]	[15  8 73]
[24 24 90]	[ 8  8 75]
[24 24 90]	[ 8  8 68]
[24 24 90]	[ 8  1 70]
[24 24 90]	[ 1  1 73]
[24 24 90]	[ 1  1 75]
[24 24 90]	[ 1  1 77]
[24 24 90]	[ 1  1 73]
[24 24 90]	[ 1  1 77]
[24 24 90]	[ 1 22 80]
[24 24 90]	[22 22 82]
[24 24 90]	[22 22 84]
[24 24 90]	[22 22 85]
[24 24 90]	[22  1 82]
[24 24 90]	[ 1  1 80]
[24 24 90]	[ 1  1 77]
[24 24 90]	[ 1  1 75]
[24 24 90]	[ 1 22 73]
[24 24 90]	[22 22 70]
[24 24 90]	[22 22 73]
[24 24 90]	[22  1 73]
[24 24 90]	[ 1  1 77]
[24 24 90]	[ 1  1 73]
[24 24 90]	[ 1  1 75]
[24 24 90]	[ 1  1 73]
[24 24 90]	[ 1  1 70]
[24 24 90]	[ 1  1 73]
[24 24 90]	[ 1  1 73]
[24 24 90]	[ 1  1 72]
[24 24 90]	[ 1  1 73]
[24 24 90]	[ 1  1 68]
[24 24 90]	[ 1  1 70]
[24 24 90]	[ 1  1 70]
[24 24 90]	[ 1  1 73]
[24 24 90]	[ 1  1 73]
[24 24 90]	[ 1  1 72]
[24 24 90]	[ 1  1 73]
[24 24 90]	[ 1  1 85]
[24 24 90]	[ 1  1 87]
[24 24 90]	[ 1  1 89]
[24 24 90]	[ 1  8 85]
[24 24 90]	[ 8  8 87]
[24 24 90]	[ 8  6 84]
[24 24 90]	[ 6  6 85]
[24 24 90]	[ 6  6 87]
[24 24 90]	[ 6  6 85]
[24 24 90]	[ 6  1 82]
[24 24 90]	[ 1  1 80]
[24 24 90]	[ 1  1 77]
[24 24 90]	[ 1 15 80]
[24 24 90]	[15 15 82]
[24 24 90]	[15 15 87]
[24 24 90]	[15 15 87]
[24 24 90]	[15  8 85]
[24 24 90]	[ 8  8 87]
[24 24 90]	[ 8  8 89]
[24 24 90]	[ 8  8 87]
[24 24 90]	[ 8 15 85]
[24 24 90]	[15 15 82]
[24 24 90]	[15 15 87]
[24 24 90]	[15 15 87]
[24 24 90]	[15  8 85]
[24 24 90]	[ 8  8 87]
[24 24 90]	[ 8  8 85]
[24 24 90]	[ 8  1 87]
[24 24 90]	[ 1  1 89]
[24 24 90]	[ 1  1 85]
[24 24 90]	[ 1  8 85]
[24 24 90]	[ 8  8 87]
[24 24 90]	[ 8  8 84]
[24 24 90]	[ 8  6 84]
[24 24 90]	[ 6  6 85]
[24 24 90]	[ 6  6 87]
[24 24 90]	[ 6  6 85]
[24 24 90]	[ 6  1 82]
[24 24 90]	[ 1  1 80]
[24 24 90]	[ 1  1 77]
[24 24 90]	[ 1 22 80]
[24 24 90]	[22 22 82]
[24 24 90]	[22 22 85]
[24 24 90]	[22  1 85]
[24 24 90]	[ 1  1 89]
[24 24 90]	[ 1  1 85]
[24 24 90]	[ 1  1 87]
[24 24 90]	[ 1  1 85]
[24 24 90]	[ 1  1 82]
[24 24 90]	[ 1  1 85]
[24 24 90]	[ 1  1 85]
[24 24 90]	[ 1  1 84]
[24 24 90]	[ 1  1 85]
[24 24 90]	[ 1  1 85]
[24 24 90]	[ 1  1 87]
[24 24 90]	[ 1  1 82]
[24 24 90]	[ 1  1 85]
[24 24 90]	[ 1  1 85]
[24 24 90]	[ 1  1 84]
[24 24 90]	[ 1  1 85]
[24 24 90]	[ 1  1 77]
[24 24 90]	[ 1  6 80]
[24 24 90]	[ 6  6 82]
[24 24 90]	[ 6  1 78]
[24 24 90]	[ 1  1 80]
[24 24 90]	[ 1  1 80]
[24 24 90]	[ 1 15 77]
[24 24 90]	[15 15 78]
[24 24 90]	[15 15 78]
[24 24 90]	[15  1 75]
[24 24 90]	[ 1  1 77]
[24 24 90]	[ 1  1 75]
[24 24 90]	[ 1 15 73]
[24 24 90]	[15 15 70]
[24 24 90]	[15 15 75]
[24 24 90]	[15 15 75]
[24 24 90]	[15  8 73]
[24 24 90]	[ 8  8 75]
[24 24 90]	[ 8  8 77]
[24 24 90]	[ 8  8 75]
[24 24 90]	[ 8 15 73]
[24 24 90]	[15 15 70]
[24 24 90]	[15 15 75]
[24 24 90]	[15 15 75]
[24 24 90]	[15  8 73]
[24 24 90]	[ 8  8 75]
[24 24 90]	[ 8  8 77]
[24 24 90]	[ 8  8 78]
[24 24 90]	[ 8  6 80]
[24 24 90]	[ 6  6 82]
[24 24 90]	[ 6  1 78]
[24 24 90]	[ 1  1 80]
[24 24 90]	[ 1  1 82]
[24 24 90]	[ 1  1 80]
[24 24 90]	[ 1 15 77]
[24 24 90]	[15 15 78]
[24 24 90]	[15 15 75]
[24 24 90]	[15  1 75]
[24 24 90]	[ 1  1 77]
[24 24 90]	[ 1  1 75]
[24 24 90]	[ 1 22 73]
[24 24 90]	[22 22 70]
[24 24 90]	[22 22 73]
[24 24 90]	[22  1 73]
[24 24 90]	[ 1  1 77]
[24 24 90]	[ 1  1 73]
[24 24 90]	[ 1  1 75]
[24 24 90]	[ 1  1 73]
[24 24 90]	[ 1  1 70]
[24 24 90]	[ 1  1 73]
[24 24 90]	[ 1  1 73]
[24 24 90]	[ 1  1 72]
[24 24 90]	[ 1  1 73]
[24 24 90]	[ 1  1 77]
[24 24 90]	[ 1  1 80]
[24 24 90]	[ 1  1 70]
[24 24 90]	[ 1  1 73]
[-1 -1 -1]	[ 1  1 73]
[24 24 90]	[ 1  1 72]
[24 24 90]	[ 1 -1 73]
[24 24 90]	[-1  1 85]
[24 24 90]	[ 1  1 85]
[24 24 90]	[ 1  1 80]
[24 24 90]	[ 1  1 80]
[24 24 90]	[ 1  1 85]
[24 24 90]	[ 1  1 85]
[24 24 90]	[ 1  1 80]
[24 24 90]	[ 1  1 80]
[24 24 90]	[ 1  1 87]
[24 24 90]	[ 1  1 89]
[24 24 90]	[ 1  1 90]
[24 24 90]	[ 1  1 89]
[24 24 90]	[ 1  1 87]
[24 24 90]	[ 1  1 89]
[24 24 90]	[ 1  8 85]
[24 24 90]	[ 8  8 87]
[24 24 90]	[ 8  8 87]
[24 24 90]	[ 8  8 80]
[24 24 90]	[ 8  6 80]
[24 24 90]	[ 6  6 82]
[24 24 90]	[ 6  6 82]
[24 24 90]	[ 6  6 80]
[24 24 90]	[ 6  1 78]
[24 24 90]	[ 1  1 80]
[24 24 90]	[ 1  1 80]
[24 24 90]	[ 1  1 78]
[24 24 90]	[ 1  6 77]
[24 24 90]	[ 6  6 78]
[24 24 90]	[ 6  6 80]
[24 24 90]	[ 6  1 78]
[24 24 90]	[ 1  1 77]
[24 24 90]	[ 1  1 75]
[24 24 90]	[ 1  8 73]
[24 24 90]	[ 8  8 75]
[24 24 90]	[ 8  8 75]
[24 24 90]	[ 8  8 80]
[24 24 90]	[ 8  8 80]
[24 24 90]	[ 8  8 80]
[24 24 90]	[ 8  8 75]
[24 24 90]	[ 8  8 75]
[24 24 90]	[ 8  8 77]
[24 24 90]	[ 8  1 78]
[24 24 90]	[ 1  1 77]
[24 24 90]	[ 1  1 75]
[24 24 90]	[ 1  1 73]
[24 24 90]	[ 1  1 85]
[24 24 90]	[ 1  1 85]
[24 24 90]	[ 1  1 85]
[24 24 90]	[ 1  1 80]
[24 24 90]	[ 1  1 80]
[24 24 90]	[ 1  1 82]
[24 24 90]	[ 1  6 83]
[24 24 90]	[ 6  6 82]
[24 24 90]	[ 6  6 82]
[24 24 90]	[ 6 15 89]
[24 24 90]	[15 15 90]
[24 24 90]	[15 15 89]
[24 24 90]	[15 15 87]
[24 24 90]	[15  8 85]
[24 24 90]	[ 8  8 84]
[24 24 90]	[ 8  8 84]
[24 24 90]	[ 8  8 85]
[24 24 90]	[ 8  8 87]
[24 24 90]	[ 8  8 80]
[24 24 90]	[ 8  6 80]
[24 24 90]	[ 6  6 82]
[24 24 90]	[ 6  6 84]
[24 24 90]	[ 6  8 85]
[24 24 90]	[ 8  8 87]
[-1 -1 -1]	[ 8  8 84]
[24 24 90]	[ 8  1 80]
[24 24 90]	[ 1 -1 85]
[24 24 90]	[-1 -1 80]
[24 24 90]	[-1 -1 80]
[24 24 90]	[-1  1 77]
[24 24 90]	[ 1  1 73]
[24 24 90]	[ 1  1 85]
[24 24 90]	[ 1  1 85]
[24 24 90]	[ 1  1 84]
[24 24 90]	[ 1  8 85]
[24 24 90]	[ 8  8 87]
[24 24 90]	[ 8  8 84]
[24 24 90]	[ 8  8 80]
[24 24 90]	[ 8  1 84]
[24 24 90]	[ 1  1 85]
[24 24 90]	[ 1  1 85]
[24 24 90]	[ 1  1 87]
[24 24 90]	[ 1  1 89]
[24 24 90]	[ 1  1 89]
[24 24 90]	[ 1  8 85]
[24 24 90]	[ 8  8 90]
[24 24 90]	[ 8  8 90]
[24 24 90]	[ 8  1 87]
[24 24 90]	[ 1  1 92]
[24 24 90]	[ 1  1 89]
[24 24 90]	[ 1  1 85]
[24 24 90]	[ 1  8 89]
[24 24 90]	[ 8  8 87]
[24 24 90]	[ 8  8 84]
[24 24 90]	[ 8  8 80]
[24 24 90]	[ 8  1 77]
[24 24 90]	[ 1  1 73]
[24 24 90]	[ 1  1 85]
[24 24 90]	[ 1  1 85]
[24 24 90]	[ 1  1 84]
[24 24 90]	[ 1  8 85]
[24 24 90]	[ 8  8 87]
[24 24 90]	[ 8  8 84]
[24 24 90]	[ 8  8 80]
[24 24 90]	[ 8  1 84]
[24 24 90]	[ 1  1 85]
[24 24 90]	[ 1  1 85]
[24 24 90]	[ 1  1 87]
[24 24 90]	[ 1  1 89]
[24 24 90]	[ 1  1 90]
[24 24 90]	[ 1  1 92]
[24 24 90]	[ 1  1 89]
[24 24 90]	[ 1  1 87]
[24 24 90]	[ 1  1 85]
[24 24 90]	[ 1  1 84]
[24 24 90]	[ 1  8 82]
[24 24 90]	[ 8  8 80]
[24 24 90]	[ 8  8 80]
[24 24 90]	[ 8  1 82]
[24 24 90]	[ 1  1 80]
[24 24 90]	[ 1  1 78]
[24 24 90]	[ 1  1 77]
[24 24 90]	[ 1  8 75]
[24 24 90]	[ 8  8 80]
[24 24 90]	[ 8  8 80]
[24 24 90]	[ 8  8 80]
[24 24 90]	[ 8  8 89]
[24 24 90]	[ 8  8 89]
[24 24 90]	[ 8  1 90]
[24 24 90]	[ 1  1 92]
[24 24 90]	[ 1  1 90]
[24 24 90]	[ 1  1 89]
[24 24 90]	[ 1  1 87]
[24 24 90]	[ 1  1 85]
[24 24 90]	[ 1  1 84]
[24 24 90]	[ 1  1 82]
[24 24 90]	[ 1  6 80]
[24 24 90]	[ 6  6 82]
[24 24 90]	[ 6  6 82]
[24 24 90]	[ 6  6 78]
[24 24 90]	[ 6  6 78]
[24 24 90]	[ 6  6 90]
[24 24 90]	[ 6 15 92]
[24 24 90]	[15 15 94]
[24 24 90]	[15 15 92]
[24 24 90]	[15 15 90]
[24 24 90]	[15 15 89]
[24 24 90]	[15 15 90]
[24 24 90]	[15 15 89]
[24 24 90]	[15 15 87]
[24 24 90]	[15  8 85]
[24 24 90]	[ 8  8 84]
[24 24 90]	[ 8  8 84]
[24 24 90]	[ 8  8 80]
[24 24 90]	[ 8  8 80]
[24 24 90]	[ 8  8 89]
[24 24 90]	[ 8  1 90]
[24 24 90]	[ 1  1 92]
[24 24 90]	[ 1  1 89]
[24 24 90]	[ 1  1 92]
[24 24 90]	[ 1  6 89]
[24 24 90]	[ 6  6 90]
[24 24 90]	[ 6  6 94]
[24 24 90]	[ 6  6 90]
[24 24 90]	[ 6  1 94]
[24 24 90]	[ 1  1 92]
[24 24 90]	[ 1  1 89]
[24 24 90]	[ 1  1 92]
[24 24 90]	[ 1  6 89]
[24 24 90]	[ 6  6 90]
[24 24 90]	[ 6  6 94]
[24 24 90]	[ 6  6 90]
[24 24 90]	[ 6  1 94]
[24 24 90]	[ 1  1 92]
[24 24 90]	[ 1  1 89]
[24 24 90]	[ 1  1 85]
[24 24 90]	[ 1  8 89]
[24 24 90]	[ 8  8 90]
[24 24 90]	[ 8  8 87]
[24 24 90]	[ 8  8 84]
[24 24 90]	[ 8  1 87]
[24 24 90]	[ 1  1 85]
[24 24 90]	[ 1  1 85]
[24 24 90]	[ 1  1 85]
[24 24 90]	[ 1  1 85]
[24 24 90]	[ 1  8 85]
[24 24 90]	[ 8  8 85]
[-1 -1 -1]	[ 8  8 82]
[24 24 90]	[ 8  8 80]
[24 24 90]	[ 8 13 77]
[24 24 90]	[13 13 68]
[24 24 90]	[13 13 73]
[24 24 90]	[13 13 75]
[24 24 90]	[13 13 76]
[24 24 90]	[13 13 75]
[24 24 90]	[13 10 73]
[24 24 90]	[10 10 69]
[24 24 90]	[10 10 73]
[24 24 90]	[10 10 75]
[24 24 90]	[10 10 76]
[24 24 90]	[10 10 75]
[24 24 90]	[10  6 73]
[24 24 90]	[ 6  6 70]
[24 24 90]	[ 6  6 73]
[24 24 90]	[ 6  6 75]
[24 24 90]	[ 6  6 76]
[24 24 90]	[ 6  6 75]
[24 24 90]	[ 6 12 73]
[24 24 90]	[12 12 75]
[24 24 90]	[12 12 75]
[24 24 90]	[12 12 76]
[24 24 90]	[12 12 78]
[24 24 90]	[12 12 75]
[24 24 90]	[12 12 71]
[24 24 90]	[12 12 73]
[24 24 90]	[12 13 75]
[24 24 90]	[13 13 68]
[24 24 90]	[13 13 73]
[24 24 90]	[13 13 75]
[24 24 90]	[13 13 76]
[24 24 90]	[13 13 75]
[24 24 90]	[13 10 73]
[24 24 90]	[10 10 69]
[24 24 90]	[10 10 73]
[24 24 90]	[10 10 75]
[24 24 90]	[10 10 76]
[24 24 90]	[10 10 75]
[24 24 90]	[10 12 73]
[24 24 90]	[12 12 75]
[24 24 90]	[12 12 75]
[24 24 90]	[12 12 76]
[24 24 90]	[12 12 78]
[24 24 90]	[12 12 75]
[24 24 90]	[12 12 71]
[24 24 90]	[12 12 75]
[24 24 90]	[12 20 78]
[24 24 90]	[20 20 78]
[24 24 90]	[20 20 76]
[24 24 90]	[20 13 75]
[24 24 90]	[13 13 73]
[24 24 90]	[13 13  0]
[24 24 90]	[13 13 73]
[24 24 90]	[13 13 76]
[24 24 90]	[13 13 80]
[24 24 90]	[13 13 85]
[24 24 90]	[13 13 80]
[24 24 90]	[13 18 76]
[24 24 90]	[18 18 78]
[24 24 90]	[18 18 80]
[24 24 90]	[18 18 81]
[24 24 90]	[18 18 80]
[24 24 90]	[18 18 76]
[24 24 90]	[18 10 73]
[24 24 90]	[10 10 69]
[24 24 90]	[10 10 73]
[24 24 90]	[10 10 76]
[24 24 90]	[10 10 68]
[24 24 90]	[10 10 73]
[24 24 90]	[10  8 76]
[24 24 90]	[ 8  8 76]
[24 24 90]	[ 8  8 75]
[24 24 90]	[ 8  8 73]
[24 24 90]	[ 8  8 72]
[24 24 90]	[ 8  8 73]
[24 24 90]	[ 8 13 75]
[24 24 90]	[13 13 73]
[24 24 90]	[13 13 76]
[24 24 90]	[13 13 80]
[24 24 90]	[13 13 85]
[24 24 90]	[13 13 80]
[24 24 90]	[13 18 76]
[24 24 90]	[18 18 78]
[24 24 90]	[18 18 80]
[24 24 90]	[18 18 81]
[24 24 90]	[18 18 80]
[24 24 90]	[18 18 76]
[24 24 90]	[18 10 73]
[24 24 90]	[10 10 69]
[24 24 90]	[10 10 73]
[24 24 90]	[10 10 76]
[24 24 90]	[10 10 68]
[24 24 90]	[10 10 73]
[24 24 90]	[10  8 76]
[24 24 90]	[ 8  8 75]
[24 24 90]	[ 8  8 73]
[24 24 90]	[ 8 13 72]
[24 24 90]	[13 13 73]
[24 24 90]	[13 13 68]
[24 24 90]	[13 13 73]
[24 24 90]	[13 13 75]
[24 24 90]	[13 13 76]
[24 24 90]	[13 13 75]
[24 24 90]	[13 10 73]
[24 24 90]	[10 10 69]
[24 24 90]	[10 10 73]
[24 24 90]	[10 10 75]
[24 24 90]	[10 10 76]
[24 24 90]	[10 10 75]
[24 24 90]	[10  6 73]
[24 24 90]	[ 6  6 70]
[24 24 90]	[ 6  6 73]
[24 24 90]	[ 6  6 75]
[24 24 90]	[ 6  6 76]
[24 24 90]	[ 6  6 75]
[24 24 90]	[ 6 12 73]
[24 24 90]	[12 12 75]
[24 24 90]	[12 12 75]
[24 24 90]	[12 12 76]
[24 24 90]	[12 12 78]
[24 24 90]	[12 12 75]
[24 24 90]	[12 12 71]
[24 24 90]	[12 12 73]
[24 24 90]	[12 13 75]
[24 24 90]	[13 13 68]
[24 24 90]	[13 13 73]
[24 24 90]	[13 13 75]
[24 24 90]	[13 13 76]
[24 24 90]	[13 13 75]
[24 24 90]	[13 10 73]
[24 24 90]	[10 10 69]
[24 24 90]	[10 10 73]
[24 24 90]	[10 10 75]
[24 24 90]	[10 10 76]
[24 24 90]	[10 10 75]
[24 24 90]	[10 12 73]
[24 24 90]	[12 12 75]
[24 24 90]	[12 12 75]
[24 24 90]	[12 12 76]
[24 24 90]	[12 12 78]
[24 24 90]	[12 12 75]
[24 24 90]	[12 12 71]
[24 24 90]	[12 12 75]
[24 24 90]	[12 20 78]
[24 24 90]	[20 20 78]
[24 24 90]	[20 20 76]
[24 24 90]	[20 13 75]
[24 24 90]	[13 13 73]
[24 24 90]	[13 13  0]
[24 24 90]	[13 13 80]
[24 24 90]	[13 13 85]
[24 24 90]	[13 13 88]
[24 24 90]	[13 13 92]
[24 24 90]	[13 13 88]
[24 24 90]	[13 18 92]
[24 24 90]	[18 18 93]
[24 24 90]	[18 18 92]
[24 24 90]	[18 18 90]
[24 24 90]	[18 18 92]
[24 24 90]	[18 18 88]
[24 24 90]	[18 10 85]
[24 24 90]	[10 10 81]
[24 24 90]	[10 10 85]
[24 24 90]	[10 10 88]
[24 24 90]	[10 10 80]
[24 24 90]	[10 10 85]
[24 24 90]	[10  8 88]
[24 24 90]	[ 8  8 88]
[24 24 90]	[ 8  8 87]
[24 24 90]	[ 8  8 85]
[24 24 90]	[ 8  8 84]
[24 24 90]	[ 8  8 85]
[24 24 90]	[ 8 13 87]
[24 24 90]	[13 13 80]
[24 24 90]	[13 13 85]
[24 24 90]	[13 13 88]
[24 24 90]	[13 13 92]
[24 24 90]	[13 18 92]
[24 24 90]	[18 18 93]
[24 24 90]	[18 18 92]
[24 24 90]	[18 18 90]
[24 24 90]	[18 18 92]
[24 24 90]	[18 18 88]
[24 24 90]	[18 10 85]
[24 24 90]	[10 10 81]
[24 24 90]	[10 10 85]
[24 24 90]	[10 10 88]
[24 24 90]	[10 10 80]
[24 24 90]	[10 10 85]
[24 24 90]	[10  8 88]
[24 24 90]	[ 8  8 87]
[24 24 90]	[ 8  8 85]
[24 24 90]	[ 8  8 84]
[24 24 90]	[ 8  8 85]
[24 24 90]	[ 8 13 85]
[24 24 90]	[13 13 80]
[24 24 90]	[13 13 85]
[24 24 90]	[13 13 88]
[24 24 90]	[13 13 92]
[24 24 90]	[13 13 88]
[24 24 90]	[13 18 92]
[24 24 90]	[18 18 93]
[24 24 90]	[18 18 92]
[24 24 90]	[18 18 90]
[24 24 90]	[18 18 92]
[24 24 90]	[18 18 88]
[24 24 90]	[18 10 85]
[24 24 90]	[10 10 81]
[24 24 90]	[10 10 85]
[24 24 90]	[10 10 88]
[24 24 90]	[10 10 80]
[24 24 90]	[10 10 85]
[24 24 90]	[10  8 88]
[24 24 90]	[ 8  8 88]
[24 24 90]	[ 8  8 87]
[24 24 90]	[ 8  8 85]
[24 24 90]	[ 8  8 84]
[24 24 90]	[ 8  8 85]
[24 24 90]	[ 8 13 87]
[24 24 90]	[13 13 80]
[24 24 90]	[13 13 85]
[24 24 90]	[13 13 87]
[24 24 90]	[13 13 88]
[24 24 90]	[13 13 87]
[24 24 90]	[13 10 85]
[24 24 90]	[10 10 81]
[24 24 90]	[10 10 85]
[24 24 90]	[10 10 87]
[24 24 90]	[10 10 88]
[24 24 90]	[10 10 87]
[24 24 90]	[10 12 85]
[24 24 90]	[12 12 87]
[24 24 90]	[12 12 90]
[24 24 90]	[12 12 87]
[24 24 90]	[12 12 83]
[24 24 90]	[12 12 87]
[24 24 90]	[12 20 90]
[24 24 90]	[20 20 90]
[-1 -1 -1]	[20 20 88]
[24 24 90]	[20 13 87]
[24 24 90]	[13  1 85]
[24 24 90]	[ 1  1 75]
[24 24 90]	[ 1  1 77]
[24 24 90]	[ 1  1 75]
[24 24 90]	[ 1  1 75]
[24 24 90]	[ 1  1 77]
[24 24 90]	[ 1  1 80]
[24 24 90]	[ 1  1 82]
[24 24 90]	[ 1  1 80]
[24 24 90]	[ 1  1 77]
[24 24 90]	[ 1  1 75]
[24 24 90]	[ 1  6 68]
[24 24 90]	[ 6  6 73]
[24 24 90]	[ 6  6 77]
[24 24 90]	[ 6  6 75]
[24 24 90]	[ 6  6 77]
[24 24 90]	[ 6  6 77]
[24 24 90]	[ 6  1 75]
[24 24 90]	[ 1  1 77]
[24 24 90]	[ 1  1 73]
[24 24 90]	[ 1  1 73]
[24 24 90]	[ 1  1 68]
[24 24 90]	[ 1  1 73]
[24 24 90]	[ 1  1 77]
[24 24 90]	[ 1  1 75]
[24 24 90]	[ 1  1 75]
[24 24 90]	[ 1  1 77]
[24 24 90]	[ 1  1 80]
[24 24 90]	[ 1  1 82]
[24 24 90]	[ 1  1 80]
[24 24 90]	[ 1  1 77]
[24 24 90]	[ 1  1 75]
[24 24 90]	[ 1  6 68]
[24 24 90]	[ 6  6 73]
[24 24 90]	[ 6  6 77]
[24 24 90]	[ 6  6 75]
[24 24 90]	[ 6  6 77]
[24 24 90]	[ 6  6 77]
[24 24 90]	[ 6  1 75]
[24 24 90]	[ 1  1 77]
[24 24 90]	[ 1  1 73]
[24 24 90]	[ 1  1 73]
[24 24 90]	[ 1  6 68]
[24 24 90]	[ 6  6 82]
[24 24 90]	[ 6  6 78]
[24 24 90]	[ 6  6 82]
[24 24 90]	[ 6  6 85]
[24 24 90]	[ 6  6 82]
[24 24 90]	[ 6  6 85]
[24 24 90]	[ 6  6 82]
[24 24 90]	[ 6  6 82]
[24 24 90]	[ 6  6 80]
[24 24 90]	[ 6  1 77]
[24 24 90]	[ 1  1 80]
[24 24 90]	[ 1  1 80]
[24 24 90]	[ 1  1 80]
[24 24 90]	[ 1  1 85]
[24 24 90]	[ 1  1 80]
[24 24 90]	[ 1  1 80]
[24 24 90]	[ 1  1 77]
[24 24 90]	[ 1  6 73]
[24 24 90]	[ 6  6 78]
[24 24 90]	[ 6  6 80]
[24 24 90]	[ 6  6 82]
[24 24 90]	[ 6  1 78]
[24 24 90]	[ 1  1 82]
[24 24 90]	[ 1  1 82]
[24 24 90]	[ 1  1 84]
[24 24 90]	[ 1  1 85]
[24 24 90]	[ 1  1 73]
[24 24 90]	[ 1  1 75]
[24 24 90]	[ 1  6 68]
[24 24 90]	[ 6  6 73]
[24 24 90]	[ 6  6 77]
[24 24 90]	[ 6  6 75]
[24 24 90]	[ 6  6 77]
[24 24 90]	[ 6  6 77]
[24 24 90]	[ 6  1 75]
[24 24 90]	[ 1  1 77]
[24 24 90]	[ 1  1 73]
[24 24 90]	[ 1 15 73]
[24 24 90]	[15 15 73]
[24 24 90]	[15 15 85]
[24 24 90]	[15  1 85]
[24 24 90]	[ 1  1 77]
[24 24 90]	[ 1 15 73]
[-1 -1 -1]	[15 15 73]
[24 24 90]	[15 15 73]
[24 24 90]	[15 13 68]
[24 24 90]	[13 13 80]
[24 24 90]	[13 13 78]
[24 24 90]	[13 13 76]
[24 24 90]	[13 13 75]
[24 24 90]	[13 13 76]
[24 24 90]	[13 13 73]
[24 24 90]	[13 13 73]
[24 24 90]	[13 13 76]
[24 24 90]	[13 13 73]
[24 24 90]	[13 13 80]
[24 24 90]	[13 13 73]
[24 24 90]	[13 13 76]
[24 24 90]	[13 13 73]
[24 24 90]	[13 13 73]
[24 24 90]	[13 13 80]
[24 24 90]	[13 13 78]
[24 24 90]	[13 13 76]
[24 24 90]	[13 13 75]
[24 24 90]	[13 13 76]
[24 24 90]	[13 13 73]
[24 24 90]	[13 12 73]
[24 24 90]	[12 12 75]
[24 24 90]	[12 12 71]
[24 24 90]	[12 12 78]
[24 24 90]	[12 12 76]
[24 24 90]	[12 12 75]
[24 24 90]	[12 12 71]
[24 24 90]	[12 13 71]
[24 24 90]	[13 13 80]
[24 24 90]	[13 13 78]
[24 24 90]	[13 13 76]
[24 24 90]	[13 13 75]
[24 24 90]	[13 13 76]
[24 24 90]	[13 13 73]
[24 24 90]	[13 13 73]
[24 24 90]	[13 13 76]
[24 24 90]	[13 13 73]
[24 24 90]	[13 13 80]
[24 24 90]	[13 13 73]
[24 24 90]	[13 13 76]
[24 24 90]	[13 13 73]
[24 24 90]	[13  5 73]
[24 24 90]	[ 5  5 80]
[24 24 90]	[ 5  5 78]
[24 24 90]	[ 5  5 76]
[24 24 90]	[ 5  5 75]
[24 24 90]	[ 5  5 76]
[24 24 90]	[ 5  5 78]
[24 24 90]	[ 5  5 80]
[24 24 90]	[ 5 12 82]
[24 24 90]	[12 12 83]
[24 24 90]	[12 12 80]
[24 24 90]	[12 12 78]
[24 24 90]	[12 12 76]
[24 24 90]	[12 12 75]
[24 24 90]	[12 12 71]
[24 24 90]	[12 12 71]
[24 24 90]	[12 12 83]
[24 24 90]	[12 12 83]
[24 24 90]	[12 12 85]
[24 24 90]	[12 12 87]
[24 24 90]	[12  6 88]
[24 24 90]	[ 6  6 87]
[24 24 90]	[ 6  6 83]
[24 24 90]	[ 6  6 85]
[24 24 90]	[ 6 12 82]
[24 24 90]	[12 12 83]
[24 24 90]	[12 12 83]
[24 24 90]	[12 12 85]
[24 24 90]	[12 12 87]
[24 24 90]	[12 20 88]
[24 24 90]	[20 20 87]
[24 24 90]	[20 20 80]
[24 24 90]	[20 12 80]
[24 24 90]	[12 12 83]
[24 24 90]	[12 12 83]
[24 24 90]	[12 12 85]
[24 24 90]	[12 12 87]
[24 24 90]	[12  6 88]
[24 24 90]	[ 6  6 87]
[24 24 90]	[ 6  6 83]
[24 24 90]	[ 6  6 85]
[24 24 90]	[ 6  6 82]
[24 24 90]	[ 6  6 83]
[24 24 90]	[ 6  6 80]
[24 24 90]	[ 6  6 78]
[24 24 90]	[ 6 12 76]
[24 24 90]	[12 12 75]
[24 24 90]	[12 12 71]
[24 24 90]	[12 12 71]
[24 24 90]	[12 12 83]
[24 24 90]	[12 12 83]
[24 24 90]	[12 12 85]
[24 24 90]	[12 12 87]
[24 24 90]	[12  5 88]
[24 24 90]	[ 5  5 87]
[24 24 90]	[ 5  5 83]
[24 24 90]	[ 5  5 85]
[24 24 90]	[ 5 12 82]
[24 24 90]	[12 12 83]
[24 24 90]	[12 12 87]
[24 24 90]	[12 12 90]
[24 24 90]	[12  6 87]
[24 24 90]	[ 6  6 88]
[24 24 90]	[ 6  6 87]
[24 24 90]	[ 6 12 88]
[24 24 90]	[12 12 90]
[24 24 90]	[12 12 87]
[24 24 90]	[12 12 88]
[24 24 90]	[12 12 87]
[24 24 90]	[12  5 85]
[24 24 90]	[ 5  5 87]
[24 24 90]	[ 5  5 83]
[24 24 90]	[ 5  5 85]
[24 24 90]	[ 5  6 82]
[24 24 90]	[ 6  6 83]
[24 24 90]	[ 6  6 80]
[24 24 90]	[ 6  6 78]
[24 24 90]	[ 6 12 76]
[24 24 90]	[12 12 75]
[24 24 90]	[12 12 71]
[24 24 90]	[12 12 71]
[24 24 90]	[12 12 75]
[24 24 90]	[12 12 78]
[24 24 90]	[12 12 83]
[24 24 90]	[12 12 78]
[24 24 90]	[12 12 75]
[24 24 90]	[12 12 78]
[24 24 90]	[12 12 83]
[24 24 90]	[12 12 78]
[24 24 90]	[12 12 75]
[24 24 90]	[12 12 78]
[24 24 90]	[12 12 83]
[24 24 90]	[12  6 78]
[24 24 90]	[ 6  6 75]
[24 24 90]	[ 6  6 73]
[24 24 90]	[ 6 12 73]
[24 24 90]	[12 12 75]
[24 24 90]	[12 12 78]
[24 24 90]	[12 12 83]
[24 24 90]	[12  5 78]
[24 24 90]	[ 5  5 80]
[24 24 90]	[ 5  5 78]
[24 24 90]	[ 5  5 80]
[24 24 90]	[ 5  6 82]
[24 24 90]	[ 6  6 83]
[24 24 90]	[ 6  6 80]
[24 24 90]	[ 6  6 78]
[24 24 90]	[ 6 12 76]
[24 24 90]	[12 12 75]
[24 24 90]	[12 12 71]
[24 24 90]	[12 12 71]
[24 24 90]	[12 12 75]
[24 24 90]	[12 12 78]
[24 24 90]	[12 12 83]
[24 24 90]	[12 12 78]
[24 24 90]	[12 12 75]
[24 24 90]	[12 12 78]
[24 24 90]	[12 12 83]
[24 24 90]	[12 12 78]
[24 24 90]	[12 12 75]
[24 24 90]	[12 12 78]
[24 24 90]	[12 12 83]
[24 24 90]	[12  6 85]
[24 24 90]	[ 6  6 87]
[24 24 90]	[ 6  6 85]
[24 24 90]	[ 6  5 85]
[24 24 90]	[ 5  5 87]
[24 24 90]	[ 5  5 83]
[24 24 90]	[ 5  5 85]
[24 24 90]	[ 5  5 82]
[24 24 90]	[ 5  5 83]
[24 24 90]	[ 5  5 80]
[24 24 90]	[ 5  5 78]
[24 24 90]	[ 5  6 75]
[24 24 90]	[ 6  6 76]
[24 24 90]	[ 6  6 80]
[24 24 90]	[ 6  6 78]
[-1 -1 -1]	[ 6 12 76]
[24 24 90]	[12 12 75]
[24 24 90]	[12 -1 71]
[24 24 90]	[-1 -1 85]
[24 24 90]	[-1  1 82]
[24 24 90]	[ 1  1 80]
[24 24 90]	[ 1  1 73]
[24 24 90]	[ 1  1 78]
[24 24 90]	[ 1  1 77]
[24 24 90]	[ 1  1 75]
[24 24 90]	[ 1  1 73]
[24 24 90]	[ 1  1 80]
[24 24 90]	[ 1  1 73]
[24 24 90]	[ 1  1 78]
[24 24 90]	[ 1  1 77]
[24 24 90]	[ 1  1 75]
[24 24 90]	[ 1 15 73]
[24 24 90]	[15 15 82]
[24 24 90]	[15 15 75]
[24 24 90]	[15 15 75]
[24 24 90]	[15 15 77]
[24 24 90]	[15 15 78]
[24 24 90]	[15 15 80]
[24 24 90]	[15 15 82]
[24 24 90]	[15  8 75]
[24 24 90]	[ 8  8 75]
[24 24 90]	[ 8  8 77]
[24 24 90]	[ 8  1 78]
[24 24 90]	[ 1  1 80]
[24 24 90]	[ 1  1 78]
[24 24 90]	[ 1  6 77]
[24 24 90]	[ 6  6 85]
[24 24 90]	[ 6  6 84]
[24 24 90]	[ 6  1 82]
[24 24 90]	[ 1  1 82]
[24 24 90]	[ 1  1 80]
[24 24 90]	[ 1  1 78]
[24 24 90]	[ 1  1 77]
[24 24 90]	[ 1  1 78]
[24 24 90]	[ 1  1 77]
[24 24 90]	[ 1  1 75]
[24 24 90]	[ 1  1 73]
[24 24 90]	[ 1  1 77]
[24 24 90]	[ 1  1 75]
[24 24 90]	[ 1  1 73]
[24 24 90]	[ 1  8 70]
[24 24 90]	[ 8  8 68]
[24 24 90]	[ 8  8 70]
[24 24 90]	[ 8  8 73]
[24 24 90]	[ 8  1 75]
[24 24 90]	[ 1  1 77]
[24 24 90]	[ 1  1 73]
[24 24 90]	[ 1  1 73]
[24 24 90]	[ 1  1 85]
[24 24 90]	[ 1  1 87]
[24 24 90]	[ 1  1 89]
[24 24 90]	[ 1  1 85]
[24 24 90]	[ 1  8 89]
[24 24 90]	[ 8  8 87]
[24 24 90]	[ 8  8 84]
[24 24 90]	[ 8 22 87]
[24 24 90]	[22 22 85]
[24 24 90]	[22 22 82]
[24 24 90]	[22 22 85]
[24 24 90]	[22 22 82]
[24 24 90]	[22 22 80]
[24 24 90]	[22 22 78]
[24 24 90]	[22 15 77]
[24 24 90]	[15 15 82]
[24 24 90]	[15 15 75]
[24 24 90]	[15 15 75]
[24 24 90]	[15 15 77]
[24 24 90]	[15 15 78]
[24 24 90]	[15  8 80]
[24 24 90]	[ 8  8 82]
[24 24 90]	[ 8  8 75]
[24 24 90]	[ 8  8 75]
[24 24 90]	[ 8  8 85]
[24 24 90]	[ 8  1 87]
[24 24 90]	[ 1  1 89]
[24 24 90]	[ 1  1 85]
[24 24 90]	[ 1  8 89]
[24 24 90]	[ 8  8 87]
[24 24 90]	[ 8  8 84]
[24 24 90]	[ 8 22 87]
[24 24 90]	[22 22 85]
[24 24 90]	[22 22 82]
[24 24 90]	[22 22 85]
[24 24 90]	[22 22 82]
[24 24 90]	[22 22 80]
[24 24 90]	[22 22 78]
[24 24 90]	[22 15 77]
[24 24 90]	[15 15 78]
[24 24 90]	[15 15 77]
[24 24 90]	[15 15 75]
[24 24 90]	[15  8 73]
[24 24 90]	[ 8  8 68]
[24 24 90]	[ 8  8 70]
[24 24 90]	[ 8  8 73]
[24 24 90]	[ 8  1 75]
[24 24 90]	[ 1  1 77]
[24 24 90]	[ 1  1 73]
[24 24 90]	[ 1  8 73]
[24 24 90]	[ 8  8 82]
[24 24 90]	[ 8  8 75]
[24 24 90]	[ 8  8 75]
[24 24 90]	[ 8  8 77]
[24 24 90]	[ 8  1 78]
[24 24 90]	[ 1  1 80]
[24 24 90]	[ 1  1 78]
[24 24 90]	[ 1  6 77]
[24 24 90]	[ 6  6 85]
[24 24 90]	[ 6  6 84]
[24 24 90]	[ 6  1 82]
[24 24 90]	[ 1  1 82]
[24 24 90]	[ 1  1 80]
[24 24 90]	[ 1  1 78]
[24 24 90]	[ 1  1 77]
[24 24 90]	[ 1  1 78]
[24 24 90]	[ 1  1 77]
[24 24 90]	[ 1  1 75]
[24 24 90]	[ 1  1 73]
[24 24 90]	[ 1  1 77]
[24 24 90]	[ 1  1 75]
[24 24 90]	[ 1  1 73]
[24 24 90]	[ 1  8 70]
[24 24 90]	[ 8  8 68]
[24 24 90]	[ 8  8 70]
[24 24 90]	[ 8  8 73]
[24 24 90]	[ 8  1 75]
[-1 -1 -1]	[ 1  1 77]
[24 24 90]	[ 1  1 73]
[24 24 90]	[ 1 -1 73]
[24 24 90]	[-1 -1 73]
[24 24 90]	[-1 -1 77]
[24 24 90]	[-1  1 80]
[24 24 90]	[ 1  8 85]
[24 24 90]	[ 8  8 84]
[24 24 90]	[ 8  1 82]
[24 24 90]	[ 1  1 80]
[24 24 90]	[ 1  1 82]
[24 24 90]	[ 1  1 80]
[24 24 90]	[ 1  1 77]
[24 24 90]	[ 1 22 73]
[24 24 90]	[22  1 68]
[24 24 90]	[ 1  1 73]
[24 24 90]	[ 1  1 72]
[24 24 90]	[ 1  1 73]
[24 24 90]	[ 1 22 77]
[24 24 90]	[22 22 82]
[24 24 90]	[22  8 80]
[24 24 90]	[ 8  8 72]
[24 24 90]	[ 8  8 72]
[24 24 90]	[ 8  8 68]
[24 24 90]	[ 8  8 72]
[24 24 90]	[ 8  8 75]
[24 24 90]	[ 8 22 84]
[24 24 90]	[22  8 82]
[24 24 90]	[ 8  8 80]
[24 24 90]	[ 8  8 78]
[24 24 90]	[ 8  8 75]
[24 24 90]	[ 8  8 72]
[24 24 90]	[ 8  8 68]
[24 24 90]	[ 8  8 68]
[24 24 90]	[ 8  8 72]
[24 24 90]	[ 8  8 75]
[24 24 90]	[ 8  8 80]
[24 24 90]	[ 8  8 82]
[24 24 90]	[ 8  1 80]
[24 24 90]	[ 1  1 77]
[24 24 90]	[ 1  1 77]
[24 24 90]	[ 1  1 73]
[24 24 90]	[ 1  1 77]
[24 24 90]	[ 1  1 80]
[24 24 90]	[ 1  8 85]
[24 24 90]	[ 8  8 84]
[24 24 90]	[ 8  1 82]
[24 24 90]	[ 1  1 80]
[24 24 90]	[ 1  1 82]
[24 24 90]	[ 1  1 80]
[24 24 90]	[ 1  1 77]
[24 24 90]	[ 1 22 73]
[24 24 90]	[22  1 68]
[24 24 90]	[ 1  1 73]
[24 24 90]	[ 1  1 72]
[24 24 90]	[ 1  1 73]
[24 24 90]	[ 1 15 77]
[24 24 90]	[15 15 82]
[24 24 90]	[15  6 80]
[24 24 90]	[ 6  6 78]
[24 24 90]	[ 6  6 78]
[24 24 90]	[ 6  6 73]
[24 24 90]	[ 6 15 71]
[24 24 90]	[15 15 70]
[24 24 90]	[15 15 73]
[24 24 90]	[15 15 77]
[24 24 90]	[15 15 78]
[24 24 90]	[15  6 82]
[24 24 90]	[ 6  6 85]
[24 24 90]	[ 6  6 85]
[24 24 90]	[ 6  6 84]
[24 24 90]	[ 6  1 85]
[24 24 90]	[ 1  1 80]
[24 24 90]	[ 1  1 85]
[24 24 90]	[ 1  1 84]
[24 24 90]	[ 1 17 85]
[24 24 90]	[17 17 77]
[24 24 90]	[17 17 68]
[24 24 90]	[17  6 69]
[24 24 90]	[ 6  6 70]
[24 24 90]	[ 6  6 68]
[24 24 90]	[ 6  6 70]
[24 24 90]	[ 6  8 71]
[24 24 90]	[ 8  8 72]
[24 24 90]	[ 8  8 70]
[24 24 90]	[ 8  1 68]
[24 24 90]	[ 1  1 73]
[24 24 90]	[ 1  1 73]
[24 24 90]	[ 1  1 68]
[24 24 90]	[ 1  1 73]
[24 24 90]	[ 1  1 77]
[24 24 90]	[ 1  1 80]
[24 24 90]	[ 1  8 89]
[24 24 90]	[ 8  1 87]
[24 24 90]	[ 1  1 85]
[24 24 90]	[ 1  1 87]
[24 24 90]	[ 1  1 85]
[24 24 90]	[ 1  1 80]
[24 24 90]	[ 1 22 78]
[24 24 90]	[22  1 77]
[24 24 90]	[ 1  1 68]
[24 24 90]	[ 1  1 73]
[24 24 90]	[ 1  1 77]
[24 24 90]	[ 1 22 80]
[24 24 90]	[22 22 85]
[24 24 90]	[22 22 82]
[24 24 90]	[22  8 83]
[24 24 90]	[ 8  8 84]
[24 24 90]	[ 8  8 84]
[24 24 90]	[ 8 22 90]
[24 24 90]	[22  8 89]
[24 24 90]	[ 8  8 87]
[24 24 90]	[ 8  8 84]
[24 24 90]	[ 8  8 80]
[24 24 90]	[ 8  8 77]
[24 24 90]	[ 8  8 75]
[24 24 90]	[ 8  8 68]
[24 24 90]	[ 8  8 72]
[24 24 90]	[ 8  8 75]
[24 24 90]	[ 8  8 80]
[24 24 90]	[ 8  8 82]
[24 24 90]	[ 8  1 80]
[24 24 90]	[ 1  1 77]
[24 24 90]	[ 1  1 77]
[24 24 90]	[ 1  1 68]
[24 24 90]	[ 1  1 73]
[24 24 90]	[ 1  1 77]
[24 24 90]	[ 1  1 80]
[24 24 90]	[ 1  8 89]
[24 24 90]	[ 8  1 87]
[24 24 90]	[ 1  1 85]
[24 24 90]	[ 1  1 87]
[24 24 90]	[ 1  1 85]
[24 24 90]	[ 1  1 80]
[24 24 90]	[ 1 22 78]
[24 24 90]	[22  1 77]
[24 24 90]	[ 1  1 68]
[24 24 90]	[ 1  1 73]
[24 24 90]	[ 1  1 77]
[24 24 90]	[ 1 15 80]
[24 24 90]	[15 15 85]
[24 24 90]	[15 15 84]
[24 24 90]	[15  6 83]
[24 24 90]	[ 6  6 82]
[24 24 90]	[ 6  6 82]
[24 24 90]	[ 6  6 73]
[24 24 90]	[ 6  6 72]
[24 24 90]	[ 6 15 71]
[24 24 90]	[15 15 70]
[24 24 90]	[15 15 73]
[24 24 90]	[15 15 78]
[24 24 90]	[15 15 81]
[24 24 90]	[15  6 82]
[24 24 90]	[ 6  6 85]
[24 24 90]	[ 6  6 85]
[24 24 90]	[ 6  6 84]
[24 24 90]	[ 6  1 85]
[24 24 90]	[ 1  1 80]
[24 24 90]	[ 1  1 85]
[24 24 90]	[ 1  1 84]
[24 24 90]	[ 1 17 85]
[24 24 90]	[17 17 77]
[24 24 90]	[17 17 68]
[24 24 90]	[17  6 69]
[24 24 90]	[ 6  6 70]
[24 24 90]	[ 6  6 68]
[24 24 90]	[ 6  6 70]
[24 24 90]	[ 6  8 71]
[24 24 90]	[ 8  8 72]
[24 24 90]	[ 8  8 70]
[24 24 90]	[ 8  1 68]
[24 24 90]	[ 1  1 73]
[-1 -1 -1]	[ 1  1 73]
[24 24 90]	[1 1 0]
[24 24 90]	[1 8 0]
[24 24 90]	[ 8  8 77]
[24 24 90]	[ 8  1 78]
[24 24 90]	[ 1  1 80]
[24 24 90]	[ 1  1 77]
[24 24 90]	[ 1  1 78]
[24 24 90]	[ 1  1 80]
[24 24 90]	[ 1  1 78]
[24 24 90]	[ 1  1 77]
[24 24 90]	[ 1  6 73]
[24 24 90]	[ 6  6 82]
[24 24 90]	[ 6  6 78]
[24 24 90]	[ 6  6 80]
[24 24 90]	[ 6  6 82]
[24 24 90]	[ 6  8 85]
[24 24 90]	[ 8  8 84]
[24 24 90]	[ 8  1 87]
[24 24 90]	[ 1  1 80]
[24 24 90]	[ 1  1 77]
[24 24 90]	[ 1 22 78]
[24 24 90]	[22 22 80]
[24 24 90]	[22 22 78]
[24 24 90]	[22 22 77]
[24 24 90]	[22 15 73]
[24 24 90]	[15 15 70]
[24 24 90]	[15 15 75]
[24 24 90]	[15 15 75]
[24 24 90]	[15 15 77]
[24 24 90]	[15  8 78]
[24 24 90]	[ 8  8 77]
[24 24 90]	[ 8  1 78]
[24 24 90]	[ 1  1 80]
[24 24 90]	[ 1  1 77]
[24 24 90]	[ 1  1 78]
[24 24 90]	[ 1  1 80]
[24 24 90]	[ 1  1 78]
[24 24 90]	[ 1  1 77]
[24 24 90]	[ 1  6 73]
[24 24 90]	[ 6  6 82]
[24 24 90]	[ 6  6 78]
[24 24 90]	[ 6  6 80]
[24 24 90]	[ 6  6 82]
[24 24 90]	[ 6  8 85]
[24 24 90]	[ 8  8 84]
[24 24 90]	[ 8  1 87]
[24 24 90]	[ 1  1 80]
[24 24 90]	[ 1  8 89]
[24 24 90]	[ 8  8 87]
[24 24 90]	[ 8 22 84]
[24 24 90]	[22 22 85]
[24 24 90]	[22 22 82]
[24 24 90]	[22 22 80]
[24 24 90]	[22 15 77]
[24 24 90]	[15 15 70]
[24 24 90]	[15 15 75]
[24 24 90]	[15 15 75]
[24 24 90]	[15  8 77]
[24 24 90]	[ 8  8 78]
[24 24 90]	[ 8  8 78]
[24 24 90]	[ 8  8 77]
[24 24 90]	[ 8  1 75]
[24 24 90]	[ 1  1 73]
[24 24 90]	[ 1  1 85]
[24 24 90]	[ 1 22 87]
[24 24 90]	[22 22 89]
[24 24 90]	[22 22 87]
[24 24 90]	[22 22 85]
[24 24 90]	[22  6 80]
[24 24 90]	[ 6  6 82]
[24 24 90]	[ 6  1 85]
[24 24 90]	[ 1  1 80]
[24 24 90]	[ 1 15 77]
[24 24 90]	[15 15 77]
[24 24 90]	[15  8 75]
[24 24 90]	[ 8  8 75]
[24 24 90]	[ 8  1 77]
[24 24 90]	[ 1  1 73]
[24 24 90]	[ 1  1 85]
[24 24 90]	[ 1 22 87]
[24 24 90]	[22 22 89]
[24 24 90]	[22 22 87]
[24 24 90]	[22 22 85]
[24 24 90]	[22 22 87]
[24 24 90]	[22  6 89]
[24 24 90]	[ 6  6 90]
[24 24 90]	[ 6  6 89]
[24 24 90]	[ 6  6 87]
[24 24 90]	[ 6 15 85]
[24 24 90]	[15 15 82]
[24 24 90]	[15  8 80]
[24 24 90]	[ 8  8 82]
[24 24 90]	[ 8  1 85]
[24 24 90]	[ 1  1 73]
[24 24 90]	[ 1  1 85]
[24 24 90]	[ 1 22 87]
[24 24 90]	[22 22 89]
[24 24 90]	[22 22 87]
[24 24 90]	[22 22 85]
[24 24 90]	[22  6 80]
[24 24 90]	[ 6  6 82]
[24 24 90]	[ 6  6 80]
[24 24 90]	[ 6  6 82]
[24 24 90]	[ 6  8 85]
[24 24 90]	[ 8  8 87]
[24 24 90]	[ 8  8 85]
[24 24 90]	[ 8  1 87]
[24 24 90]	[ 1  1 89]
[24 24 90]	[ 1  1 87]
[24 24 90]	[ 1  1 85]
[24 24 90]	[ 1 22 82]
[24 24 90]	[22 22 80]
[24 24 90]	[22 22 82]
[24 24 90]	[22 22 85]
[24 24 90]	[22 15 77]
[24 24 90]	[15 15 70]
[24 24 90]	[15 15 75]
[-1 -1 -1]	[15 15 75]
[24 24 90]	[15  8 77]
[24 24 90]	[ 8  1 78]
[24 24 90]	[ 1  1 79]
[24 24 90]	[ 1  1 80]
[24 24 90]	[ 1  1 80]
[24 24 90]	[ 1  1 80]
[24 24 90]	[ 1  1 82]
[24 24 90]	[ 1  1 80]
[24 24 90]	[ 1  1 79]
[24 24 90]	[ 1  1 80]
[24 24 90]	[ 1  1 77]
[24 24 90]	[ 1  1 73]
[24 24 90]	[ 1  1 68]
[24 24 90]	[ 1  1 68]
[24 24 90]	[ 1  1 68]
[24 24 90]	[ 1  1 68]
[24 24 90]	[ 1  1 73]
[24 24 90]	[ 1 15 77]
[24 24 90]	[15 15 77]
[24 24 90]	[15 15 78]
[24 24 90]	[15  8 78]
[24 24 90]	[ 8  8 79]
[24 24 90]	[ 8  8 80]
[24 24 90]	[ 8  8 80]
[24 24 90]	[ 8  8 80]
[24 24 90]	[ 8  8 82]
[24 24 90]	[ 8  8 80]
[24 24 90]	[ 8  8 84]
[24 24 90]	[ 8  8 82]
[24 24 90]	[ 8  8 80]
[24 24 90]	[ 8  8 82]
[24 24 90]	[ 8  8 84]
[24 24 90]	[ 8  8 82]
[24 24 90]	[ 8  8 80]
[24 24 90]	[ 8  8 78]
[24 24 90]	[ 8  8 77]
[24 24 90]	[ 8  1 75]
[24 24 90]	[ 1  1 73]
[24 24 90]	[ 1  8 70]
[24 24 90]	[ 8  8 70]
[24 24 90]	[ 8  1 68]
[24 24 90]	[ 1  1 79]
[24 24 90]	[ 1  1 80]
[24 24 90]	[ 1  1 80]
[24 24 90]	[ 1  1 80]
[24 24 90]	[ 1  1 82]
[24 24 90]	[ 1  1 80]
[24 24 90]	[ 1  1 79]
[24 24 90]	[ 1  1 80]
[24 24 90]	[ 1  1 77]
[24 24 90]	[ 1  1 73]
[24 24 90]	[ 1  1 68]
[24 24 90]	[ 1  1 68]
[24 24 90]	[ 1  1 68]
[24 24 90]	[ 1  1 68]
[24 24 90]	[ 1  1 73]
[24 24 90]	[ 1 15 77]
[24 24 90]	[15 15 77]
[24 24 90]	[15 15 78]
[24 24 90]	[15  8 78]
[24 24 90]	[ 8  8 77]
[24 24 90]	[ 8  8 78]
[24 24 90]	[ 8  8 78]
[24 24 90]	[ 8  8 78]
[24 24 90]	[ 8  8 74]
[24 24 90]	[ 8  8 75]
[24 24 90]	[ 8  8 71]
[24 24 90]	[ 8  8 72]
[24 24 90]	[ 8  8 67]
[24 24 90]	[ 8  8 68]
[24 24 90]	[ 8  8 68]
[24 24 90]	[ 8  8 70]
[24 24 90]	[ 8  8 72]
[24 24 90]	[ 8  8 73]
[24 24 90]	[ 8  8 77]
[24 24 90]	[ 8  1 75]
[24 24 90]	[ 1  1 73]
[24 24 90]	[ 1  1 73]
[24 24 90]	[ 1  1 68]
[24 24 90]	[ 1  1 68]
[24 24 90]	[ 1  1 68]
[24 24 90]	[ 1  1 68]
[24 24 90]	[ 1  1 70]
[24 24 90]	[ 1  1 68]
[24 24 90]	[ 1  1 67]
[24 24 90]	[ 1  1 68]
[24 24 90]	[ 1  1 70]
[24 24 90]	[ 1  1 68]
[24 24 90]	[ 1  1 68]
[24 24 90]	[ 1  1 68]
[24 24 90]	[ 1  1 68]
[24 24 90]	[ 1  1 68]
[24 24 90]	[ 1  1 73]
[24 24 90]	[ 1 15 77]
[24 24 90]	[15 15 74]
[24 24 90]	[15 15 75]
[24 24 90]	[15  8 75]
[24 24 90]	[ 8  8 72]
[24 24 90]	[ 8  8 72]
[24 24 90]	[ 8  8 72]
[24 24 90]	[ 8  8 72]
[24 24 90]	[ 8  8 73]
[24 24 90]	[ 8  8 72]
[24 24 90]	[ 8  8 71]
[24 24 90]	[ 8  8 72]
[24 24 90]	[ 8  8 67]
[24 24 90]	[ 8  8 68]
[24 24 90]	[ 8  8 72]
[24 24 90]	[ 8  8 70]
[24 24 90]	[ 8  8 68]
[24 24 90]	[ 8  1 67]
[24 24 90]	[ 1  1 70]
[24 24 90]	[ 1  1 68]
[24 24 90]	[ 1  1 65]
[24 24 90]	[ 1  1 68]
[24 24 90]	[ 1  1 68]
[24 24 90]	[ 1  1 68]
[24 24 90]	[ 1  1 68]
[24 24 90]	[ 1  1 70]
[24 24 90]	[ 1  1 68]
[24 24 90]	[ 1  1 67]
[24 24 90]	[ 1  1 68]
[24 24 90]	[ 1  1 70]
[24 24 90]	[ 1  1 68]
[24 24 90]	[ 1  1 68]
[24 24 90]	[ 1  1 68]
[24 24 90]	[ 1  1 68]
[24 24 90]	[ 1  1 68]
[24 24 90]	[ 1  1 73]
[24 24 90]	[ 1 15 77]
[24 24 90]	[15 15 74]
[24 24 90]	[15 15 75]
[24 24 90]	[15  8 75]
[24 24 90]	[ 8  8 77]
[24 24 90]	[ 8  8 78]
[24 24 90]	[ 8  8 78]
[24 24 90]	[ 8  8 78]
[24 24 90]	[ 8  8 74]
[24 24 90]	[ 8  8 75]
[24 24 90]	[ 8  8 71]
[24 24 90]	[ 8  8 72]
[24 24 90]	[ 8  8 67]
[24 24 90]	[ 8  8 68]
[24 24 90]	[ 8  8 68]
[24 24 90]	[ 8  8 70]
[24 24 90]	[ 8  8 72]
[24 24 90]	[ 8  8 73]
[-1 -1 -1]	[ 8  8 77]
[24 24 90]	[ 8  1 75]
[24 24 90]	[ 1 -1 73]
[24 24 90]	[-1 -1 68]
[24 24 90]	[-1 -1 73]
[24 24 90]	[-1  1 75]
[24 24 90]	[ 1  1 77]
[24 24 90]	[ 1  1 77]
[24 24 90]	[ 1  1 75]
[24 24 90]	[ 1  6 73]
[24 24 90]	[ 6  6 70]
[24 24 90]	[ 6  6 70]
[24 24 90]	[ 6  6 73]
[24 24 90]	[ 6  1 75]
[24 24 90]	[ 1  1 77]
[24 24 90]	[ 1  6 80]
[24 24 90]	[ 6  6 78]
[24 24 90]	[ 6  8 82]
[24 24 90]	[ 8  8 80]
[24 24 90]	[ 8  8 80]
[24 24 90]	[ 8  8 82]
[24 24 90]	[ 8  8 84]
[24 24 90]	[ 8  8 85]
[24 24 90]	[ 8  8 84]
[24 24 90]	[ 8  8 82]
[24 24 90]	[ 8  8 80]
[24 24 90]	[ 8  8 80]
[24 24 90]	[ 8  8 78]
[24 24 90]	[ 8  8 77]
[24 24 90]	[ 8  3 78]
[24 24 90]	[ 3  3 80]
[24 24 90]	[ 3  3 85]
[24 24 90]	[ 3  3 77]
[24 24 90]	[ 3  8 73]
[24 24 90]	[ 8  8 75]
[24 24 90]	[ 8  8 75]
[24 24 90]	[ 8  8 73]
[24 24 90]	[ 8  1 75]
[24 24 90]	[ 1  1 77]
[24 24 90]	[ 1  1 77]
[24 24 90]	[ 1  1 75]
[24 24 90]	[ 1  6 73]
[24 24 90]	[ 6  6 70]
[24 24 90]	[ 6  6 70]
[24 24 90]	[ 6  6 73]
[24 24 90]	[ 6  1 75]
[24 24 90]	[ 1  1 77]
[24 24 90]	[ 1  6 80]
[24 24 90]	[ 6  6 78]
[24 24 90]	[ 6  8 82]
[24 24 90]	[ 8  8 80]
[24 24 90]	[ 8  8 80]
[24 24 90]	[ 8  8 82]
[24 24 90]	[ 8  8 84]
[24 24 90]	[ 8  8 85]
[24 24 90]	[ 8  8 84]
[24 24 90]	[ 8  8 82]
[24 24 90]	[ 8  8 80]
[24 24 90]	[ 8  8 80]
[24 24 90]	[ 8  8 78]
[24 24 90]	[ 8  8 77]
[24 24 90]	[ 8  1 78]
[24 24 90]	[ 1  1 80]
[24 24 90]	[ 1  8 85]
[24 24 90]	[ 8  8 77]
[24 24 90]	[ 8  1 75]
[24 24 90]	[ 1  1 73]
[24 24 90]	[ 1  1 85]
[24 24 90]	[ 1  1 87]
[24 24 90]	[ 1  1 89]
[24 24 90]	[ 1  1 80]
[24 24 90]	[ 1  1 85]
[24 24 90]	[ 1  8 89]
[24 24 90]	[ 8  8 87]
[24 24 90]	[ 8  8 80]
[24 24 90]	[ 8  8 84]
[24 24 90]	[ 8  8 87]
[24 24 90]	[ 8  8 85]
[24 24 90]	[ 8  8 84]
[24 24 90]	[ 8  8 82]
[24 24 90]	[ 8  8 85]
[24 24 90]	[ 8  8 80]
[24 24 90]	[ 8  8 78]
[24 24 90]	[ 8  8 77]
[24 24 90]	[ 8  8 82]
[24 24 90]	[ 8  8 80]
[24 24 90]	[ 8  8 78]
[24 24 90]	[ 8  1 82]
[24 24 90]	[ 1  1 80]
[24 24 90]	[ 1  1 78]
[24 24 90]	[ 1  1 77]
[24 24 90]	[ 1  3 78]
[24 24 90]	[ 3  3 80]
[24 24 90]	[ 3  3 85]
[24 24 90]	[ 3  3 77]
[24 24 90]	[ 3  8 73]
[24 24 90]	[ 8  8 75]
[24 24 90]	[ 8  8 85]
[24 24 90]	[ 8  1 87]
[24 24 90]	[ 1  1 89]
[24 24 90]	[ 1  1 80]
[24 24 90]	[ 1  1 85]
[24 24 90]	[ 1  8 89]
[24 24 90]	[ 8  8 87]
[24 24 90]	[ 8  8 80]
[24 24 90]	[ 8  8 84]
[24 24 90]	[ 8  8 87]
[24 24 90]	[ 8  8 85]
[24 24 90]	[ 8  8 84]
[24 24 90]	[ 8  8 82]
[24 24 90]	[ 8  8 85]
[24 24 90]	[ 8  8 80]
[24 24 90]	[ 8  8 78]
[24 24 90]	[ 8  8 77]
[24 24 90]	[ 8  8 82]
[24 24 90]	[ 8  8 73]
[24 24 90]	[ 8  8 78]
[24 24 90]	[ 8  1 82]
[24 24 90]	[ 1  1 80]
[24 24 90]	[ 1  1 78]
[24 24 90]	[ 1  1 77]
[24 24 90]	[ 1  1 78]
[24 24 90]	[ 1  1 80]
[24 24 90]	[ 1  8 85]
[24 24 90]	[ 8  8 77]
[24 24 90]	[ 8  1 75]
[24 24 90]	[ 1  1 73]
[24 24 90]	[ 1  1 85]
[24 24 90]	[ 1  1 87]
[24 24 90]	[ 1  1 89]
[24 24 90]	[ 1  1 80]
[24 24 90]	[ 1  1 85]
[24 24 90]	[ 1  8 89]
[24 24 90]	[ 8  8 87]
[24 24 90]	[ 8  8 80]
[24 24 90]	[ 8  8 84]
[24 24 90]	[ 8  8 87]
[24 24 90]	[ 8  8 85]
[24 24 90]	[ 8  8 84]
[24 24 90]	[ 8  8 82]
[24 24 90]	[ 8  8 85]
[24 24 90]	[ 8  8 80]
[24 24 90]	[ 8  8 78]
[24 24 90]	[ 8  8 77]
[24 24 90]	[ 8  8 82]
[24 24 90]	[ 8  8 80]
[24 24 90]	[ 8  8 78]
[24 24 90]	[ 8  1 82]
[24 24 90]	[ 1  1 80]
[24 24 90]	[ 1  1 78]
[24 24 90]	[ 1  1 77]
[24 24 90]	[ 1  3 78]
[24 24 90]	[ 3  3 80]
[24 24 90]	[ 3  3 85]
[24 24 90]	[ 3  3 77]
[24 24 90]	[ 3  8 73]
[24 24 90]	[ 8  8 75]
[24 24 90]	[ 8  8 75]
[24 24 90]	[ 8  8 73]
[24 24 90]	[ 8  1 75]
[24 24 90]	[ 1  1 77]
[24 24 90]	[ 1  1 77]
[24 24 90]	[ 1  1 75]
[24 24 90]	[ 1  6 73]
[24 24 90]	[ 6  6 70]
[24 24 90]	[ 6  6 70]
[24 24 90]	[ 6  6 73]
[24 24 90]	[ 6  1 75]
[24 24 90]	[ 1  1 77]
[24 24 90]	[ 1  6 80]
[24 24 90]	[ 6  6 78]
[24 24 90]	[ 6  8 82]
[24 24 90]	[ 8  8 80]
[24 24 90]	[ 8  8 80]
[24 24 90]	[ 8  8 82]
[24 24 90]	[ 8  8 84]
[24 24 90]	[ 8  8 85]
[24 24 90]	[ 8  8 84]
[24 24 90]	[ 8  8 82]
[24 24 90]	[ 8  8 80]
[24 24 90]	[ 8  8 80]
[24 24 90]	[ 8  8 78]
[24 24 90]	[ 8  8 77]
[24 24 90]	[ 8  1 78]
[24 24 90]	[ 1  1 80]
[24 24 90]	[ 1  8 85]
[-1 -1 -1]	[ 8  8 77]
[24 24 90]	[ 8  1 75]
[24 24 90]	[ 1  1 73]
[24 24 90]	[ 1  1 73]
[24 24 90]	[ 1  1 80]
[24 24 90]	[ 1  1 80]
[24 24 90]	[ 1  1 80]
[24 24 90]	[ 1  1 78]
[24 24 90]	[ 1 12 75]
[24 24 90]	[12 12 78]
[24 24 90]	[12 12 75]
[24 24 90]	[12 12 78]
[24 24 90]	[12 12 80]
[24 24 90]	[12 12 78]
[24 24 90]	[12  1 75]
[24 24 90]	[ 1  1 73]
[24 24 90]	[ 1  1 80]
[24 24 90]	[ 1  1 80]
[24 24 90]	[ 1  1 80]
[24 24 90]	[ 1  1 78]
[24 24 90]	[ 1 12 75]
[24 24 90]	[12 12 78]
[24 24 90]	[12 12 75]
[24 24 90]	[12 12 71]
[24 24 90]	[12 12 71]
[24 24 90]	[12 12 71]
[24 24 90]	[12  1 80]
[24 24 90]	[ 1  1 73]
[24 24 90]	[ 1  1 80]
[24 24 90]	[ 1  1 80]
[24 24 90]	[ 1  1 80]
[24 24 90]	[ 1  1 78]
[24 24 90]	[ 1 12 75]
[24 24 90]	[12 12 78]
[24 24 90]	[12 12 75]
[24 24 90]	[12 12 78]
[24 24 90]	[12 12 80]
[24 24 90]	[12 12 78]
[24 24 90]	[12 12 80]
[24 24 90]	[12 12 83]
[24 24 90]	[12 12 82]
[24 24 90]	[12 12 80]
[24 24 90]	[12 12 78]
[24 24 90]	[12 12 75]
[24 24 90]	[12  1 78]
[24 24 90]	[ 1  1 80]
[24 24 90]	[ 1  1 80]
[24 24 90]	[ 1  1 85]
[24 24 90]	[ 1  1 80]
[24 24 90]	[ 1 12 80]
[24 24 90]	[12 12 83]
[24 24 90]	[12 12 80]
[24 24 90]	[12  1 78]
[24 24 90]	[ 1  1 85]
[24 24 90]	[ 1  1 80]
[24 24 90]	[ 1 12 80]
[24 24 90]	[12 12 83]
[24 24 90]	[12  1 80]
[24 24 90]	[ 1  1 85]
[24 24 90]	[ 1  1 80]
[24 24 90]	[ 1 12 80]
[24 24 90]	[12 12 83]
[24 24 90]	[12 12 80]
[24 24 90]	[12 12 78]
[24 24 90]	[12 12 78]
[24 24 90]	[12 12 75]
[24 24 90]	[12 12 71]
[24 24 90]	[12 12 71]
[24 24 90]	[12 12 71]
[24 24 90]	[12  1 80]
[24 24 90]	[ 1  1 85]
[24 24 90]	[ 1  1 80]
[24 24 90]	[ 1 12 80]
[24 24 90]	[12 12 83]
[24 24 90]	[12 12 80]
[24 24 90]	[12  1 78]
[24 24 90]	[ 1  1 85]
[24 24 90]	[ 1  1 80]
[24 24 90]	[ 1 12 80]
[24 24 90]	[12 12 83]
[24 24 90]	[12 12 80]
[24 24 90]	[12 12 83]
[24 24 90]	[12 12 82]
[24 24 90]	[12 12 80]
[24 24 90]	[12 12 78]
[24 24 90]	[12 12 75]
[24 24 90]	[12  1 78]
[24 24 90]	[ 1  1 80]
[24 24 90]	[ 1  1 80]
[24 24 90]	[ 1  1 73]
[24 24 90]	[ 1 12 80]
[24 24 90]	[12 12 80]
[24 24 90]	[12 12 78]
[24 24 90]	[12 12 75]
[24 24 90]	[12 12 78]
[24 24 90]	[12 12 75]
[24 24 90]	[12  1 78]
[24 24 90]	[ 1  1 80]
[24 24 90]	[ 1  1 78]
[24 24 90]	[ 1  1 80]
[24 24 90]	[ 1  1 73]
[24 24 90]	[ 1 12 80]
[24 24 90]	[12 12 80]
[24 24 90]	[12 12 78]
[24 24 90]	[12 12 75]
[24 24 90]	[12 12 78]
[24 24 90]	[12 12 75]
[24 24 90]	[12 12 71]
[24 24 90]	[12 12 71]
[24 24 90]	[12 12 71]
[24 24 90]	[12  1 75]
[24 24 90]	[ 1  1 73]
[24 24 90]	[ 1 12 80]
[24 24 90]	[12 12 80]
[24 24 90]	[12 12 78]
[24 24 90]	[12 12 87]
[24 24 90]	[12 12 78]
[24 24 90]	[12 12 87]
[24 24 90]	[12  1 78]
[24 24 90]	[ 1  1 80]
[24 24 90]	[ 1  1 78]
[24 24 90]	[ 1 12 80]
[24 24 90]	[12 12 83]
[24 24 90]	[12 12 82]
[24 24 90]	[12 12 80]
[24 24 90]	[12 12 78]
[24 24 90]	[12 12 75]
[24 24 90]	[12  1 78]
[24 24 90]	[ 1  1 80]
[24 24 90]	[ 1  1 80]
[24 24 90]	[ 1  1 80]
[24 24 90]	[ 1  1 85]
[24 24 90]	[ 1 12 85]
[24 24 90]	[12 12 83]
[24 24 90]	[12 12 80]
[24 24 90]	[12  1 78]
[24 24 90]	[ 1  1 80]
[24 24 90]	[ 1  1 85]
[24 24 90]	[ 1 12 85]
[24 24 90]	[12 12 83]
[24 24 90]	[12  1 78]
[24 24 90]	[ 1  1 80]
[24 24 90]	[ 1  1 85]
[24 24 90]	[ 1 12 85]
[24 24 90]	[12 12 83]
[24 24 90]	[12 12 80]
[24 24 90]	[12 12 78]
[24 24 90]	[12 12 78]
[24 24 90]	[12 12 75]
[24 24 90]	[12 12 71]
[24 24 90]	[12 12 71]
[24 24 90]	[12 12 71]
[24 24 90]	[12  1 80]
[24 24 90]	[ 1  1 80]
[24 24 90]	[ 1  1 85]
[24 24 90]	[ 1 12 85]
[24 24 90]	[12 12 83]
[24 24 90]	[12 12 80]
[24 24 90]	[12  1 78]
[24 24 90]	[ 1  1 80]
[24 24 90]	[ 1  1 85]
[24 24 90]	[ 1 12 85]
[24 24 90]	[12 12 83]
[24 24 90]	[12 12 80]
[24 24 90]	[12 12 83]
[24 24 90]	[12 12 82]
[24 24 90]	[12 12 80]
[24 24 90]	[12 12 78]
[-1 -1 -1]	[12 12 75]
[24 24 90]	[12  1 78]
[24 24 90]	[ 1 -1 80]
[24 24 90]	[-1  1 68]
[24 24 90]	[ 1  1 73]
[24 24 90]	[ 1  8 73]
[24 24 90]	[ 8  8 72]
[24 24 90]	[ 8  8 73]
[24 24 90]	[ 8  1 75]
[24 24 90]	[ 1  1 73]
[24 24 90]	[ 1  1 73]
[24 24 90]	[ 1  1 73]
[24 24 90]	[ 1  1 68]
[24 24 90]	[ 1  1 77]
[24 24 90]	[ 1  8 77]
[24 24 90]	[ 8  8 75]
[24 24 90]	[ 8  8 77]
[24 24 90]	[ 8  1 78]
[24 24 90]	[ 1  1 77]
[24 24 90]	[ 1  1 77]
[24 24 90]	[ 1  6 77]
[24 24 90]	[ 6  6 78]
[24 24 90]	[ 6  8 78]
[24 24 90]	[ 8  8 75]
[24 24 90]	[ 8  1 78]
[24 24 90]	[ 1  1 77]
[24 24 90]	[ 1  1 77]
[24 24 90]	[ 1  1 73]
[24 24 90]	[ 1 15 77]
[24 24 90]	[15 15 75]
[24 24 90]	[15 15 77]
[24 24 90]	[15  3 75]
[24 24 90]	[ 3  3 73]
[24 24 90]	[ 3  3 72]
[24 24 90]	[ 3  8 70]
[24 24 90]	[ 8  8 68]
[24 24 90]	[ 8  1 80]
[24 24 90]	[ 1  1 73]
[24 24 90]	[ 1  8 73]
[24 24 90]	[ 8  8 72]
[24 24 90]	[ 8  8 73]
[24 24 90]	[ 8  1 75]
[24 24 90]	[ 1  1 73]
[24 24 90]	[ 1  1 73]
[24 24 90]	[ 1  1 73]
[24 24 90]	[ 1  1 68]
[24 24 90]	[ 1  1 77]
[24 24 90]	[ 1  8 77]
[24 24 90]	[ 8  8 75]
[24 24 90]	[ 8  8 77]
[24 24 90]	[ 8  1 78]
[24 24 90]	[ 1  1 77]
[24 24 90]	[ 1 22 77]
[24 24 90]	[22  6 77]
[24 24 90]	[ 6  6 78]
[24 24 90]	[ 6  8 75]
[24 24 90]	[ 8  8 72]
[24 24 90]	[ 8  1 82]
[24 24 90]	[ 1  1 80]
[24 24 90]	[ 1  5 78]
[24 24 90]	[ 5  5 77]
[24 24 90]	[ 5  6 80]
[24 24 90]	[ 6  6 80]
[24 24 90]	[ 6  6 82]
[24 24 90]	[ 6  8 80]
[24 24 90]	[ 8  8 78]
[24 24 90]	[ 8  8 77]
[24 24 90]	[ 8  8 75]
[24 24 90]	[ 8  8 73]
[24 24 90]	[8 8 0]
[24 24 90]	[8 8 0]
[24 24 90]	[ 8  8 75]
[24 24 90]	[ 8  8 75]
[24 24 90]	[ 8  3 77]
[24 24 90]	[ 3  3 77]
[24 24 90]	[ 3  8 75]
[24 24 90]	[ 8  8 75]
[24 24 90]	[ 8  8 84]
[24 24 90]	[ 8  3 80]
[24 24 90]	[ 3  3 75]
[24 24 90]	[ 3  8 75]
[24 24 90]	[ 8  8 75]
[24 24 90]	[ 8  3 84]
[24 24 90]	[ 3  3 84]
[24 24 90]	[ 3  3 82]
[24 24 90]	[ 3  3 84]
[24 24 90]	[ 3  3 85]
[24 24 90]	[ 3  3 85]
[24 24 90]	[ 3  3 85]
[24 24 90]	[ 3  3 75]
[24 24 90]	[ 3  3 75]
[24 24 90]	[ 3  3 78]
[24 24 90]	[ 3  3 78]
[24 24 90]	[ 3  3 77]
[24 24 90]	[ 3  3 77]
[24 24 90]	[ 3  3 75]
[24 24 90]	[ 3  3 75]
[24 24 90]	[ 3  3 75]
[24 24 90]	[ 3  3 80]
[24 24 90]	[ 3  3 82]
[24 24 90]	[ 3  3 80]
[24 24 90]	[ 3  3 78]
[24 24 90]	[ 3  8 77]
[24 24 90]	[ 8  8 77]
[24 24 90]	[ 8  8 76]
[24 24 90]	[ 8  8 75]
[24 24 90]	[ 8  8 75]
[24 24 90]	[ 8  8 75]
[24 24 90]	[ 8  8 77]
[24 24 90]	[ 8  8 77]
[24 24 90]	[ 8  8 75]
[24 24 90]	[ 8  8 75]
[24 24 90]	[ 8  8 84]
[24 24 90]	[ 8  8 80]
[24 24 90]	[ 8  8 75]
[24 24 90]	[ 8  8 75]
[24 24 90]	[ 8  8 87]
[24 24 90]	[ 8  8 80]
[24 24 90]	[ 8  8 80]
[24 24 90]	[ 8  1 78]
[24 24 90]	[ 1  1 77]
[24 24 90]	[ 1  1 77]
[24 24 90]	[ 1  1 77]
[24 24 90]	[ 1  1 77]
[24 24 90]	[ 1  1 77]
[24 24 90]	[ 1  1 85]
[24 24 90]	[ 1  1 85]
[24 24 90]	[ 1  8 77]
[24 24 90]	[ 8  8 75]
[24 24 90]	[ 8  8 84]
[24 24 90]	[ 8  8 84]
[24 24 90]	[ 8  3 80]
[24 24 90]	[ 3  3 78]
[24 24 90]	[ 3  3 75]
[24 24 90]	[ 3  3 75]
[24 24 90]	[ 3  3 77]
[24 24 90]	[ 3  3 78]
[24 24 90]	[ 3  3 80]
[24 24 90]	[3 3 0]
[24 24 90]	[3 3 0]
[24 24 90]	[ 3  1 68]
[24 24 90]	[ 1  1 73]
[24 24 90]	[ 1  8 73]
[24 24 90]	[ 8  8 72]
[24 24 90]	[ 8  8 73]
[24 24 90]	[ 8  1 75]
[24 24 90]	[ 1  1 73]
[24 24 90]	[ 1  1 73]
[24 24 90]	[ 1  1 73]
[24 24 90]	[ 1  1 68]
[24 24 90]	[ 1  1 77]
[24 24 90]	[ 1  8 77]
[24 24 90]	[ 8  8 75]
[24 24 90]	[ 8  8 77]
[24 24 90]	[ 8  1 78]
[24 24 90]	[ 1  1 77]
[24 24 90]	[ 1 22 77]
[24 24 90]	[22  6 77]
[24 24 90]	[ 6  6 78]
[24 24 90]	[ 6  8 75]
[24 24 90]	[ 8  8 72]
[24 24 90]	[ 8  1 82]
[24 24 90]	[ 1  1 80]
[24 24 90]	[ 1  5 78]
[24 24 90]	[ 5  5 77]
[24 24 90]	[ 5  6 80]
[24 24 90]	[ 6  6 80]
[24 24 90]	[ 6  6 82]
[24 24 90]	[ 6  8 80]
[24 24 90]	[ 8  8 78]
[24 24 90]	[ 8  8 77]
[24 24 90]	[ 8  8 75]
[24 24 90]	[ 8  8 73]
[24 24 90]	[8 8 0]
[24 24 90]	[8 8 0]
[24 24 90]	[ 8  6 71]
[24 24 90]	[ 6  6 70]
[24 24 90]	[ 6  6 65]
[24 24 90]	[ 6  6 66]
[24 24 90]	[ 6  6 70]
[24 24 90]	[ 6  6 75]
[24 24 90]	[ 6  6 73]
[24 24 90]	[ 6  6 73]
[24 24 90]	[ 6  6 72]
[24 24 90]	[ 6  6 73]
[24 24 90]	[ 6  6 73]
[24 24 90]	[ 6  6 70]
[24 24 90]	[ 6  6 65]
[24 24 90]	[ 6  6 66]
[24 24 90]	[ 6  6 70]
[24 24 90]	[ 6  6 75]
[24 24 90]	[ 6  6 73]
[24 24 90]	[ 6  6 73]
[24 24 90]	[ 6  6 73]
[24 24 90]	[ 6  6 65]
[24 24 90]	[ 6  6 65]
[24 24 90]	[ 6 20 66]
[24 24 90]	[20  3 68]
[24 24 90]	[ 3 20 67]
[24 24 90]	[20 20 68]
[24 24 90]	[20 20 63]
[24 24 90]	[20 20 72]
[24 24 90]	[20 20 70]
[24 24 90]	[20 20 68]
[24 24 90]	[20  3 68]
[24 24 90]	[ 3  3 67]
[24 24 90]	[ 3  3 68]
[24 24 90]	[ 3 20 70]
[24 24 90]	[20 20 68]
[24 24 90]	[20  1 68]
[24 24 90]	[ 1  1 68]
[24 24 90]	[ 1  1 69]
[24 24 90]	[ 1  1 70]
[24 24 90]	[ 1  8 72]
[24 24 90]	[ 8  8 72]
[24 24 90]	[ 8  8 78]
[24 24 90]	[ 8  8 77]
[24 24 90]	[ 8  1 75]
[24 24 90]	[ 1  1 73]
[24 24 90]	[ 1  8 73]
[24 24 90]	[ 8  8 75]
[24 24 90]	[ 8  8 73]
[24 24 90]	[ 8  1 72]
[24 24 90]	[ 1  1 73]
[24 24 90]	[ 1  1 73]
