Accuracy: 0.03542209284510495

n_chords: 2
n_melody: 2
t_prior: 0.0
e_prior: 0.0
dataset: JSB Chorales
keys: All
filter_train_set: True
filter_val_set: True

~ First 3000 predicted states ~
Predicted	True
[24 24 97 96]	[-1 -1 -1 -1]
[24 24 97 96]	[-1  1 -1 -1]
[24 24 97 96]	[ 1 13 -1 68]
[24 24 97 96]	[13 13 68 66]
[24 24 97 96]	[13  6 66 65]
[24 24 97 96]	[ 6  8 65 70]
[24 24 97 96]	[ 8 22 70 72]
[24 24 97 96]	[22  1 72 73]
[24 24 97 96]	[ 1  8 73 73]
[24 24 97 96]	[ 8 15 73 72]
[24 24 97 96]	[15 15 72 70]
[24 24 97 96]	[15  1 70 72]
[24 24 97 96]	[ 1  8 72 73]
[24 24 97 96]	[ 8  8 73 68]
[24 24 97 96]	[ 8  1 68 66]
[24 24 97 96]	[ 1  6 66 65]
[24 24 97 96]	[ 6  1 65 66]
[24 24 97 96]	[ 1 20 66 65]
[24 24 97 96]	[20  1 65 63]
[24 24 97 96]	[ 1  1 63 61]
[24 24 97 96]	[ 1 13 61 68]
[24 24 97 96]	[13 13 68 66]
[24 24 97 96]	[13  6 66 65]
[24 24 97 96]	[ 6  8 65 70]
[24 24 97 96]	[ 8 22 70 72]
[24 24 97 96]	[22  1 72 73]
[24 24 97 96]	[ 1  8 73 73]
[24 24 97 96]	[ 8 15 73 72]
[24 24 97 96]	[15 15 72 70]
[24 24 97 96]	[15  1 70 72]
[24 24 97 96]	[ 1  8 72 73]
[24 24 97 96]	[ 8  8 73 68]
[24 24 97 96]	[ 8  1 68 66]
[24 24 97 96]	[ 1  6 66 65]
[24 24 97 96]	[ 6  1 65 66]
[24 24 97 96]	[ 1 20 66 65]
[24 24 97 96]	[20  1 65 63]
[24 24 97 96]	[ 1 10 63 61]
[24 24 97 96]	[10  3 61 65]
[24 24 97 96]	[ 3  5 65 67]
[24 24 97 96]	[ 5  6 67 69]
[24 24 97 96]	[ 6  6 69 70]
[24 24 97 96]	[ 6 22 70 72]
[24 24 97 96]	[22  5 72 73]
[24 24 97 96]	[ 5 22 73 72]
[24 24 97 96]	[22 24 72 70]
[24 24 97 96]	[24  1 70 72]
[24 24 97 96]	[ 1 13 72 73]
[24 24 97 96]	[13  1 73 75]
[24 24 97 96]	[ 1 15 75 77]
[-1 -1 -1 -1]	[15  8 77 75]
[24 24 97 96]	[ 8  1 75 75]
[24 24 97 96]	[ 1  1 75 73]
[24 24 97 96]	[ 1  6 73 85]
[24 24 97 96]	[ 6  1 85 85]
[24 24 97 96]	[ 1  8 85 85]
[24 24 97 96]	[ 8 22 85 87]
[24 24 97 96]	[22  6 87 85]
[24 24 97 96]	[ 6  1 85 90]
[24 24 97 96]	[ 1  6 90 92]
[24 24 97 96]	[ 6 22 92 90]
[24 24 97 96]	[22 22 90 89]
[24 24 97 96]	[22 17 89 90]
[24 24 97 96]	[17  6 90 92]
[24 24 97 96]	[ 6  8 92 94]
[24 24 97 96]	[ 8  8 94 92]
[24 24 97 96]	[ 8  1 92 90]
[24 24 97 96]	[ 1  8 90 89]
[24 24 97 96]	[ 8  1 89 87]
[24 24 97 96]	[ 1  1 87 85]
[24 24 97 96]	[ 1 24 85 85]
[24 24 97 96]	[24  1 85 90]
[24 24 97 96]	[ 1  1 90 89]
[24 24 97 96]	[ 1  1 89 90]
[24 24 97 96]	[ 1  8 90 92]
[24 24 97 96]	[ 8  1 92 87]
[24 24 97 96]	[ 1  1 87 85]
[24 24 97 96]	[ 1  3 85 84]
[24 24 97 96]	[ 3  8 84 82]
[24 24 97 96]	[ 8  8 82 80]
[24 24 97 96]	[ 8  8 80 80]
[24 24 97 96]	[ 8  3 80 87]
[24 24 97 96]	[ 3  8 87 87]
[24 24 97 96]	[ 8  1 87 87]
[24 24 97 96]	[ 1 15 87 89]
[24 24 97 96]	[15 15 89 90]
[24 24 97 96]	[15 15 90 89]
[24 24 97 96]	[15 22 89 87]
[24 24 97 96]	[22 22 87 85]
[24 24 97 96]	[22  1 85 87]
[24 24 97 96]	[ 1  8 87 89]
[24 24 97 96]	[ 8  1 89 87]
[24 24 97 96]	[ 1  1 87 85]
[-1 -1 -1 -1]	[ 1  6 85 85]
[24 24 97 96]	[ 6  1 85 85]
[24 24 97 96]	[ 1  1 85 85]
[24 24 97 96]	[ 1  6 85 77]
[24 24 97 96]	[ 6 24 77 73]
[24 24 97 96]	[24  1 73 75]
[24 24 97 96]	[ 1  8 75 77]
[24 24 97 96]	[ 8  6 77 80]
[24 24 97 96]	[ 6  8 80 78]
[24 24 97 96]	[ 8  1 78 78]
[24 24 97 96]	[ 1  1 78 77]
[24 24 97 96]	[ 1  6 77 80]
[24 24 97 96]	[ 6  1 80 78]
[24 24 97 96]	[ 1 15 78 77]
[24 24 97 96]	[15  8 77 75]
[24 24 97 96]	[ 8  1 75 75]
[24 24 97 96]	[ 1  8 75 77]
[24 24 97 96]	[ 8  8 77 75]
[24 24 97 96]	[ 8  8 75 75]
[24 24 97 96]	[ 8  1 75 75]
[24 24 97 96]	[ 1  8 75 77]
[24 24 97 96]	[ 8 22 77 75]
[24 24 97 96]	[22 24 75 73]
[24 24 97 96]	[24  5 73 75]
[24 24 97 96]	[ 5  5 75 72]
[24 24 97 96]	[ 5 22 72 72]
[24 24 97 96]	[22  8 72 73]
[24 24 97 96]	[ 8  1 73 75]
[24 24 97 96]	[ 1  8 75 77]
[24 24 97 96]	[ 8  8 77 75]
[24 24 97 96]	[ 8  6 75 77]
[24 24 97 96]	[ 6  1 77 78]
[-1 -1 -1 -1]	[ 1  8 78 77]
[24 24 97 96]	[ 8  1 77 75]
[24 24 97 96]	[ 1 22 75 73]
[24 24 97 96]	[22 22 73 70]
[24 24 97 96]	[22 22 70 70]
[24 24 97 96]	[22 22 70 72]
[24 24 97 96]	[22 24 72 73]
[24 24 97 96]	[24  6 73 72]
[24 24 97 96]	[ 6 19 72 70]
[24 24 97 96]	[19 19 70 69]
[24 24 97 96]	[19 22 69 70]
[24 24 97 96]	[22 22 70 70]
[24 24 97 96]	[22 22 70 68]
[24 24 97 96]	[22  5 68 70]
[24 24 97 96]	[ 5  5 70 72]
[24 24 97 96]	[ 5  5 72 72]
[24 24 97 96]	[ 5 22 72 73]
[24 24 97 96]	[22 22 73 73]
[24 24 97 96]	[22 22 73 72]
[24 24 97 96]	[22  3 72 73]
[24 24 97 96]	[ 3  5 73 75]
[24 24 97 96]	[ 5 22 75 77]
[24 24 97 96]	[22 24 77 73]
[24 24 97 96]	[24 22 73 72]
[24 24 97 96]	[22 17 72 70]
[24 24 97 96]	[17 17 70 72]
[24 24 97 96]	[17  1 72 72]
[24 24 97 96]	[ 1 24 72 73]
[24 24 97 96]	[24 19 73 75]
[24 24 97 96]	[19  8 75 73]
[24 24 97 96]	[ 8 22 73 72]
[24 24 97 96]	[22  8 72 70]
[24 24 97 96]	[ 8  8 70 68]
[24 24 97 96]	[ 8 10 68 75]
[24 24 97 96]	[10 14 75 77]
[24 24 97 96]	[14 17 77 79]
[24 24 97 96]	[17 19 79 80]
[24 24 97 96]	[19  1 80 79]
[24 24 97 96]	[ 1 12 79 77]
[24 24 97 96]	[12  5 77 76]
[24 24 97 96]	[ 5  1 76 77]
[24 24 97 96]	[ 1  1 77 77]
[24 24 97 96]	[ 1  8 77 77]
[24 24 97 96]	[ 8  8 77 75]
[24 24 97 96]	[ 8  8 75 73]
[24 24 97 96]	[ 8  8 73 72]
[24 24 97 96]	[ 8  8 72 73]
[24 24 97 96]	[ 8 17 73 75]
[24 24 97 96]	[17  5 75 77]
[24 24 97 96]	[ 5 22 77 75]
[24 24 97 96]	[22  5 75 73]
[24 24 97 96]	[ 5 22 73 72]
[24 24 97 96]	[22 22 72 77]
[24 24 97 96]	[22 24 77 77]
[24 24 97 96]	[24 24 77 75]
[24 24 97 96]	[24 19 75 77]
[24 24 97 96]	[19 22 77 78]
[24 24 97 96]	[22 19 78 77]
[24 24 97 96]	[19 15 77 75]
[24 24 97 96]	[15  5 75 73]
[24 24 97 96]	[ 5  5 73 72]
[24 24 97 96]	[ 5  5 72 72]
[24 24 97 96]	[ 5 22 72 73]
[24 24 97 96]	[22 22 73 73]
[24 24 97 96]	[22 22 73 72]
[24 24 97 96]	[22 24 72 73]
[24 24 97 96]	[24 17 73 75]
[-1 -1 -1 -1]	[17 22 75 77]
[24 24 97 96]	[22  5 77 73]
[24 24 97 96]	[ 5  1 73 72]
[24 24 97 96]	[ 1  1 72 80]
[24 24 97 96]	[ 1  8 80 77]
[24 24 97 96]	[ 8  1 77 75]
[24 24 97 96]	[ 1  8 75 73]
[24 24 97 96]	[ 8 15 73 80]
[24 24 97 96]	[15  8 80 82]
[24 24 97 96]	[ 8 22 82 80]
[24 24 97 96]	[22 15 80 85]
[24 24 97 96]	[15  8 85 85]
[24 24 97 96]	[ 8 17 85 84]
[24 24 97 96]	[17 22 84 84]
[24 24 97 96]	[22 22 84 82]
[24 24 97 96]	[22  8 82 80]
[24 24 97 96]	[ 8  1 80 80]
[24 24 97 96]	[ 1  6 80 80]
[24 24 97 96]	[ 6  8 80 82]
[24 24 97 96]	[ 8  6 82 80]
[24 24 97 96]	[ 6  1 80 78]
[24 24 97 96]	[ 1  1 78 77]
[24 24 97 96]	[ 1  8 77  0]
[24 24 97 96]	[ 8  1  0 75]
[24 24 97 96]	[ 1  1 75 77]
[24 24 97 96]	[ 1 17 77 79]
[24 24 97 96]	[17 22 79 80]
[24 24 97 96]	[22  3 80 80]
[24 24 97 96]	[ 3  8 80 79]
[24 24 97 96]	[ 8  1 79 80]
[24 24 97 96]	[ 1 22 80 80]
[24 24 97 96]	[22 15 80 82]
[24 24 97 96]	[15  8 82 78]
[24 24 97 96]	[ 8  1 78 78]
[24 24 97 96]	[ 1  6 78 77]
[24 24 97 96]	[ 6  1 77 78]
[24 24 97 96]	[ 1  8 78 77]
[24 24 97 96]	[ 8  1 77 75]
[24 24 97 96]	[ 1  1 75 73]
[24 24 97 96]	[ 1  1 73  0]
[24 24 97 96]	[ 1 20  0 77]
[24 24 97 96]	[20 22 77 75]
[24 24 97 96]	[22  8 75 73]
[24 24 97 96]	[ 8 22 73 80]
[24 24 97 96]	[22  3 80 80]
[24 24 97 96]	[ 3 17 80 79]
[24 24 97 96]	[17  1 79 80]
[24 24 97 96]	[ 1 15 80 85]
[24 24 97 96]	[15  8 85 85]
[24 24 97 96]	[ 8 18 85 84]
[24 24 97 96]	[18  8 84 82]
[24 24 97 96]	[ 8  1 82 80]
[24 24 97 96]	[ 1 22 80 80]
[24 24 97 96]	[22 22 80 82]
[24 24 97 96]	[22 15 82 80]
[24 24 97 96]	[15  8 80 78]
[24 24 97 96]	[ 8  1 78 78]
[24 24 97 96]	[ 1  6 78 77]
[24 24 97 96]	[ 6  6 77 78]
[-1 -1 -1 -1]	[ 6 15 78 77]
[24 24 97 96]	[15  1 77 75]
[24 24 97 96]	[ 1  1 75 73]
[24 24 97 96]	[ 1  8 73 73]
[24 24 97 96]	[ 8  8 73 80]
[24 24 97 96]	[ 8  1 80 80]
[24 24 97 96]	[ 1  1 80 80]
[24 24 97 96]	[ 1  6 80 80]
[24 24 97 96]	[ 6  8 80 82]
[24 24 97 96]	[ 8  8 82 80]
[24 24 97 96]	[ 8  1 80 78]
[24 24 97 96]	[ 1  8 78 77]
[24 24 97 96]	[ 8  1 77 75]
[24 24 97 96]	[ 1  1 75 77]
[24 24 97 96]	[ 1  8 77 79]
[24 24 97 96]	[ 8 15 79 80]
[24 24 97 96]	[15 15 80 80]
[24 24 97 96]	[15 24 80 82]
[24 24 97 96]	[24  8 82 78]
[24 24 97 96]	[ 8  8 78 80]
[24 24 97 96]	[ 8  1 80 80]
[24 24 97 96]	[ 1  8 80 80]
[24 24 97 96]	[ 8  8 80 80]
[24 24 97 96]	[ 8  8 80 80]
[24 24 97 96]	[ 8  1 80 78]
[24 24 97 96]	[ 1  1 78 77]
[24 24 97 96]	[ 1  1 77 78]
[24 24 97 96]	[ 1  6 78 80]
[24 24 97 96]	[ 6  6 80 78]
[24 24 97 96]	[ 6  8 78 77]
[24 24 97 96]	[ 8 17 77 75]
[24 24 97 96]	[17  6 75 80]
[24 24 97 96]	[ 6  1 80 78]
[24 24 97 96]	[ 1 15 78 77]
[24 24 97 96]	[15 24 77 75]
[24 24 97 96]	[24 24 75 75]
[24 24 97 96]	[24 22 75 77]
[24 24 97 96]	[22 22 77 73]
[24 24 97 96]	[22 22 73 75]
[24 24 97 96]	[22 22 75 77]
[24 24 97 96]	[22 17 77 78]
[24 24 97 96]	[17 10 78 80]
[24 24 97 96]	[10 15 80 80]
[24 24 97 96]	[15 22 80 78]
[24 24 97 96]	[22 15 78 77]
[-1 -1 -1 -1]	[15  8 77 75]
[24 24 97 96]	[ 8  1 75 75]
[24 24 97 96]	[ 1 15 75 73]
[24 24 97 96]	[15 15 73 75]
[24 24 97 96]	[15 15 75 70]
[24 24 97 96]	[15 17 70 75]
[24 24 97 96]	[17 10 75 75]
[24 24 97 96]	[10 10 75 77]
[24 24 97 96]	[10 10 77  0]
[24 24 97 96]	[10 15  0 77]
[24 24 97 96]	[15 15 77 78]
[24 24 97 96]	[15 22 78 80]
[24 24 97 96]	[22  5 80 82]
[24 24 97 96]	[ 5 10 82 81]
[24 24 97 96]	[10 15 81 82]
[24 24 97 96]	[15 23 82 78]
[24 24 97 96]	[23 20 78 78]
[24 24 97 96]	[20  1 78 80]
[24 24 97 96]	[ 1  6 80 80]
[24 24 97 96]	[ 6 11 80 82]
[24 24 97 96]	[11 11 82 78]
[24 24 97 96]	[11  6 78  0]
[24 24 97 96]	[ 6  1  0 82]
[24 24 97 96]	[ 1  1 82 80]
[24 24 97 96]	[ 1  1 80 80]
[24 24 97 96]	[ 1  1 80 80]
[24 24 97 96]	[ 1 10 80 77]
[24 24 97 96]	[10  8 77 82]
[24 24 97 96]	[ 8 15 82 80]
[24 24 97 96]	[15 22 80 78]
[24 24 97 96]	[22 11 78 77]
[24 24 97 96]	[11 10 77 75]
[24 24 97 96]	[10 15 75 77]
[24 24 97 96]	[15  1 77 78]
[24 24 97 96]	[ 1 15 78 77]
[24 24 97 96]	[15 10 77 75]
[24 24 97 96]	[10 15 75 74]
[24 24 97 96]	[15 10 74 75]
[24 24 97 96]	[10 10 75 77]
[24 24 97 96]	[10 10 77  0]
[24 24 97 96]	[10 15  0 82]
[24 24 97 96]	[15 11 82 78]
[24 24 97 96]	[11  6 78 78]
[24 24 97 96]	[ 6  6 78 78]
[24 24 97 96]	[ 6  8 78 82]
[24 24 97 96]	[ 8 15 82 80]
[24 24 97 96]	[15 17 80 78]
[24 24 97 96]	[17 11 78 77]
[24 24 97 96]	[11 10 77 75]
[24 24 97 96]	[10 15 75 77]
[24 24 97 96]	[15 15 77 75]
[24 24 97 96]	[15 15 75  0]
[24 24 97 96]	[15 15  0 75]
[24 24 97 96]	[15 15 75 70]
[24 24 97 96]	[15 11 70 75]
[24 24 97 96]	[11 10 75 75]
[24 24 97 96]	[10 10 75 77]
[24 24 97 96]	[10 10 77  0]
[24 24 97 96]	[10 15  0 77]
[24 24 97 96]	[15 15 77 78]
[24 24 97 96]	[15 22 78 80]
[24 24 97 96]	[22  5 80 82]
[24 24 97 96]	[ 5 10 82 81]
[24 24 97 96]	[10 10 81 82]
[-1 -1 -1 -1]	[10 10 82 82]
[24 24 97 96]	[10 10 82  0]
[24 24 97 96]	[10  1  0  0]
[24 24 97 96]	[ 1  8  0 85]
[24 24 97 96]	[ 8  1 85 87]
[24 24 97 96]	[ 1  3 87 89]
[24 24 97 96]	[ 3  1 89 87]
[24 24 97 96]	[ 1  8 87 85]
[24 24 97 96]	[ 8 22 85 84]
[24 24 97 96]	[22  8 84 82]
[24 24 97 96]	[ 8 22 82 80]
[24 24 97 96]	[22 24 80 85]
[24 24 97 96]	[24 22 85 87]
[24 24 97 96]	[22 15 87 89]
[24 24 97 96]	[15 17 89 90]
[24 24 97 96]	[17 20 90 89]
[24 24 97 96]	[20  1 89 87]
[24 24 97 96]	[ 1  1 87 85]
[24 24 97 96]	[ 1 15 85 89]
[24 24 97 96]	[15 17 89 90]
[24 24 97 96]	[17 15 90 92]
[24 24 97 96]	[15 10 92 90]
[24 24 97 96]	[10 11 90 89]
[24 24 97 96]	[11 10 89 87]
[24 24 97 96]	[10  1 87 89]
[24 24 97 96]	[ 1  1 89 92]
[24 24 97 96]	[ 1  6 92 92]
[24 24 97 96]	[ 6  8 92 94]
[24 24 97 96]	[ 8  6 94 92]
[24 24 97 96]	[ 6  1 92 90]
[24 24 97 96]	[ 1  8 90 89]
[24 24 97 96]	[ 8  1 89 87]
[24 24 97 96]	[ 1  1 87 89]
[24 24 97 96]	[ 1 13 89 90]
[24 24 97 96]	[13  6 90 92]
[24 24 97 96]	[ 6  5 92 90]
[24 24 97 96]	[ 5  5 90 89]
[24 24 97 96]	[ 5 22 89 87]
[24 24 97 96]	[22 15 87 85]
[24 24 97 96]	[15 22 85 87]
[24 24 97 96]	[22 22 87 89]
[24 24 97 96]	[22 10 89 85]
[24 24 97 96]	[10 10 85 89]
[24 24 97 96]	[10  8 89 90]
[24 24 97 96]	[ 8 15 90 92]
[24 24 97 96]	[15  1 92 90]
[24 24 97 96]	[ 1  8 90 89]
[24 24 97 96]	[ 8  1 89 87]
[24 24 97 96]	[ 1  1 87 89]
[-1 -1 -1 -1]	[ 1 20 89 90]
[24 24 97 96]	[20  1 90 87]
[24 24 97 96]	[ 1  5 87 85]
[24 24 97 96]	[ 5 22 85 89]
[24 24 97 96]	[22  3 89 89]
[24 24 97 96]	[ 3  3 89 87]
[24 24 97 96]	[ 3  8 87 85]
[24 24 97 96]	[ 8  1 85 84]
[24 24 97 96]	[ 1  8 84 89]
[24 24 97 96]	[ 8  8 89 87]
[24 24 97 96]	[ 8 21 87 85]
[24 24 97 96]	[21 22 85 84]
[24 24 97 96]	[22 10 84 85]
[24 24 97 96]	[10  6 85 89]
[24 24 97 96]	[ 6  3 89 89]
[24 24 97 96]	[ 3  3 89 87]
[24 24 97 96]	[ 3  8 87 85]
[24 24 97 96]	[ 8 14 85 84]
[24 24 97 96]	[14 15 84 89]
[24 24 97 96]	[15 15 89 87]
[24 24 97 96]	[15 21 87 85]
[24 24 97 96]	[21 22 85 84]
[24 24 97 96]	[22 22 84 85]
[24 24 97 96]	[22  3 85 89]
[24 24 97 96]	[ 3  5 89 91]
[24 24 97 96]	[ 5 10 91 93]
[24 24 97 96]	[10 22 93 94]
[24 24 97 96]	[22 22 94 89]
[24 24 97 96]	[22 17 89 90]
[24 24 97 96]	[17 12 90 92]
[24 24 97 96]	[12 17 92 91]
[24 24 97 96]	[17 24 91 89]
[24 24 97 96]	[24 17 89 90]
[24 24 97 96]	[17 24 90 92]
[24 24 97 96]	[24  1 92 91]
[24 24 97 96]	[ 1 22 91 89]
[24 24 97 96]	[22 15 89 89]
[24 24 97 96]	[15 15 89 87]
[24 24 97 96]	[15  8 87 85]
[24 24 97 96]	[ 8  1 85 84]
[24 24 97 96]	[ 1  3 84 85]
[24 24 97 96]	[ 3  8 85 87]
[24 24 97 96]	[ 8  1 87 87]
[24 24 97 96]	[ 1  3 87 89]
[24 24 97 96]	[ 3  3 89 87]
[24 24 97 96]	[ 3  5 87 85]
[24 24 97 96]	[ 5 22 85 84]
[24 24 97 96]	[22 22 84 85]
[24 24 97 96]	[22 17 85 85]
[24 24 97 96]	[17 24 85 84]
[24 24 97 96]	[24 17 84 91]
[24 24 97 96]	[17 14 91 92]
[24 24 97 96]	[14 17 92 91]
[24 24 97 96]	[17 17 91 89]
[24 24 97 96]	[17 14 89 84]
[-1 -1 -1 -1]	[14  7 84 89]
[24 24 97 96]	[ 7 12 89 89]
[24 24 97 96]	[12  1 89 88]
[24 24 97 96]	[ 1 22 88 85]
[24 24 97 96]	[22 17 85 85]
[24 24 97 96]	[17  6 85 84]
[24 24 97 96]	[ 6  8 84 82]
[24 24 97 96]	[ 8  1 82 80]
[24 24 97 96]	[ 1  8 80 85]
[24 24 97 96]	[ 8  1 85 87]
[24 24 97 96]	[ 1 22 87 89]
[24 24 97 96]	[22  5 89 89]
[24 24 97 96]	[ 5  5 89 89]
[24 24 97 96]	[ 5  5 89 87]
[24 24 97 96]	[ 5 22 87 89]
[24 24 97 96]	[22  8 89 89]
[24 24 97 96]	[ 8  1 89 87]
[24 24 97 96]	[ 1  8 87 85]
[24 24 97 96]	[ 8  1 85 87]
[24 24 97 96]	[ 1  1 87 85]
[24 24 97 96]	[ 1  6 85 85]
[24 24 97 96]	[ 6 24 85 85]
[24 24 97 96]	[24  1 85 87]
[24 24 97 96]	[ 1 21 87 89]
[24 24 97 96]	[21  5 89 87]
[24 24 97 96]	[ 5 22 87 89]
[24 24 97 96]	[22  5 89 85]
[24 24 97 96]	[ 5 22 85 84]
[24 24 97 96]	[22  3 84 82]
[24 24 97 96]	[ 3  8 82 87]
[24 24 97 96]	[ 8 13 87 87]
[24 24 97 96]	[13  8 87 85]
[24 24 97 96]	[ 8  1 85 84]
[24 24 97 96]	[ 1  3 84 85]
[24 24 97 96]	[ 3  8 85 82]
[24 24 97 96]	[ 8 17 82 80]
[24 24 97 96]	[17 22 80 80]
[24 24 97 96]	[22  6 80 85]
[24 24 97 96]	[ 6  8 85 85]
[24 24 97 96]	[ 8  8 85 87]
[24 24 97 96]	[ 8  1 87 87]
[24 24 97 96]	[ 1  1 87 89]
[24 24 97 96]	[ 1  1 89 87]
[24 24 97 96]	[ 1  6 87 89]
[24 24 97 96]	[ 6  1 89 85]
[24 24 97 96]	[ 1 15 85 85]
[24 24 97 96]	[15 11 85 90]
[24 24 97 96]	[11 17 90 90]
[24 24 97 96]	[17 11 90 89]
[24 24 97 96]	[11 10 89 87]
[24 24 97 96]	[10  3 87 89]
[24 24 97 96]	[ 3  8 89 87]
[24 24 97 96]	[ 8  1 87 87]
[24 24 97 96]	[ 1 22 87 89]
[24 24 97 96]	[22 15 89 89]
[24 24 97 96]	[15 11 89 90]
[24 24 97 96]	[11 17 90 90]
[24 24 97 96]	[17  6 90 92]
[24 24 97 96]	[ 6  1 92 85]
[24 24 97 96]	[ 1  3 85 89]
[24 24 97 96]	[ 3 19 89 87]
[24 24 97 96]	[19  8 87 85]
[24 24 97 96]	[ 8  1 85 84]
[24 24 97 96]	[ 1  3 84 85]
[24 24 97 96]	[ 3  8 85 82]
[24 24 97 96]	[ 8 17 82 80]
[24 24 97 96]	[17 22 80 80]
[24 24 97 96]	[22  8 80 85]
[24 24 97 96]	[ 8  3 85 84]
[24 24 97 96]	[ 3 17 84 82]
[24 24 97 96]	[17 15 82 80]
[24 24 97 96]	[15  6 80 87]
[24 24 97 96]	[ 6  8 87 89]
[24 24 97 96]	[ 8  5 89 87]
[24 24 97 96]	[ 5  6 87 89]
[24 24 97 96]	[ 6  1 89 90]
[24 24 97 96]	[ 1  8 90 89]
[24 24 97 96]	[ 8 22 89 87]
[24 24 97 96]	[22 22 87 85]
[24 24 97 96]	[22  6 85 84]
[24 24 97 96]	[ 6  6 84 85]
[24 24 97 96]	[ 6  1 85 87]
[-1 -1 -1 -1]	[ 1  8 87 89]
[24 24 97 96]	[ 8  1 89 87]
[24 24 97 96]	[ 1  1 87 85]
[24 24 97 96]	[ 1  6 85 89]
[24 24 97 96]	[ 6 17 89 90]
[24 24 97 96]	[17 22 90 92]
[24 24 97 96]	[22 15 92 92]
[24 24 97 96]	[15  1 92 90]
[24 24 97 96]	[ 1  8 90 89]
[24 24 97 96]	[ 8  8 89 87]
[24 24 97 96]	[ 8  1 87 87]
[24 24 97 96]	[ 1  6 87 89]
[24 24 97 96]	[ 6  8 89 90]
[24 24 97 96]	[ 8  8 90 92]
[24 24 97 96]	[ 8  1 92 90]
[24 24 97 96]	[ 1 15 90 89]
[24 24 97 96]	[15  8 89 87]
[24 24 97 96]	[ 8  1 87 87]
[24 24 97 96]	[ 1  8 87 85]
[24 24 97 96]	[ 8 14 85 87]
[24 24 97 96]	[14 15 87 89]
[24 24 97 96]	[15 15 89 90]
[24 24 97 96]	[15 22 90 90]
[24 24 97 96]	[22 10 90 89]
[24 24 97 96]	[10 15 89 89]
[24 24 97 96]	[15 15 89 87]
[24 24 97 96]	[15  1 87 90]
[24 24 97 96]	[ 1  6 90 92]
[24 24 97 96]	[ 6  6 92 94]
[24 24 97 96]	[ 6 20 94 94]
[24 24 97 96]	[20  1 94 92]
[24 24 97 96]	[ 1  6 92 92]
[24 24 97 96]	[ 6  1 92 90]
[24 24 97 96]	[ 1  6 90 89]
[24 24 97 96]	[ 6 20 89 90]
[24 24 97 96]	[20 14 90 92]
[24 24 97 96]	[14 15 92 92]
[24 24 97 96]	[15 17 92 90]
[24 24 97 96]	[17  8 90 89]
[24 24 97 96]	[ 8  8 89 87]
[24 24 97 96]	[ 8  1 87 87]
[24 24 97 96]	[ 1  6 87 89]
[24 24 97 96]	[ 6  8 89 90]
[24 24 97 96]	[ 8  8 90 92]
[24 24 97 96]	[ 8  1 92 90]
[24 24 97 96]	[ 1 15 90 89]
[-1 -1 -1 -1]	[15  8 89 87]
[24 24 97 96]	[ 8  1 87 87]
[24 24 97 96]	[ 1  1 87 85]
[24 24 97 96]	[ 1  8 85 77]
[24 24 97 96]	[ 8 22 77 75]
[24 24 97 96]	[22  8 75 73]
[24 24 97 96]	[ 8  1 73 75]
[24 24 97 96]	[ 1  1 75 77]
[24 24 97 96]	[ 1  1 77 78]
[24 24 97 96]	[ 1  8 78 80]
[24 24 97 96]	[ 8  1 80 78]
[24 24 97 96]	[ 1  8 78 77]
[24 24 97 96]	[ 8  1 77 80]
[24 24 97 96]	[ 1  6 80 77]
[24 24 97 96]	[ 6  1 77 78]
[24 24 97 96]	[ 1  1 78 77]
[24 24 97 96]	[ 1  6 77 75]
[24 24 97 96]	[ 6  6 75 73]
[24 24 97 96]	[ 6  1 73 75]
[24 24 97 96]	[ 1 20 75 77]
[24 24 97 96]	[20  1 77 75]
[24 24 97 96]	[ 1  1 75 73]
[24 24 97 96]	[ 1 24 73 80]
[24 24 97 96]	[24 24 80 82]
[24 24 97 96]	[24 22 82 84]
[24 24 97 96]	[22 22 84 85]
[24 24 97 96]	[22 17 85 85]
[24 24 97 96]	[17 17 85 84]
[24 24 97 96]	[17 17 84 82]
[24 24 97 96]	[17 17 82 80]
[24 24 97 96]	[17 22 80 82]
[24 24 97 96]	[22  8 82 82]
[24 24 97 96]	[ 8  1 82 80]
[24 24 97 96]	[ 1  6 80 80]
[24 24 97 96]	[ 6  6 80 82]
[24 24 97 96]	[ 6  1 82 84]
[24 24 97 96]	[ 1  1 84 85]
[24 24 97 96]	[ 1  8 85 85]
[24 24 97 96]	[ 8  8 85 84]
[24 24 97 96]	[ 8  8 84 82]
[24 24 97 96]	[ 8  8 82 80]
[24 24 97 96]	[ 8 15 80 82]
[24 24 97 96]	[15  8 82 82]
[24 24 97 96]	[ 8  8 82 80]
[24 24 97 96]	[ 8  1 80 75]
[24 24 97 96]	[ 1 24 75 77]
[24 24 97 96]	[24 24 77 78]
[24 24 97 96]	[24  1 78 78]
[24 24 97 96]	[ 1  1 78 77]
[24 24 97 96]	[ 1 15 77 80]
[24 24 97 96]	[15 15 80 78]
[24 24 97 96]	[15  8 78 77]
[24 24 97 96]	[ 8  8 77 75]
[24 24 97 96]	[ 8 17 75 75]
[24 24 97 96]	[17 22 75 80]
[24 24 97 96]	[22 15 80 77]
[24 24 97 96]	[15  1 77 78]
[24 24 97 96]	[ 1  1 78 77]
[24 24 97 96]	[ 1  6 77 75]
[24 24 97 96]	[ 6  6 75 73]
[-1 -1 -1 -1]	[ 6  1 73 75]
[24 24 97 96]	[ 1  8 75 77]
[24 24 97 96]	[ 8  1 77 75]
[24 24 97 96]	[ 1  1 75 77]
[24 24 97 96]	[ 1  1 77 78]
[24 24 97 96]	[ 1  6 78 80]
[24 24 97 96]	[ 6  1 80 82]
[24 24 97 96]	[ 1  8 82 80]
[24 24 97 96]	[ 8  8 80 78]
[24 24 97 96]	[ 8  1 78 77]
[24 24 97 96]	[ 1  1 77 77]
[24 24 97 96]	[ 1  1 77  0]
[24 24 97 96]	[ 1  3  0 80]
[24 24 97 96]	[ 3 21 80 82]
[24 24 97 96]	[21 22 82 84]
[24 24 97 96]	[22 22 84 85]
[24 24 97 96]	[22 22 85 85]
[24 24 97 96]	[22 17 85 84]
[24 24 97 96]	[17 22 84 84]
[24 24 97 96]	[22  3 84 82]
[24 24 97 96]	[ 3  3 82 87]
[24 24 97 96]	[ 3  8 87 85]
[24 24 97 96]	[ 8  1 85 84]
[24 24 97 96]	[ 1  1 84 85]
[24 24 97 96]	[ 1  3 85 84]
[24 24 97 96]	[ 3  3 84 82]
[24 24 97 96]	[ 3  8 82 80]
[24 24 97 96]	[ 8  8 80 80]
[24 24 97 96]	[ 8  3 80 80]
[24 24 97 96]	[ 3 24 80 82]
[24 24 97 96]	[24 15 82 84]
[24 24 97 96]	[15 15 84 85]
[24 24 97 96]	[15  8 85 85]
[24 24 97 96]	[ 8  8 85 84]
[24 24 97 96]	[ 8  1 84 80]
[24 24 97 96]	[ 1 15 80 80]
[24 24 97 96]	[15  8 80 82]
[24 24 97 96]	[ 8  8 82 80]
[24 24 97 96]	[ 8  8 80 78]
[24 24 97 96]	[ 8 22 78 77]
[24 24 97 96]	[22 22 77 77]
[24 24 97 96]	[22  1 77  0]
[24 24 97 96]	[ 1  6  0 80]
[24 24 97 96]	[ 6  6 80 82]
[24 24 97 96]	[ 6  3 82 84]
[24 24 97 96]	[ 3 20 84 85]
[-1 -1 -1 -1]	[20  8 85 85]
[24 24 97 96]	[ 8  1 85 84]
[24 24 97 96]	[ 1  1 84 85]
[24 24 97 96]	[ 1  6 85 89]
[24 24 97 96]	[ 6  8 89 90]
[24 24 97 96]	[ 8 17 90 92]
[24 24 97 96]	[17 22 92 92]
[24 24 97 96]	[22 15 92 85]
[24 24 97 96]	[15  1 85 87]
[24 24 97 96]	[ 1  6 87 89]
[24 24 97 96]	[ 6 24 89 94]
[24 24 97 96]	[24  1 94 96]
[24 24 97 96]	[ 1  1 96 97]
[24 24 97 96]	[ 1 15 97 89]
[24 24 97 96]	[15  1 89 87]
[24 24 97 96]	[ 1  8 87 85]
[24 24 97 96]	[ 8  8 85 92]
[24 24 97 96]	[ 8  1 92 87]
[24 24 97 96]	[ 1 22 87 89]
[24 24 97 96]	[22 22 89 94]
[24 24 97 96]	[22  3 94 92]
[24 24 97 96]	[ 3  8 92 91]
[24 24 97 96]	[ 8  8 91 92]
[24 24 97 96]	[ 8  8 92 87]
[24 24 97 96]	[ 8  8 87 89]
[24 24 97 96]	[ 8 17 89 91]
[24 24 97 96]	[17 22 91 92]
[24 24 97 96]	[22  3 92 92]
[24 24 97 96]	[ 3  8 92 91]
[24 24 97 96]	[ 8 15 91 92]
[24 24 97 96]	[15  8 92 94]
[24 24 97 96]	[ 8  1 94 96]
[24 24 97 96]	[ 1  1 96 97]
[-1 -1 -1 -1]	[ 1 15 97 89]
[24 24 97 96]	[15  1 89 87]
[24 24 97 96]	[ 1  5 87 85]
[24 24 97 96]	[ 5 22 85 77]
[24 24 97 96]	[22 15 77 77]
[24 24 97 96]	[15  5 77 75]
[24 24 97 96]	[ 5 22 75 77]
[24 24 97 96]	[22 24 77 73]
[24 24 97 96]	[24 24 73 72]
[24 24 97 96]	[24 24 72 73]
[24 24 97 96]	[24  5 73 75]
[24 24 97 96]	[ 5 22 75 72]
[24 24 97 96]	[22 22 72 70]
[24 24 97 96]	[22 22 70 70]
[24 24 97 96]	[22 22 70 72]
[24 24 97 96]	[22  8 72 73]
[24 24 97 96]	[ 8  1 73 75]
[24 24 97 96]	[ 1  8 75 77]
[24 24 97 96]	[ 8 17 77 75]
[24 24 97 96]	[17 24 75 80]
[24 24 97 96]	[24  5 80 79]
[24 24 97 96]	[ 5 22 79 77]
[24 24 97 96]	[22  3 77 77]
[24 24 97 96]	[ 3  8 77 82]
[24 24 97 96]	[ 8  3 82 84]
[24 24 97 96]	[ 3 23 84 82]
[24 24 97 96]	[23 24 82 77]
[24 24 97 96]	[24 14 77 79]
[24 24 97 96]	[14 24 79 77]
[24 24 97 96]	[24  8 77 75]
[24 24 97 96]	[ 8  8 75 75]
[24 24 97 96]	[ 8  3 75 77]
[24 24 97 96]	[ 3 21 77 79]
[24 24 97 96]	[21 10 79 81]
[24 24 97 96]	[10 17 81 82]
[24 24 97 96]	[17 19 82 80]
[24 24 97 96]	[19 19 80 79]
[24 24 97 96]	[19 19 79 80]
[-1 -1 -1 -1]	[19 12 80 82]
[24 24 97 96]	[12  5 82 78]
[24 24 97 96]	[ 5  1 78 77]
[24 24 97 96]	[ 1  1 77 73]
[24 24 97 96]	[ 1  6 73 68]
[24 24 97 96]	[ 6  6 68 70]
[24 24 97 96]	[ 6  1 70 72]
[24 24 97 96]	[ 1  1 72 73]
[24 24 97 96]	[ 1  1 73 75]
[24 24 97 96]	[ 1 21 75 77]
[24 24 97 96]	[21 22 77 75]
[24 24 97 96]	[22  8 75 73]
[24 24 97 96]	[ 8  1 73 72]
[24 24 97 96]	[ 1  1 72 73]
[24 24 97 96]	[ 1  1 73  0]
[24 24 97 96]	[ 1  8  0 77]
[24 24 97 96]	[ 8 22 77 75]
[24 24 97 96]	[22 24 75 73]
[24 24 97 96]	[24 24 73 72]
[24 24 97 96]	[24 17 72 70]
[24 24 97 96]	[17  6 70 68]
[24 24 97 96]	[ 6 24 68 70]
[24 24 97 96]	[24 24 70 72]
[24 24 97 96]	[24  5 72 73]
[24 24 97 96]	[ 5  5 73 75]
[24 24 97 96]	[ 5  6 75 75]
[24 24 97 96]	[ 6  5 75 73]
[24 24 97 96]	[ 5 22 73 72]
[24 24 97 96]	[22 22 72 70]
[24 24 97 96]	[22 22 70  0]
[24 24 97 96]	[22 15  0 77]
[24 24 97 96]	[15  8 77 78]
[24 24 97 96]	[ 8  1 78 75]
[24 24 97 96]	[ 1  6 75 77]
[24 24 97 96]	[ 6 15 77 73]
[24 24 97 96]	[15  5 73 75]
[24 24 97 96]	[ 5 22 75 77]
[24 24 97 96]	[22 22 77 70]
[24 24 97 96]	[22 15 70 77]
[24 24 97 96]	[15  8 77 78]
[24 24 97 96]	[ 8  1 78 75]
[24 24 97 96]	[ 1  6 75 77]
[24 24 97 96]	[ 6 15 77 73]
[24 24 97 96]	[15 10 73 75]
[24 24 97 96]	[10 15 75 77]
[24 24 97 96]	[15 15 77 70]
[24 24 97 96]	[15 22 70  0]
[24 24 97 96]	[22 12  0 73]
[24 24 97 96]	[12 10 73 72]
[24 24 97 96]	[10 17 72 70]
[24 24 97 96]	[17 10 70 68]
[24 24 97 96]	[10 15 68 70]
[24 24 97 96]	[15 15 70 66]
[24 24 97 96]	[15 10 66 66]
[24 24 97 96]	[10 10 66 65]
[24 24 97 96]	[10 10 65  0]
[24 24 97 96]	[10  6  0  0]
[24 24 97 96]	[ 6 18  0 70]
[24 24 97 96]	[18  1 70 68]
[24 24 97 96]	[ 1  1 68 73]
[24 24 97 96]	[ 1  8 73 73]
[24 24 97 96]	[ 8  1 73 72]
[24 24 97 96]	[ 1  1 72 73]
[24 24 97 96]	[ 1  1 73  0]
[24 24 97 96]	[1 1 0 0]
[24 24 97 96]	[ 1  3  0 68]
[24 24 97 96]	[ 3 21 68 70]
[24 24 97 96]	[21 22 70 72]
[24 24 97 96]	[22 22 72 73]
[24 24 97 96]	[22  6 73 75]
[24 24 97 96]	[ 6 24 75 77]
[24 24 97 96]	[24  5 77 75]
[24 24 97 96]	[ 5  6 75 75]
[24 24 97 96]	[ 6 24 75 73]
[24 24 97 96]	[24  5 73 72]
[-1 -1 -1 -1]	[ 5 10 72 72]
[24 24 97 96]	[10 10 72 70]
[24 24 97 96]	[10  1 70  0]
[24 24 97 96]	[ 1  8  0 85]
[24 24 97 96]	[ 8  8 85 87]
[24 24 97 96]	[ 8  1 87 87]
[24 24 97 96]	[ 1  6 87 85]
[24 24 97 96]	[ 6  8 85 82]
[24 24 97 96]	[ 8 22 82 80]
[24 24 97 96]	[22 22 80 82]
[24 24 97 96]	[22  1 82 84]
[24 24 97 96]	[ 1 20 84 85]
[24 24 97 96]	[20  1 85 87]
[24 24 97 96]	[ 1  1 87 85]
[24 24 97 96]	[ 1  1 85 89]
[24 24 97 96]	[ 1  8 89 90]
[24 24 97 96]	[ 8  6 90 92]
[24 24 97 96]	[ 6  8 92 94]
[24 24 97 96]	[ 8  1 94 92]
[24 24 97 96]	[ 1  1 92 89]
[24 24 97 96]	[ 1  6 89 85]
[24 24 97 96]	[ 6  6 85 82]
[24 24 97 96]	[ 6 22 82 84]
[24 24 97 96]	[22 15 84 85]
[24 24 97 96]	[15  1 85 87]
[24 24 97 96]	[ 1  1 87 85]
[24 24 97 96]	[ 1 17 85 89]
[24 24 97 96]	[17 22 89 89]
[24 24 97 96]	[22 15 89 89]
[24 24 97 96]	[15  5 89 87]
[24 24 97 96]	[ 5 22 87 89]
[24 24 97 96]	[22 22 89 85]
[24 24 97 96]	[22 22 85  0]
[24 24 97 96]	[22  8  0 85]
[24 24 97 96]	[ 8 17 85 87]
[24 24 97 96]	[17  1 87 87]
[24 24 97 96]	[ 1  6 87 89]
[24 24 97 96]	[ 6 15 89 85]
[24 24 97 96]	[15  8 85 87]
[24 24 97 96]	[ 8  1 87 87]
[24 24 97 96]	[ 1  1 87 89]
[24 24 97 96]	[ 1 15 89 87]
[24 24 97 96]	[15 15 87 85]
[24 24 97 96]	[15  6 85 84]
[24 24 97 96]	[ 6 24 84 82]
[24 24 97 96]	[24 17 82 87]
[24 24 97 96]	[17 19 87 87]
[24 24 97 96]	[19 19 87 85]
[24 24 97 96]	[19  3 85 84]
[24 24 97 96]	[ 3  8 84 82]
[24 24 97 96]	[ 8  6 82 80]
[24 24 97 96]	[ 6 24 80 82]
[24 24 97 96]	[24  1 82 84]
[-1 -1 -1 -1]	[ 1 20 84 85]
[24 24 97 96]	[20  1 85 87]
[24 24 97 96]	[ 1 15 87 85]
[24 24 97 96]	[15 15 85 75]
[24 24 97 96]	[15 11 75 75]
[24 24 97 96]	[11 10 75 75]
[24 24 97 96]	[10 15 75 74]
[24 24 97 96]	[15 17 74 78]
[24 24 97 96]	[17 21 78 77]
[24 24 97 96]	[21 10 77 75]
[24 24 97 96]	[10 10 75 74]
[24 24 97 96]	[10 14 74 73]
[24 24 97 96]	[14 10 73 74]
[24 24 97 96]	[10 20 74 73]
[24 24 97 96]	[20  8 73 75]
[24 24 97 96]	[ 8 14 75 72]
[24 24 97 96]	[14 10 72 74]
[24 24 97 96]	[10 15 74 73]
[24 24 97 96]	[15  1 73 75]
[24 24 97 96]	[ 1  1 75 77]
[24 24 97 96]	[ 1 13 77 77]
[24 24 97 96]	[13  1 77 80]
[24 24 97 96]	[ 1 23 80 77]
[24 24 97 96]	[23 11 77 73]
[24 24 97 96]	[11  1 73 75]
[24 24 97 96]	[ 1 15 75 77]
[24 24 97 96]	[15 15 77 78]
[24 24 97 96]	[15 22 78 78]
[24 24 97 96]	[22 11 78 77]
[24 24 97 96]	[11 10 77 75]
[24 24 97 96]	[10 10 75 74]
[24 24 97 96]	[10 14 74 73]
[24 24 97 96]	[14 14 73 74]
[24 24 97 96]	[14 15 74 73]
[24 24 97 96]	[15  8 73 75]
[24 24 97 96]	[ 8 10 75 72]
[-1 -1 -1 -1]	[10 10 72 74]
[24 24 97 96]	[10 15 74 73]
[24 24 97 96]	[15  1 73 75]
[24 24 97 96]	[ 1  8 75 85]
[24 24 97 96]	[ 8  8 85 87]
[24 24 97 96]	[ 8  1 87 87]
[24 24 97 96]	[ 1  6 87 85]
[24 24 97 96]	[ 6  8 85 82]
[24 24 97 96]	[ 8 22 82 80]
[24 24 97 96]	[22 22 80 82]
[24 24 97 96]	[22  1 82 84]
[24 24 97 96]	[ 1 20 84 85]
[24 24 97 96]	[20  1 85 87]
[24 24 97 96]	[ 1  1 87 85]
[24 24 97 96]	[ 1  1 85 89]
[24 24 97 96]	[ 1  8 89 90]
[24 24 97 96]	[ 8  6 90 92]
[24 24 97 96]	[ 6  8 92 94]
[24 24 97 96]	[ 8  1 94 92]
[24 24 97 96]	[ 1  1 92 89]
[24 24 97 96]	[ 1  6 89 85]
[24 24 97 96]	[ 6  6 85 82]
[24 24 97 96]	[ 6 22 82 84]
[24 24 97 96]	[22 15 84 85]
[24 24 97 96]	[15  1 85 87]
[24 24 97 96]	[ 1  1 87 85]
[24 24 97 96]	[ 1  5 85 89]
[24 24 97 96]	[ 5 22 89 89]
[24 24 97 96]	[22 15 89 89]
[24 24 97 96]	[15  5 89 87]
[24 24 97 96]	[ 5 22 87 89]
[24 24 97 96]	[22 22 89 85]
[24 24 97 96]	[22 22 85  0]
[24 24 97 96]	[22  8  0 85]
[24 24 97 96]	[ 8 17 85 87]
[24 24 97 96]	[17  1 87 87]
[24 24 97 96]	[ 1  6 87 89]
[24 24 97 96]	[ 6 15 89 85]
[24 24 97 96]	[15  8 85 87]
[24 24 97 96]	[ 8  1 87 87]
[24 24 97 96]	[ 1  1 87 89]
[24 24 97 96]	[ 1 15 89 87]
[24 24 97 96]	[15 15 87 85]
[24 24 97 96]	[15  6 85 84]
[24 24 97 96]	[ 6 24 84 82]
[24 24 97 96]	[24 17 82 87]
[24 24 97 96]	[17 19 87 87]
[24 24 97 96]	[19 19 87 85]
[24 24 97 96]	[19  3 85 84]
[24 24 97 96]	[ 3  8 84 82]
[24 24 97 96]	[ 8  6 82 80]
[24 24 97 96]	[ 6 24 80 82]
[24 24 97 96]	[24  1 82 84]
[-1 -1 -1 -1]	[ 1 20 84 85]
[24 24 97 96]	[20  1 85 87]
[24 24 97 96]	[ 1  1 87 85]
[24 24 97 96]	[ 1  6 85 65]
[24 24 97 96]	[ 6  1 65 70]
[24 24 97 96]	[ 1  6 70 68]
[24 24 97 96]	[ 6  1 68 66]
[24 24 97 96]	[ 1 15 66 65]
[24 24 97 96]	[15  1 65 63]
[24 24 97 96]	[ 1 21 63 65]
[24 24 97 96]	[21 22 65 72]
[24 24 97 96]	[22 22 72 73]
[24 24 97 96]	[22 17 73 73]
[24 24 97 96]	[17 17 73 72]
[24 24 97 96]	[17  5 72 70]
[24 24 97 96]	[ 5 22 70 72]
[24 24 97 96]	[22 22 72 70]
[24 24 97 96]	[22 24 70 73]
[24 24 97 96]	[24 24 73 72]
[24 24 97 96]	[24  1 72 70]
[24 24 97 96]	[ 1  6 70 68]
[24 24 97 96]	[ 6 24 68 70]
[24 24 97 96]	[24  6 70 72]
[24 24 97 96]	[ 6  1 72 73]
[24 24 97 96]	[ 1  1 73 73]
[24 24 97 96]	[ 1  6 73 68]
[24 24 97 96]	[ 6 17 68 70]
[24 24 97 96]	[17 15 70 68]
[24 24 97 96]	[15 15 68 66]
[24 24 97 96]	[15 10 66 66]
[24 24 97 96]	[10  3 66 65]
[24 24 97 96]	[ 3  8 65 73]
[24 24 97 96]	[ 8  8 73 72]
[24 24 97 96]	[ 8  3 72 73]
[24 24 97 96]	[ 3 19 73 75]
[24 24 97 96]	[19  8 75 73]
[24 24 97 96]	[ 8 10 73 72]
[24 24 97 96]	[10  8 72 70]
[24 24 97 96]	[ 8  1 70 72]
[24 24 97 96]	[ 1 15 72 65]
[24 24 97 96]	[15  1 65 66]
[24 24 97 96]	[ 1 20 66 65]
[-1 -1 -1 -1]	[20  8 65 63]
[24 24 97 96]	[ 8  1 63 68]
[24 24 97 96]	[ 1  1 68 65]
[24 24 97 96]	[ 1 22 65 73]
[24 24 97 96]	[22 17 73 73]
[24 24 97 96]	[17  6 73 72]
[24 24 97 96]	[ 6  8 72 70]
[24 24 97 96]	[ 8  1 70 68]
[24 24 97 96]	[ 1  8 68 73]
[24 24 97 96]	[ 8  1 73 75]
[24 24 97 96]	[ 1 22 75 77]
[24 24 97 96]	[22  5 77 77]
[24 24 97 96]	[ 5  5 77 77]
[24 24 97 96]	[ 5  5 77 75]
[24 24 97 96]	[ 5 22 75 77]
[24 24 97 96]	[22  8 77 77]
[24 24 97 96]	[ 8  1 77 75]
[24 24 97 96]	[ 1  8 75 73]
[24 24 97 96]	[ 8  1 73 75]
[24 24 97 96]	[ 1  1 75 73]
[24 24 97 96]	[ 1  6 73 73]
[24 24 97 96]	[ 6 24 73 73]
[24 24 97 96]	[24  1 73 75]
[24 24 97 96]	[ 1 21 75 77]
[24 24 97 96]	[21  5 77 75]
[24 24 97 96]	[ 5 22 75 77]
[24 24 97 96]	[22  5 77 73]
[24 24 97 96]	[ 5 22 73 72]
[24 24 97 96]	[22  3 72 70]
[24 24 97 96]	[ 3  8 70 75]
[24 24 97 96]	[ 8 13 75 75]
[24 24 97 96]	[13  8 75 73]
[24 24 97 96]	[ 8  1 73 72]
[24 24 97 96]	[ 1  3 72 73]
[24 24 97 96]	[ 3  8 73 70]
[24 24 97 96]	[ 8 17 70 68]
[24 24 97 96]	[17 22 68 68]
[24 24 97 96]	[22  6 68 73]
[24 24 97 96]	[ 6  8 73 73]
[24 24 97 96]	[ 8  8 73 75]
[24 24 97 96]	[ 8  1 75 75]
[24 24 97 96]	[ 1  1 75 77]
[24 24 97 96]	[ 1  1 77 75]
[24 24 97 96]	[ 1  6 75 77]
[24 24 97 96]	[ 6  1 77 73]
[24 24 97 96]	[ 1 15 73 73]
[24 24 97 96]	[15 11 73 78]
[24 24 97 96]	[11 17 78 78]
[24 24 97 96]	[17 11 78 77]
[24 24 97 96]	[11 10 77 75]
[24 24 97 96]	[10  3 75 77]
[24 24 97 96]	[ 3  8 77 75]
[24 24 97 96]	[ 8  1 75 75]
[24 24 97 96]	[ 1 22 75 77]
[24 24 97 96]	[22 15 77 77]
[24 24 97 96]	[15 11 77 78]
[24 24 97 96]	[11 17 78 78]
[24 24 97 96]	[17  6 78 80]
[24 24 97 96]	[ 6  1 80 73]
[24 24 97 96]	[ 1  3 73 77]
[24 24 97 96]	[ 3 19 77 75]
[24 24 97 96]	[19  8 75 73]
[24 24 97 96]	[ 8  1 73 72]
[24 24 97 96]	[ 1  3 72 73]
[24 24 97 96]	[ 3  8 73 70]
[24 24 97 96]	[ 8 17 70 68]
[24 24 97 96]	[17 22 68 68]
[24 24 97 96]	[22  8 68 73]
[24 24 97 96]	[ 8  3 73 72]
[24 24 97 96]	[ 3 17 72 70]
[24 24 97 96]	[17 15 70 68]
[24 24 97 96]	[15  6 68 75]
[24 24 97 96]	[ 6  8 75 77]
[24 24 97 96]	[ 8  5 77 75]
[24 24 97 96]	[ 5  6 75 77]
[24 24 97 96]	[ 6  1 77 78]
[24 24 97 96]	[ 1  8 78 77]
[24 24 97 96]	[ 8 22 77 75]
[24 24 97 96]	[22 22 75 73]
[24 24 97 96]	[22  6 73 72]
[24 24 97 96]	[ 6  6 72 73]
[24 24 97 96]	[ 6  1 73 75]
[-1 -1 -1 -1]	[ 1  8 75 77]
[24 24 97 96]	[ 8  1 77 75]
[24 24 97 96]	[ 1 22 75 73]
[24 24 97 96]	[22  6 73 82]
[24 24 97 96]	[ 6  6 82 82]
[24 24 97 96]	[ 6  5 82 82]
[24 24 97 96]	[ 5 19 82 81]
[24 24 97 96]	[19 19 81 82]
[24 24 97 96]	[19 22 82 84]
[24 24 97 96]	[22 17 84 85]
[24 24 97 96]	[17 22 85 84]
[24 24 97 96]	[22 22 84 82]
[24 24 97 96]	[22  8 82 85]
[24 24 97 96]	[ 8  8 85 87]
[24 24 97 96]	[ 8  1 87 87]
[24 24 97 96]	[ 1  1 87 89]
[24 24 97 96]	[ 1 22 89 87]
[24 24 97 96]	[22  8 87 85]
[24 24 97 96]	[ 8  1 85 87]
[24 24 97 96]	[ 1  1 87 89]
[24 24 97 96]	[ 1 22 89 89]
[24 24 97 96]	[22 21 89 89]
[24 24 97 96]	[21  5 89 87]
[24 24 97 96]	[ 5  5 87 89]
[24 24 97 96]	[ 5 22 89 87]
[24 24 97 96]	[22  3 87 85]
[24 24 97 96]	[ 3  3 85 87]
[24 24 97 96]	[ 3  8 87 85]
[24 24 97 96]	[ 8  3 85 84]
[24 24 97 96]	[ 3  3 84 82]
[24 24 97 96]	[ 3  3 82 82]
[24 24 97 96]	[ 3 22 82 84]
[24 24 97 96]	[22  6 84 85]
[24 24 97 96]	[ 6 24 85 85]
[24 24 97 96]	[24  1 85 87]
[24 24 97 96]	[ 1  1 87 85]
[24 24 97 96]	[ 1 15 85 84]
[24 24 97 96]	[15 22 84 82]
[24 24 97 96]	[22  8 82 82]
[24 24 97 96]	[ 8  1 82 87]
[24 24 97 96]	[ 1  8 87 89]
[24 24 97 96]	[ 8 15 89 87]
[24 24 97 96]	[15 15 87 82]
[24 24 97 96]	[15 22 82 84]
[24 24 97 96]	[22 17 84 85]
[24 24 97 96]	[17 17 85 84]
[24 24 97 96]	[17  5 84 82]
[24 24 97 96]	[ 5 22 82 84]
[24 24 97 96]	[22 22 84 82]
[24 24 97 96]	[22 22 82 82]
[24 24 97 96]	[22 17 82 82]
[24 24 97 96]	[17  6 82 80]
[24 24 97 96]	[ 6 24 80 85]
[24 24 97 96]	[24  1 85 87]
[24 24 97 96]	[ 1  1 87 89]
[24 24 97 96]	[ 1 22 89 87]
[24 24 97 96]	[22 15 87 85]
[24 24 97 96]	[15  8 85 87]
[24 24 97 96]	[ 8  1 87 87]
[24 24 97 96]	[ 1 24 87 89]
[24 24 97 96]	[24  1 89 90]
[24 24 97 96]	[ 1 15 90 89]
[24 24 97 96]	[15 15 89 87]
[24 24 97 96]	[15 15 87 89]
[24 24 97 96]	[15  8 89 90]
[24 24 97 96]	[ 8  8 90 87]
[24 24 97 96]	[ 8  1 87 85]
[24 24 97 96]	[ 1  5 85 85]
[24 24 97 96]	[ 5 22 85 89]
[24 24 97 96]	[22 22 89 89]
[24 24 97 96]	[22 22 89 87]
[24 24 97 96]	[22 24 87 85]
[24 24 97 96]	[24 24 85 87]
[24 24 97 96]	[24 15 87 89]
[24 24 97 96]	[15 22 89 90]
[24 24 97 96]	[22  8 90 89]
[24 24 97 96]	[ 8  1 89 92]
[24 24 97 96]	[ 1  1 92 89]
[24 24 97 96]	[ 1  1 89 90]
[24 24 97 96]	[ 1  1 90 89]
[24 24 97 96]	[ 1  1 89 87]
[24 24 97 96]	[ 1  1 87 89]
[24 24 97 96]	[ 1  1 89 89]
[24 24 97 96]	[ 1 22 89 90]
[24 24 97 96]	[22 22 90 89]
[24 24 97 96]	[22  8 89 90]
[24 24 97 96]	[ 8  8 90 92]
[24 24 97 96]	[ 8  1 92 90]
[24 24 97 96]	[ 1  8 90 89]
[24 24 97 96]	[ 8  1 89 87]
[24 24 97 96]	[ 1  1 87 85]
[24 24 97 96]	[ 1  1 85 89]
[24 24 97 96]	[ 1  6 89 89]
[24 24 97 96]	[ 6 15 89 85]
[24 24 97 96]	[15 22 85 87]
[24 24 97 96]	[22  8 87 85]
[24 24 97 96]	[ 8 15 85 84]
[24 24 97 96]	[15 17 84 82]
[24 24 97 96]	[17  6 82 80]
[24 24 97 96]	[ 6  6 80 82]
[24 24 97 96]	[ 6  1 82 84]
[24 24 97 96]	[ 1 15 84 85]
[24 24 97 96]	[15  6 85 82]
[24 24 97 96]	[ 6  1 82 82]
[24 24 97 96]	[ 1 22 82 80]
[24 24 97 96]	[22  5 80 82]
[24 24 97 96]	[ 5 22 82 84]
[24 24 97 96]	[22 24 84 85]
[24 24 97 96]	[24 24 85 84]
[-1 -1 -1 -1]	[24  5 84 82]
[24 24 97 96]	[ 5 10 82 81]
[24 24 97 96]	[10 22 81 82]
[24 24 97 96]	[22 22 82 82]
[24 24 97 96]	[22 22 82 85]
[24 24 97 96]	[22 17 85 82]
[24 24 97 96]	[17 22 82 80]
[24 24 97 96]	[22 22 80 82]
[24 24 97 96]	[22 22 82 84]
[24 24 97 96]	[22 24 84 85]
[24 24 97 96]	[24 22 85 84]
[24 24 97 96]	[22 22 84 82]
[24 24 97 96]	[22 22 82 85]
[24 24 97 96]	[22 22 85 85]
[24 24 97 96]	[22  1 85 85]
[24 24 97 96]	[ 1  8 85 85]
[24 24 97 96]	[ 8 22 85 80]
[24 24 97 96]	[22 19 80 82]
[24 24 97 96]	[19  8 82 85]
[24 24 97 96]	[ 8  8 85 84]
[24 24 97 96]	[ 8  8 84 84]
[24 24 97 96]	[ 8 24 84 87]
[24 24 97 96]	[24 15 87 87]
[24 24 97 96]	[15 15 87 87]
[24 24 97 96]	[15 15 87 85]
[24 24 97 96]	[15  6 85 84]
[24 24 97 96]	[ 6  6 84 82]
[24 24 97 96]	[ 6 22 82 84]
[24 24 97 96]	[22 24 84 85]
[24 24 97 96]	[24 22 85 84]
[24 24 97 96]	[22  5 84 82]
[24 24 97 96]	[ 5 22 82 84]
[24 24 97 96]	[22 22 84 85]
[24 24 97 96]	[22 17 85 82]
[24 24 97 96]	[17 22 82 80]
[24 24 97 96]	[22 22 80 82]
[24 24 97 96]	[22 22 82 84]
[-1 -1 -1 -1]	[22 24 84 85]
[24 24 97 96]	[24 10 85 84]
[24 24 97 96]	[10  1 84 82]
[24 24 97 96]	[ 1 22 82 73]
[24 24 97 96]	[22 17 73 73]
[24 24 97 96]	[17  6 73 72]
[24 24 97 96]	[ 6  1 72 70]
[24 24 97 96]	[ 1 22 70 68]
[24 24 97 96]	[22  8 68 73]
[24 24 97 96]	[ 8  1 73 75]
[24 24 97 96]	[ 1  5 75 77]
[24 24 97 96]	[ 5 22 77 77]
[24 24 97 96]	[22 22 77 77]
[24 24 97 96]	[22  3 77 77]
[24 24 97 96]	[ 3  1 77 75]
[24 24 97 96]	[ 1  8 75 77]
[24 24 97 96]	[ 8  1 77 78]
[24 24 97 96]	[ 1  8 78 77]
[24 24 97 96]	[ 8 22 77 75]
[24 24 97 96]	[22  8 75 73]
[24 24 97 96]	[ 8  1 73 75]
[24 24 97 96]	[ 1 15 75 77]
[24 24 97 96]	[15 22 77 75]
[24 24 97 96]	[22  6 75 73]
[24 24 97 96]	[ 6  5 73 70]
[24 24 97 96]	[ 5 22 70 72]
[24 24 97 96]	[22  8 72 73]
[24 24 97 96]	[ 8  1 73 80]
[24 24 97 96]	[ 1 22 80 77]
[24 24 97 96]	[22  8 77 73]
[24 24 97 96]	[ 8  8 73 75]
[24 24 97 96]	[ 8  1 75 78]
[-1 -1 -1 -1]	[ 1  8 78 77]
[24 24 97 96]	[ 8  1 77 75]
[24 24 97 96]	[ 1  1 75 73]
[24 24 97 96]	[ 1  6 73 85]
[24 24 97 96]	[ 6  8 85 85]
[24 24 97 96]	[ 8  1 85 87]
[24 24 97 96]	[ 1 15 87 85]
[24 24 97 96]	[15 15 85 87]
[24 24 97 96]	[15 23 87 89]
[24 24 97 96]	[23  6 89 90]
[24 24 97 96]	[ 6  1 90 90]
[24 24 97 96]	[ 1  6 90 89]
[24 24 97 96]	[ 6  1 89 90]
[24 24 97 96]	[ 1 10 90 92]
[24 24 97 96]	[10 15 92 94]
[24 24 97 96]	[15 22 94 90]
[24 24 97 96]	[22 22 90 89]
[24 24 97 96]	[22  1 89 90]
[24 24 97 96]	[ 1  8 90 92]
[24 24 97 96]	[ 8  8 92 87]
[24 24 97 96]	[ 8  1 87 92]
[24 24 97 96]	[ 1  6 92 92]
[24 24 97 96]	[ 6  1 92 90]
[24 24 97 96]	[ 1  1 90 89]
[24 24 97 96]	[ 1 15 89 87]
[24 24 97 96]	[15  1 87 87]
[24 24 97 96]	[ 1  6 87 85]
[24 24 97 96]	[ 6 22 85 85]
[24 24 97 96]	[22  8 85 85]
[24 24 97 96]	[ 8 23 85 87]
[24 24 97 96]	[23 15 87 85]
[24 24 97 96]	[15 15 85 87]
[24 24 97 96]	[15  6 87 89]
[24 24 97 96]	[ 6  6 89 90]
[24 24 97 96]	[ 6 10 90 90]
[24 24 97 96]	[10 15 90 89]
[24 24 97 96]	[15 17 89 90]
[24 24 97 96]	[17 10 90 92]
[24 24 97 96]	[10 15 92 94]
[24 24 97 96]	[15 22 94 90]
[24 24 97 96]	[22 22 90 89]
[24 24 97 96]	[22 17 89 90]
[24 24 97 96]	[17  8 90 92]
[24 24 97 96]	[ 8  1 92 87]
[24 24 97 96]	[ 1  1 87 92]
[24 24 97 96]	[ 1  6 92 92]
[24 24 97 96]	[ 6  1 92 90]
[24 24 97 96]	[ 1  1 90 89]
[-1 -1 -1 -1]	[ 1  8 89 87]
[24 24 97 96]	[ 8  1 87 87]
[24 24 97 96]	[ 1  1 87 85]
[24 24 97 96]	[ 1  1 85 85]
[24 24 97 96]	[ 1  8 85 85]
[24 24 97 96]	[ 8  1 85 92]
[24 24 97 96]	[ 1  1 92 89]
[24 24 97 96]	[ 1 22 89 87]
[24 24 97 96]	[22  8 87 85]
[24 24 97 96]	[ 8  8 85 84]
[24 24 97 96]	[ 8  8 84 85]
[24 24 97 96]	[ 8 24 85 84]
[24 24 97 96]	[24 24 84 82]
[24 24 97 96]	[24  1 82 80]
[24 24 97 96]	[ 1 15 80 85]
[24 24 97 96]	[15  1 85 87]
[24 24 97 96]	[ 1  1 87 89]
[24 24 97 96]	[ 1  8 89 90]
[24 24 97 96]	[ 8  1 90 87]
[24 24 97 96]	[ 1  1 87 85]
[24 24 97 96]	[ 1 24 85 92]
[24 24 97 96]	[24 24 92 90]
[24 24 97 96]	[24 17 90 89]
[24 24 97 96]	[17 17 89 87]
[24 24 97 96]	[17  6 87 85]
[24 24 97 96]	[ 6  6 85 94]
[24 24 97 96]	[ 6  1 94  0]
[24 24 97 96]	[ 1  6  0 89]
[24 24 97 96]	[ 6  8 89 90]
[24 24 97 96]	[ 8 17 90 92]
[24 24 97 96]	[17 22 92 92]
[24 24 97 96]	[22 22 92 94]
[24 24 97 96]	[22  6 94 92]
[24 24 97 96]	[ 6  6 92 90]
[24 24 97 96]	[ 6  8 90 89]
[24 24 97 96]	[ 8  8 89 87]
[24 24 97 96]	[ 8  1 87  0]
[24 24 97 96]	[ 1 24  0 80]
[24 24 97 96]	[24 19 80 82]
[24 24 97 96]	[19 22 82 84]
[24 24 97 96]	[22  8 84 85]
[24 24 97 96]	[ 8  1 85 87]
[24 24 97 96]	[ 1  1 87 89]
[-1 -1 -1 -1]	[ 1 20 89 90]
[24 24 97 96]	[20  1 90 87]
[24 24 97 96]	[ 1 22 87 85]
[24 24 97 96]	[22 22 85 70]
[24 24 97 96]	[22 22 70 70]
[24 24 97 96]	[22  5 70 70]
[24 24 97 96]	[ 5  5 70 69]
[24 24 97 96]	[ 5 22 69 65]
[24 24 97 96]	[22 21 65 70]
[24 24 97 96]	[21 22 70 72]
[24 24 97 96]	[22 22 72 73]
[24 24 97 96]	[22 15 73 73]
[24 24 97 96]	[15  6 73 75]
[24 24 97 96]	[ 6  6 75 73]
[24 24 97 96]	[ 6  6 73 72]
[24 24 97 96]	[ 6  5 72 73]
[24 24 97 96]	[ 5  5 73 72]
[24 24 97 96]	[ 5 22 72 72]
[24 24 97 96]	[22  8 72 73]
[24 24 97 96]	[ 8  8 73 75]
[24 24 97 96]	[ 8  8 75 77]
[24 24 97 96]	[ 8  1 77 78]
[24 24 97 96]	[ 1  6 78 77]
[24 24 97 96]	[ 6 15 77 73]
[24 24 97 96]	[15 15 73 78]
[24 24 97 96]	[15 22 78 78]
[24 24 97 96]	[22 22 78 77]
[24 24 97 96]	[22 22 77 75]
[24 24 97 96]	[22 22 75 73]
[24 24 97 96]	[22 15 73 75]
[24 24 97 96]	[15  1 75 75]
[24 24 97 96]	[ 1 22 75 73]
[24 24 97 96]	[22 12 73 73]
[24 24 97 96]	[12 19 73 72]
[24 24 97 96]	[19 17 72 70]
[24 24 97 96]	[17 17 70 68]
[24 24 97 96]	[17 17 68 67]
[24 24 97 96]	[17 17 67 65]
[24 24 97 96]	[17 17 65 66]
[24 24 97 96]	[17 14 66 68]
[24 24 97 96]	[14 10 68 68]
[24 24 97 96]	[10 10 68 70]
[24 24 97 96]	[10 15 70 68]
[24 24 97 96]	[15 10 68 66]
[24 24 97 96]	[10 22 66 65]
[24 24 97 96]	[22  3 65 77]
[24 24 97 96]	[ 3 22 77 75]
[24 24 97 96]	[22 22 75 73]
[-1 -1 -1 -1]	[22  5 73 72]
[24 24 97 96]	[ 5 10 72 72]
[24 24 97 96]	[10 22 72 70]
[24 24 97 96]	[22 22 70 77]
[24 24 97 96]	[22  5 77 82]
[24 24 97 96]	[ 5 22 82 84]
[24 24 97 96]	[22  5 84 85]
[24 24 97 96]	[ 5  6 85 84]
[24 24 97 96]	[ 6 24 84 82]
[24 24 97 96]	[24  5 82 84]
[24 24 97 96]	[ 5  5 84 81]
[24 24 97 96]	[ 5 17 81 77]
[24 24 97 96]	[17 22 77 80]
[24 24 97 96]	[22  8 80 80]
[24 24 97 96]	[ 8  1 80 78]
[24 24 97 96]	[ 1  6 78 77]
[24 24 97 96]	[ 6 22 77 82]
[24 24 97 96]	[22  5 82 82]
[24 24 97 96]	[ 5 22 82 81]
[24 24 97 96]	[22  5 81 82]
[24 24 97 96]	[ 5 22 82 84]
[24 24 97 96]	[22  8 84 85]
[24 24 97 96]	[ 8  1 85 87]
[24 24 97 96]	[ 1 22 87 89]
[24 24 97 96]	[22 15 89 89]
[24 24 97 96]	[15  8 89 87]
[24 24 97 96]	[ 8  1 87 87]
[24 24 97 96]	[ 1  1 87 85]
[24 24 97 96]	[ 1 21 85 89]
[24 24 97 96]	[21 22 89 87]
[24 24 97 96]	[22 24 87 85]
[24 24 97 96]	[24  6 85 84]
[24 24 97 96]	[ 6  6 84 82]
[24 24 97 96]	[ 6 22 82 84]
[-1 -1 -1 -1]	[22  5 84 85]
[24 24 97 96]	[ 5 10 85 84]
[24 24 97 96]	[10 15 84 82]
[24 24 97 96]	[15 15 82 75]
[24 24 97 96]	[15 18 75 75]
[24 24 97 96]	[18 15 75 73]
[24 24 97 96]	[15  1 73 78]
[24 24 97 96]	[ 1 22 78 80]
[24 24 97 96]	[22 22 80 82]
[24 24 97 96]	[22 22 82 81]
[24 24 97 96]	[22  8 81 82]
[24 24 97 96]	[ 8  1 82 84]
[24 24 97 96]	[ 1  8 84 85]
[24 24 97 96]	[ 8  1 85 84]
[24 24 97 96]	[ 1  6 84 85]
[24 24 97 96]	[ 6 17 85 82]
[24 24 97 96]	[17 17 82 84]
[24 24 97 96]	[17 17 84 87]
[24 24 97 96]	[17  3 87 86]
[24 24 97 96]	[ 3  8 86 87]
[24 24 97 96]	[ 8  1 87 87]
[24 24 97 96]	[ 1  6 87 85]
[24 24 97 96]	[ 6  6 85 82]
[24 24 97 96]	[ 6 11 82 78]
[24 24 97 96]	[11 17 78 75]
[24 24 97 96]	[17 19 75 77]
[24 24 97 96]	[19 10 77 75]
[24 24 97 96]	[10 10 75 74]
[24 24 97 96]	[10  8 74 77]
[24 24 97 96]	[ 8  8 77 80]
[24 24 97 96]	[ 8 22 80 78]
[24 24 97 96]	[22 15 78 77]
[24 24 97 96]	[15 11 77 78]
[24 24 97 96]	[11 10 78 75]
[-1 -1 -1 -1]	[10 10 75 77]
[24 24 97 96]	[10  3 77 77]
[24 24 97 96]	[ 3  5 77 75]
[24 24 97 96]	[ 5 22 75 84]
[24 24 97 96]	[22 21 84 77]
[24 24 97 96]	[21 22 77 84]
[24 24 97 96]	[22  8 84 85]
[24 24 97 96]	[ 8  8 85 84]
[24 24 97 96]	[ 8  1 84 82]
[24 24 97 96]	[ 1 19 82 80]
[24 24 97 96]	[19  5 80 82]
[24 24 97 96]	[ 5  5 82 84]
[24 24 97 96]	[ 5 22 84 84]
[24 24 97 96]	[22  8 84 85]
[24 24 97 96]	[ 8  1 85 87]
[24 24 97 96]	[ 1  1 87 85]
[24 24 97 96]	[ 1  6 85 84]
[24 24 97 96]	[ 6  1 84 82]
[24 24 97 96]	[ 1 15 82 80]
[24 24 97 96]	[15  5 80 78]
[24 24 97 96]	[ 5 22 78 77]
[24 24 97 96]	[22  8 77 82]
[24 24 97 96]	[ 8 22 82 80]
[24 24 97 96]	[22  8 80 85]
[24 24 97 96]	[ 8 15 85 84]
[24 24 97 96]	[15 24 84 82]
[24 24 97 96]	[24 24 82 87]
[24 24 97 96]	[24  5 87 85]
[24 24 97 96]	[ 5 22 85 84]
[24 24 97 96]	[22 22 84 82]
[24 24 97 96]	[22 17 82 85]
[24 24 97 96]	[17  1 85 84]
[24 24 97 96]	[ 1  8 84 85]
[24 24 97 96]	[ 8  1 85 87]
[24 24 97 96]	[ 1 24 87 80]
[24 24 97 96]	[24  3 80 84]
[24 24 97 96]	[ 3  8 84 82]
[24 24 97 96]	[ 8  1 82 80]
[24 24 97 96]	[ 1 22 80 80]
[24 24 97 96]	[22  5 80 85]
[24 24 97 96]	[ 5  6 85 84]
[24 24 97 96]	[ 6  1 84 82]
[-1 -1 -1 -1]	[ 1 20 82 77]
[24 24 97 96]	[20 15 77 80]
[24 24 97 96]	[15 22 80 78]
[24 24 97 96]	[22 22 78 70]
[24 24 97 96]	[22 22 70 73]
[24 24 97 96]	[22 22 73 72]
[24 24 97 96]	[22 24 72 73]
[24 24 97 96]	[24  1 73 75]
[24 24 97 96]	[ 1  1 75 77]
[24 24 97 96]	[ 1  8 77 77]
[24 24 97 96]	[ 8 22 77 75]
[24 24 97 96]	[22 17 75 73]
[24 24 97 96]	[17  5 73 72]
[24 24 97 96]	[ 5  5 72 72]
[24 24 97 96]	[ 5 22 72 72]
[24 24 97 96]	[22  3 72 77]
[24 24 97 96]	[ 3 21 77 75]
[24 24 97 96]	[21 22 75 75]
[24 24 97 96]	[22 17 75 73]
[24 24 97 96]	[17 22 73 72]
[24 24 97 96]	[22 15 72 73]
[24 24 97 96]	[15 22 73 75]
[24 24 97 96]	[22 24 75 73]
[-1 -1 -1 -1]	[24 17 73 72]
[24 24 97 96]	[17 10 72 72]
[24 24 97 96]	[10 22 72 70]
[24 24 97 96]	[22  5 70 77]
[24 24 97 96]	[ 5 22 77 75]
[24 24 97 96]	[22  8 75 73]
[24 24 97 96]	[ 8  1 73 75]
[24 24 97 96]	[ 1  6 75 77]
[24 24 97 96]	[ 6  1 77 78]
[24 24 97 96]	[ 1  6 78 80]
[24 24 97 96]	[ 6 17 80 82]
[24 24 97 96]	[17  6 82 80]
[24 24 97 96]	[ 6  1 80 78]
[24 24 97 96]	[ 1  1 78 77]
[24 24 97 96]	[ 1 20 77 75]
[24 24 97 96]	[20  1 75 75]
[24 24 97 96]	[ 1  1 75 73]
[24 24 97 96]	[ 1  8 73 77]
[24 24 97 96]	[ 8  6 77 80]
[24 24 97 96]	[ 6  1 80 78]
[24 24 97 96]	[ 1 21 78 77]
[24 24 97 96]	[21 22 77 75]
[24 24 97 96]	[22  5 75 73]
[24 24 97 96]	[ 5 22 73 72]
[24 24 97 96]	[22  8 72 73]
[24 24 97 96]	[ 8  1 73 75]
[24 24 97 96]	[ 1 10 75 77]
[24 24 97 96]	[10 10 77 77]
[24 24 97 96]	[10 10 77 78]
[24 24 97 96]	[10 15 78 80]
[24 24 97 96]	[15  5 80 78]
[24 24 97 96]	[ 5 22 78 77]
[24 24 97 96]	[22 22 77 77]
[24 24 97 96]	[22 22 77 75]
[24 24 97 96]	[22 22 75 77]
[24 24 97 96]	[22 17 77 78]
[24 24 97 96]	[17  6 78 80]
[24 24 97 96]	[ 6  1 80 78]
[24 24 97 96]	[ 1  8 78 77]
[24 24 97 96]	[ 8  1 77 75]
[24 24 97 96]	[ 1  3 75 77]
[24 24 97 96]	[ 3  8 77 75]
[24 24 97 96]	[ 8  1 75 75]
[24 24 97 96]	[ 1  1 75 77]
[24 24 97 96]	[ 1 20 77 79]
[24 24 97 96]	[20 10 79 80]
[24 24 97 96]	[10  3 80 80]
[24 24 97 96]	[ 3  8 80 79]
[24 24 97 96]	[ 8 17 79 80]
[24 24 97 96]	[17 22 80 80]
[24 24 97 96]	[22  6 80 77]
[24 24 97 96]	[ 6  6 77 82]
[24 24 97 96]	[ 6 20 82 80]
[24 24 97 96]	[20 10 80 78]
[24 24 97 96]	[10 10 78 77]
[24 24 97 96]	[10 15 77 75]
[24 24 97 96]	[15 22 75 75]
[24 24 97 96]	[22  1 75 77]
[24 24 97 96]	[ 1  1 77 77]
[24 24 97 96]	[ 1  1 77 78]
[24 24 97 96]	[ 1 24 78 80]
[24 24 97 96]	[24  1 80 78]
[24 24 97 96]	[ 1  1 78 77]
[-1 -1 -1 -1]	[ 1 20 77 75]
[24 24 97 96]	[20  1 75 75]
[24 24 97 96]	[ 1  5 75 73]
[24 24 97 96]	[ 5 22 73 84]
[24 24 97 96]	[22 21 84 77]
[24 24 97 96]	[21 22 77 84]
[24 24 97 96]	[22  8 84 85]
[24 24 97 96]	[ 8  8 85 84]
[24 24 97 96]	[ 8  1 84 82]
[24 24 97 96]	[ 1 19 82 80]
[24 24 97 96]	[19  5 80 82]
[24 24 97 96]	[ 5  5 82 84]
[24 24 97 96]	[ 5 22 84 84]
[24 24 97 96]	[22  8 84 85]
[24 24 97 96]	[ 8  1 85 87]
[24 24 97 96]	[ 1  1 87 85]
[24 24 97 96]	[ 1  6 85 84]
[24 24 97 96]	[ 6  1 84 82]
[24 24 97 96]	[ 1 15 82 80]
[24 24 97 96]	[15  5 80 78]
[24 24 97 96]	[ 5 22 78 77]
[24 24 97 96]	[22  8 77 82]
[24 24 97 96]	[ 8 22 82 80]
[24 24 97 96]	[22  8 80 85]
[24 24 97 96]	[ 8 15 85 84]
[24 24 97 96]	[15 24 84 82]
[24 24 97 96]	[24 24 82 87]
[24 24 97 96]	[24  5 87 85]
[24 24 97 96]	[ 5 22 85 84]
[24 24 97 96]	[22 22 84 82]
[24 24 97 96]	[22 17 82 85]
[24 24 97 96]	[17  1 85 84]
[24 24 97 96]	[ 1  8 84 85]
[24 24 97 96]	[ 8  1 85 87]
[24 24 97 96]	[ 1 24 87 80]
[24 24 97 96]	[24  3 80 84]
[24 24 97 96]	[ 3  8 84 82]
[24 24 97 96]	[ 8  1 82 80]
[24 24 97 96]	[ 1 22 80 80]
[24 24 97 96]	[22  5 80 85]
[24 24 97 96]	[ 5  6 85 84]
[24 24 97 96]	[ 6  1 84 82]
[-1 -1 -1 -1]	[ 1 20 82 77]
[24 24 97 96]	[20 15 77 80]
[24 24 97 96]	[15  1 80 78]
[24 24 97 96]	[ 1 22 78 89]
[24 24 97 96]	[22 22 89 89]
[24 24 97 96]	[22 18 89 89]
[24 24 97 96]	[18 15 89 92]
[24 24 97 96]	[15  8 92 90]
[24 24 97 96]	[ 8  1 90 90]
[24 24 97 96]	[ 1  1 90 89]
[24 24 97 96]	[ 1  1 89 89]
[24 24 97 96]	[ 1 20 89 89]
[24 24 97 96]	[20  1 89 87]
[24 24 97 96]	[ 1 15 87 89]
[24 24 97 96]	[15  1 89 90]
[24 24 97 96]	[ 1  8 90 89]
[24 24 97 96]	[ 8  1 89 87]
[24 24 97 96]	[ 1  1 87 85]
[24 24 97 96]	[ 1  1 85 89]
[24 24 97 96]	[ 1 20 89 89]
[24 24 97 96]	[20  8 89 87]
[24 24 97 96]	[ 8 22 87 87]
[24 24 97 96]	[22 22 87 85]
[24 24 97 96]	[22  5 85 85]
[24 24 97 96]	[ 5  6 85 84]
[24 24 97 96]	[ 6 18 84 94]
[24 24 97 96]	[18 15 94 92]
[24 24 97 96]	[15  1 92 90]
[24 24 97 96]	[ 1 15 90 89]
[-1 -1 -1 -1]	[15  8 89 87]
[24 24 97 96]	[ 8  1 87 87]
[24 24 97 96]	[ 1 22 87 85]
[24 24 97 96]	[22 22 85 89]
[24 24 97 96]	[22  5 89 89]
[24 24 97 96]	[ 5  5 89 89]
[24 24 97 96]	[ 5 24 89 89]
[24 24 97 96]	[24 22 89 87]
[24 24 97 96]	[22  5 87 85]
[24 24 97 96]	[ 5  1 85 84]
[24 24 97 96]	[ 1 22 84 89]
[24 24 97 96]	[22 22 89 89]
[24 24 97 96]	[22 18 89 90]
[24 24 97 96]	[18 15 90 92]
[24 24 97 96]	[15  1 92 90]
[24 24 97 96]	[ 1  8 90 89]
[24 24 97 96]	[ 8  1 89 87]
[24 24 97 96]	[ 1  1 87 89]
[24 24 97 96]	[ 1 15 89 89]
[24 24 97 96]	[15  3 89 87]
[24 24 97 96]	[ 3 17 87 85]
[24 24 97 96]	[17  6 85 84]
[24 24 97 96]	[ 6  8 84 82]
[24 24 97 96]	[ 8 22 82 84]
[24 24 97 96]	[22  5 84 85]
[24 24 97 96]	[ 5  5 85 84]
[24 24 97 96]	[ 5  1 84 89]
[24 24 97 96]	[ 1  6 89 85]
[24 24 97 96]	[ 6 15 85 85]
[24 24 97 96]	[15 17 85 87]
[24 24 97 96]	[17 15 87 89]
[24 24 97 96]	[15 15 89 90]
[24 24 97 96]	[15 21 90 89]
[24 24 97 96]	[21  5 89 87]
[24 24 97 96]	[ 5  5 87 87]
[-1 -1 -1 -1]	[ 5  5 87 89]
[24 24 97 96]	[ 5 10 89 87]
[24 24 97 96]	[10 -1 87 86]
[24 24 97 96]	[-1  1 86  0]
[24 24 97 96]	[ 1 24  0 73]
[24 24 97 96]	[24  1 73 72]
[24 24 97 96]	[ 1  3 72 73]
[24 24 97 96]	[ 3  5 73 75]
[24 24 97 96]	[ 5 22 75 75]
[24 24 97 96]	[22 24 75 73]
[24 24 97 96]	[24  5 73 75]
[24 24 97 96]	[ 5  5 75 77]
[24 24 97 96]	[ 5  6 77  0]
[24 24 97 96]	[ 6  1  0 78]
[24 24 97 96]	[ 1 21 78 77]
[24 24 97 96]	[21 22 77 75]
[24 24 97 96]	[22  8 75 73]
[24 24 97 96]	[ 8  8 73 72]
[24 24 97 96]	[ 8 15 72 73]
[24 24 97 96]	[15  1 73 75]
[24 24 97 96]	[ 1  1 75 73]
[24 24 97 96]	[ 1  1 73  0]
[24 24 97 96]	[ 1 15  0 73]
[24 24 97 96]	[15 15 73 75]
[24 24 97 96]	[15 21 75 77]
[24 24 97 96]	[21  5 77 78]
[24 24 97 96]	[ 5  5 78 77]
[24 24 97 96]	[ 5 22 77 75]
[24 24 97 96]	[22 15 75 73]
[24 24 97 96]	[15 15 73 75]
[24 24 97 96]	[15 17 75 73]
[24 24 97 96]	[17 22 73 72]
[24 24 97 96]	[22 22 72 70]
[24 24 97 96]	[22 12 70  0]
[24 24 97 96]	[12 17  0 72]
[24 24 97 96]	[17 13 72 68]
[24 24 97 96]	[13  3 68 68]
[24 24 97 96]	[ 3 14 68 75]
[24 24 97 96]	[14 15 75 77]
[24 24 97 96]	[15 15 77 78]
[24 24 97 96]	[15 11 78 77]
[24 24 97 96]	[11 18 77 75]
[24 24 97 96]	[18 18 75 73]
[24 24 97 96]	[18  8 73  0]
[24 24 97 96]	[ 8  1  0 80]
[24 24 97 96]	[ 1 22 80 77]
[24 24 97 96]	[22 15 77 77]
[24 24 97 96]	[15 18 77 75]
[24 24 97 96]	[18  8 75 73]
[24 24 97 96]	[ 8  1 73 72]
[-1 -1 -1 -1]	[ 1 20 72 73]
[24 24 97 96]	[20  1 73 75]
[24 24 97 96]	[ 1 22 75 73]
[24 24 97 96]	[22  5 73 89]
[24 24 97 96]	[ 5 22 89 89]
[24 24 97 96]	[22 22 89 89]
[24 24 97 96]	[22  8 89 90]
[24 24 97 96]	[ 8  8 90 92]
[24 24 97 96]	[ 8  1 92 90]
[24 24 97 96]	[ 1 15 90 89]
[24 24 97 96]	[15 17 89 87]
[24 24 97 96]	[17 17 87 89]
[24 24 97 96]	[17  1 89 87]
[24 24 97 96]	[ 1  1 87 85]
[24 24 97 96]	[ 1  5 85 89]
[24 24 97 96]	[ 5 22 89 89]
[24 24 97 96]	[22 22 89 89]
[24 24 97 96]	[22 17 89 90]
[24 24 97 96]	[17 17 90 92]
[24 24 97 96]	[17 22 92 90]
[24 24 97 96]	[22  3 90 89]
[24 24 97 96]	[ 3  5 89 87]
[24 24 97 96]	[ 5 22 87 89]
[24 24 97 96]	[22 22 89 85]
[24 24 97 96]	[22  6 85 89]
[24 24 97 96]	[ 6  1 89 90]
[24 24 97 96]	[ 1  3 90 89]
[24 24 97 96]	[ 3 22 89 87]
[24 24 97 96]	[22 22 87 85]
[24 24 97 96]	[22 22 85 87]
[24 24 97 96]	[22  5 87 89]
[24 24 97 96]	[ 5  6 89 84]
[24 24 97 96]	[ 6 14 84 82]
[24 24 97 96]	[14 15 82 89]
[24 24 97 96]	[15  1 89 90]
[24 24 97 96]	[ 1  8 90 89]
[24 24 97 96]	[ 8 22 89 87]
[24 24 97 96]	[22 22 87 85]
[24 24 97 96]	[22 22 85 87]
[24 24 97 96]	[22  5 87 89]
[24 24 97 96]	[ 5 22 89 84]
[24 24 97 96]	[22 22 84 82]
[24 24 97 96]	[22  5 82 89]
[24 24 97 96]	[ 5 21 89 89]
[24 24 97 96]	[21 22 89 87]
[24 24 97 96]	[22 22 87 85]
[24 24 97 96]	[22 22 85 84]
[24 24 97 96]	[22 22 84 82]
[24 24 97 96]	[22 22 82 84]
[24 24 97 96]	[22 22 84 85]
[24 24 97 96]	[22 15 85 85]
[-1 -1 -1 -1]	[15 21 85 87]
[24 24 97 96]	[21  5 87 87]
[24 24 97 96]	[ 5 15 87 89]
[24 24 97 96]	[15  1 89 82]
[24 24 97 96]	[ 1  6 82 85]
[24 24 97 96]	[ 6 20 85 82]
[24 24 97 96]	[20  6 82 83]
[24 24 97 96]	[ 6 20 83 82]
[24 24 97 96]	[20 13 82 80]
[24 24 97 96]	[13  6 80 80]
[24 24 97 96]	[ 6  6 80 78]
[24 24 97 96]	[ 6 24 78 82]
[24 24 97 96]	[24 22 82 84]
[24 24 97 96]	[22 24 84 85]
[24 24 97 96]	[24 22 85 87]
[24 24 97 96]	[22  5 87 85]
[24 24 97 96]	[ 5 10 85 84]
[24 24 97 96]	[10 10 84 82]
[24 24 97 96]	[10 15 82 77]
[24 24 97 96]	[15 15 77 78]
[24 24 97 96]	[15  8 78 78]
[24 24 97 96]	[ 8 24 78 80]
[24 24 97 96]	[24 22 80 80]
[24 24 97 96]	[22 22 80 82]
[24 24 97 96]	[22 15 82 82]
[24 24 97 96]	[15 15 82 78]
[24 24 97 96]	[15  1 78 75]
[24 24 97 96]	[ 1  6 75 77]
[24 24 97 96]	[ 6 24 77 78]
[24 24 97 96]	[24 15 78 80]
[-1 -1 -1 -1]	[15 22 80 78]
[24 24 97 96]	[22  3 78 77]
[24 24 97 96]	[ 3  1 77 75]
[24 24 97 96]	[ 1  6 75 85]
[24 24 97 96]	[ 6  1 85 85]
[24 24 97 96]	[ 1  8 85 85]
[24 24 97 96]	[ 8 22 85 87]
[24 24 97 96]	[22  6 87 85]
[24 24 97 96]	[ 6  1 85 90]
[24 24 97 96]	[ 1  6 90 92]
[24 24 97 96]	[ 6 22 92 90]
[24 24 97 96]	[22 22 90 89]
[24 24 97 96]	[22 17 89 90]
[24 24 97 96]	[17  6 90 92]
[24 24 97 96]	[ 6  8 92 94]
[24 24 97 96]	[ 8  8 94 92]
[24 24 97 96]	[ 8  1 92 90]
[24 24 97 96]	[ 1  8 90 89]
[24 24 97 96]	[ 8  1 89 87]
[24 24 97 96]	[ 1  1 87 85]
[24 24 97 96]	[ 1 24 85 85]
[24 24 97 96]	[24  1 85 90]
[24 24 97 96]	[ 1  1 90 89]
[24 24 97 96]	[ 1  1 89 90]
[24 24 97 96]	[ 1  8 90 92]
[24 24 97 96]	[ 8  1 92 87]
[24 24 97 96]	[ 1  1 87 85]
[24 24 97 96]	[ 1  3 85 84]
[24 24 97 96]	[ 3  8 84 82]
[24 24 97 96]	[ 8  8 82 80]
[24 24 97 96]	[ 8  8 80 80]
[24 24 97 96]	[ 8  3 80 87]
[24 24 97 96]	[ 3  8 87 87]
[24 24 97 96]	[ 8  1 87 87]
[24 24 97 96]	[ 1 15 87 89]
[24 24 97 96]	[15 15 89 90]
[24 24 97 96]	[15 15 90 89]
[24 24 97 96]	[15 22 89 87]
[24 24 97 96]	[22 22 87 85]
[24 24 97 96]	[22  1 85 87]
[24 24 97 96]	[ 1  8 87 89]
[24 24 97 96]	[ 8  1 89 87]
[24 24 97 96]	[ 1  1 87 85]
[-1 -1 -1 -1]	[ 1  6 85 85]
[24 24 97 96]	[ 6  1 85 85]
[24 24 97 96]	[ 1  1 85 85]
[24 24 97 96]	[ 1 22 85 73]
[24 24 97 96]	[22 17 73 73]
[24 24 97 96]	[17  6 73 72]
[24 24 97 96]	[ 6  8 72 70]
[24 24 97 96]	[ 8  1 70 72]
[24 24 97 96]	[ 1 15 72 73]
[24 24 97 96]	[15  1 73 75]
[24 24 97 96]	[ 1  1 75 73]
[24 24 97 96]	[ 1  1 73 73]
[24 24 97 96]	[ 1  3 73 73]
[24 24 97 96]	[ 3  8 73 75]
[24 24 97 96]	[ 8  8 75 72]
[24 24 97 96]	[ 8  8 72 70]
[24 24 97 96]	[ 8  3 70 68]
[24 24 97 96]	[ 3  8 68 73]
[24 24 97 96]	[ 8  5 73 72]
[24 24 97 96]	[ 5 22 72 72]
[24 24 97 96]	[22  6 72 73]
[24 24 97 96]	[ 6 24 73 73]
[24 24 97 96]	[24  1 73 75]
[24 24 97 96]	[ 1  3 75 77]
[24 24 97 96]	[ 3  8 77 75]
[24 24 97 96]	[ 8 17 75 75]
[24 24 97 96]	[17  6 75 77]
[24 24 97 96]	[ 6  1 77 78]
[24 24 97 96]	[ 1  3 78 77]
[24 24 97 96]	[ 3 17 77 75]
[24 24 97 96]	[17 17 75 77]
[24 24 97 96]	[17 22 77 75]
[24 24 97 96]	[22  1 75 73]
[24 24 97 96]	[ 1  1 73 73]
[-1 -1 -1 -1]	[ 1  8 73 75]
[24 24 97 96]	[ 8  8 75 75]
[24 24 97 96]	[ 8 22 75 73]
[24 24 97 96]	[22 15 73 82]
[24 24 97 96]	[15  6 82 82]
[24 24 97 96]	[ 6  5 82 82]
[24 24 97 96]	[ 5  5 82 81]
[24 24 97 96]	[ 5  5 81 79]
[24 24 97 96]	[ 5 22 79 77]
[24 24 97 96]	[22  5 77 82]
[24 24 97 96]	[ 5 22 82 84]
[24 24 97 96]	[22 22 84 85]
[24 24 97 96]	[22  5 85 85]
[24 24 97 96]	[ 5 22 85 87]
[24 24 97 96]	[22  5 87 85]
[24 24 97 96]	[ 5  5 85 84]
[24 24 97 96]	[ 5 22 84 84]
[24 24 97 96]	[22  8 84 85]
[24 24 97 96]	[ 8  1 85 87]
[24 24 97 96]	[ 1  1 87 89]
[24 24 97 96]	[ 1  6 89 87]
[24 24 97 96]	[ 6  6 87 85]
[24 24 97 96]	[ 6  8 85 90]
[24 24 97 96]	[ 8  1 90 90]
[24 24 97 96]	[ 1  1 90 89]
[24 24 97 96]	[ 1 22 89 87]
[24 24 97 96]	[22  8 87 89]
[24 24 97 96]	[ 8  1 89 87]
[24 24 97 96]	[ 1 22 87 85]
[24 24 97 96]	[22 24 85 85]
[24 24 97 96]	[24  6 85 84]
[24 24 97 96]	[ 6  8 84 82]
[24 24 97 96]	[ 8  1 82 80]
[24 24 97 96]	[ 1  1 80 77]
[24 24 97 96]	[ 1  1 77 78]
[24 24 97 96]	[ 1 22 78 80]
[24 24 97 96]	[22  6 80 80]
[24 24 97 96]	[ 6 17 80 82]
[24 24 97 96]	[17 15 82 80]
[24 24 97 96]	[15  5 80 78]
[24 24 97 96]	[ 5 22 78 77]
[24 24 97 96]	[22 24 77 89]
[24 24 97 96]	[24 22 89 87]
[24 24 97 96]	[22 22 87 85]
[-1 -1 -1 -1]	[22  5 85 84]
[24 24 97 96]	[ 5 10 84 84]
[24 24 97 96]	[10  1 84 82]
[24 24 97 96]	[ 1  1 82 80]
[24 24 97 96]	[ 1  6 80 80]
[24 24 97 96]	[ 6  8 80 82]
[24 24 97 96]	[ 8 15 82 80]
[24 24 97 96]	[15 15 80 82]
[24 24 97 96]	[15  1 82 84]
[24 24 97 96]	[ 1 20 84 85]
[24 24 97 96]	[20  8 85 85]
[24 24 97 96]	[ 8  1 85 84]
[24 24 97 96]	[ 1  8 84 85]
[24 24 97 96]	[ 8 17 85 87]
[24 24 97 96]	[17 22 87 89]
[24 24 97 96]	[22 17 89 85]
[24 24 97 96]	[17 17 85 84]
[24 24 97 96]	[17  8 84 85]
[24 24 97 96]	[ 8  3 85 87]
[24 24 97 96]	[ 3 24 87 82]
[24 24 97 96]	[24 17 82 87]
[24 24 97 96]	[17  1 87 87]
[24 24 97 96]	[ 1  8 87 85]
[24 24 97 96]	[ 8 22 85 84]
[24 24 97 96]	[22  3 84 82]
[24 24 97 96]	[ 3  3 82 82]
[24 24 97 96]	[ 3  8 82 80]
[24 24 97 96]	[ 8  1 80 80]
[24 24 97 96]	[ 1  1 80 85]
[24 24 97 96]	[ 1  8 85 85]
[24 24 97 96]	[ 8  1 85 84]
[24 24 97 96]	[ 1  6 84 85]
[24 24 97 96]	[ 6 15 85 82]
[24 24 97 96]	[15 17 82 87]
[24 24 97 96]	[17 10 87 87]
[24 24 97 96]	[10  3 87 86]
[24 24 97 96]	[ 3  8 86 87]
[24 24 97 96]	[ 8  1 87 87]
[24 24 97 96]	[ 1  6 87 89]
[24 24 97 96]	[ 6  8 89 85]
[24 24 97 96]	[ 8  8 85 84]
[24 24 97 96]	[ 8  8 84 85]
[24 24 97 96]	[ 8  3 85 87]
[24 24 97 96]	[ 3 24 87 82]
[24 24 97 96]	[24 17 82 87]
[24 24 97 96]	[17 22 87 87]
[24 24 97 96]	[22  8 87 85]
[24 24 97 96]	[ 8  8 85 84]
[24 24 97 96]	[ 8 15 84 82]
[24 24 97 96]	[15  3 82 82]
[-1 -1 -1 -1]	[ 3  3 82 82]
[24 24 97 96]	[ 3  8 82 80]
[24 24 97 96]	[ 8 22 80 80]
[24 24 97 96]	[22 19 80 73]
[24 24 97 96]	[19 19 73 72]
[24 24 97 96]	[19 22 72 70]
[24 24 97 96]	[22 22 70 77]
[24 24 97 96]	[22 22 77 75]
[24 24 97 96]	[22 24 75 73]
[24 24 97 96]	[24  1 73 72]
[24 24 97 96]	[ 1  1 72 73]
[24 24 97 96]	[ 1  5 73 75]
[24 24 97 96]	[ 5 22 75 69]
[24 24 97 96]	[22 22 69 70]
[24 24 97 96]	[22 22 70 72]
[24 24 97 96]	[22 15 72 73]
[24 24 97 96]	[15  1 73 66]
[24 24 97 96]	[ 1 20 66 65]
[24 24 97 96]	[20  8 65 63]
[24 24 97 96]	[ 8  1 63 68]
[24 24 97 96]	[ 1  1 68 65]
[24 24 97 96]	[ 1  1 65 77]
[24 24 97 96]	[ 1  3 77 68]
[24 24 97 96]	[ 3  8 68 67]
[24 24 97 96]	[ 8 22 67 68]
[24 24 97 96]	[22 24 68 73]
[24 24 97 96]	[24 24 73 72]
[24 24 97 96]	[24  8 72 70]
[24 24 97 96]	[ 8  8 70 72]
[24 24 97 96]	[ 8 15 72 72]
[24 24 97 96]	[15 15 72 73]
[24 24 97 96]	[15  5 73 75]
[24 24 97 96]	[ 5 22 75 69]
[24 24 97 96]	[22 22 69 77]
[24 24 97 96]	[22  5 77 73]
[-1 -1 -1 -1]	[ 5  5 73 72]
[24 24 97 96]	[ 5 22 72 70]
[24 24 97 96]	[22  5 70 70]
[24 24 97 96]	[ 5 22 70 84]
[24 24 97 96]	[22 21 84 77]
[24 24 97 96]	[21 22 77 84]
[24 24 97 96]	[22  8 84 85]
[24 24 97 96]	[ 8  8 85 84]
[24 24 97 96]	[ 8  1 84 82]
[24 24 97 96]	[ 1 19 82 80]
[24 24 97 96]	[19  5 80 82]
[24 24 97 96]	[ 5  5 82 84]
[24 24 97 96]	[ 5 22 84 84]
[24 24 97 96]	[22  8 84 85]
[24 24 97 96]	[ 8  1 85 87]
[24 24 97 96]	[ 1  1 87 85]
[24 24 97 96]	[ 1  6 85 84]
[24 24 97 96]	[ 6  1 84 82]
[24 24 97 96]	[ 1 15 82 80]
[24 24 97 96]	[15  5 80 78]
[24 24 97 96]	[ 5 22 78 77]
[24 24 97 96]	[22  8 77 82]
[24 24 97 96]	[ 8 22 82 80]
[24 24 97 96]	[22  8 80 85]
[24 24 97 96]	[ 8 15 85 84]
[24 24 97 96]	[15 24 84 82]
[24 24 97 96]	[24 24 82 87]
[24 24 97 96]	[24  5 87 85]
[24 24 97 96]	[ 5 22 85 84]
[24 24 97 96]	[22 22 84 82]
[24 24 97 96]	[22 17 82 85]
[24 24 97 96]	[17  1 85 84]
[24 24 97 96]	[ 1  8 84 85]
[24 24 97 96]	[ 8  1 85 87]
[24 24 97 96]	[ 1 24 87 80]
[24 24 97 96]	[24  3 80 84]
[24 24 97 96]	[ 3  8 84 82]
[24 24 97 96]	[ 8  1 82 80]
[24 24 97 96]	[ 1 22 80 80]
[24 24 97 96]	[22  5 80 85]
[24 24 97 96]	[ 5  6 85 84]
[24 24 97 96]	[ 6  1 84 82]
[-1 -1 -1 -1]	[ 1 20 82 77]
[24 24 97 96]	[20 15 77 80]
[24 24 97 96]	[15  8 80 78]
[24 24 97 96]	[ 8  1 78 80]
[24 24 97 96]	[ 1 17 80 77]
[24 24 97 96]	[17  6 77 80]
[24 24 97 96]	[ 6  8 80 82]
[24 24 97 96]	[ 8  8 82 80]
[24 24 97 96]	[ 8  1 80 78]
[24 24 97 96]	[ 1  1 78 77]
[24 24 97 96]	[ 1  8 77 77]
[24 24 97 96]	[ 8  1 77 75]
[24 24 97 96]	[ 1 20 75 77]
[24 24 97 96]	[20  8 77 75]
[24 24 97 96]	[ 8  1 75 75]
[24 24 97 96]	[ 1  8 75 73]
[24 24 97 96]	[ 8  8 73 75]
[24 24 97 96]	[ 8  1 75 75]
[24 24 97 96]	[ 1 15 75 77]
[24 24 97 96]	[15  8 77 78]
[24 24 97 96]	[ 8  8 78 80]
[24 24 97 96]	[ 8  1 80 78]
[24 24 97 96]	[ 1  8 78 77]
[24 24 97 96]	[ 8  8 77 75]
[24 24 97 96]	[ 8  1 75 75]
[24 24 97 96]	[ 1  1 75 77]
[24 24 97 96]	[ 1  8 77 79]
[24 24 97 96]	[ 8 22 79 80]
[24 24 97 96]	[22 22 80 82]
[24 24 97 96]	[22  3 82 80]
[24 24 97 96]	[ 3  8 80 78]
[24 24 97 96]	[ 8  8 78 80]
[24 24 97 96]	[ 8  1 80 80]
[24 24 97 96]	[ 1  1 80 77]
[24 24 97 96]	[ 1  6 77 80]
[24 24 97 96]	[ 6 17 80 82]
[24 24 97 96]	[17 15 82 80]
[24 24 97 96]	[15 10 80 78]
[24 24 97 96]	[10 22 78 77]
[24 24 97 96]	[22  8 77 77]
[24 24 97 96]	[ 8  1 77 75]
[24 24 97 96]	[ 1 20 75 77]
[-1 -1 -1 -1]	[20  8 77 75]
[24 24 97 96]	[ 8  1 75 75]
[24 24 97 96]	[ 1  1 75 73]
[24 24 97 96]	[ 1  8 73 85]
[24 24 97 96]	[ 8 22 85 84]
[24 24 97 96]	[22  8 84 82]
[24 24 97 96]	[ 8 13 82 84]
[24 24 97 96]	[13  6 84 80]
[24 24 97 96]	[ 6 17 80 82]
[24 24 97 96]	[17  1 82 84]
[24 24 97 96]	[ 1  1 84 85]
[24 24 97 96]	[ 1 22 85 85]
[24 24 97 96]	[22 17 85 85]
[24 24 97 96]	[17  8 85 80]
[24 24 97 96]	[ 8  8 80 80]
[24 24 97 96]	[ 8  1 80 78]
[24 24 97 96]	[ 1  1 78 77]
[24 24 97 96]	[ 1  8 77 78]
[24 24 97 96]	[ 8 15 78 80]
[24 24 97 96]	[15 22 80 78]
[24 24 97 96]	[22 22 78 77]
[24 24 97 96]	[22  6 77 77]
[24 24 97 96]	[ 6  6 77 82]
[24 24 97 96]	[ 6  1 82 82]
[24 24 97 96]	[ 1  1 82 80]
[24 24 97 96]	[ 1  8 80 82]
[24 24 97 96]	[ 8 22 82 84]
[24 24 97 96]	[22 22 84 85]
[24 24 97 96]	[22 22 85 84]
[24 24 97 96]	[22  8 84 82]
[24 24 97 96]	[ 8 22 82 80]
[24 24 97 96]	[22 24 80 85]
[24 24 97 96]	[24 22 85 84]
[24 24 97 96]	[22  8 84 82]
[24 24 97 96]	[ 8  6 82 80]
[24 24 97 96]	[ 6  6 80 82]
[24 24 97 96]	[ 6  6 82 80]
[24 24 97 96]	[ 6  6 80 78]
[-1 -1 -1 -1]	[ 6 15 78 77]
[24 24 97 96]	[15  1 77 75]
[24 24 97 96]	[ 1  1 75 73]
[24 24 97 96]	[ 1  1 73 80]
[24 24 97 96]	[ 1 24 80 77]
[24 24 97 96]	[24 24 77 75]
[24 24 97 96]	[24  1 75 73]
[24 24 97 96]	[ 1  1 73 80]
[24 24 97 96]	[ 1  6 80 80]
[24 24 97 96]	[ 6  6 80 82]
[24 24 97 96]	[ 6  3 82  0]
[24 24 97 96]	[ 3  8  0 82]
[24 24 97 96]	[ 8  8 82 75]
[24 24 97 96]	[ 8  1 75 75]
[24 24 97 96]	[ 1  8 75 80]
[24 24 97 96]	[ 8  1 80 78]
[24 24 97 96]	[ 1  8 78 77]
[24 24 97 96]	[ 8  1 77 75]
[24 24 97 96]	[ 1  1 75 73]
[24 24 97 96]	[ 1  6 73 80]
[24 24 97 96]	[ 6 15 80 82]
[24 24 97 96]	[15  8 82 82]
[24 24 97 96]	[ 8  8 82 80]
[24 24 97 96]	[ 8  1 80 78]
[24 24 97 96]	[ 1  1 78 77]
[24 24 97 96]	[ 1  8 77  0]
[24 24 97 96]	[ 8  1  0 75]
[24 24 97 96]	[ 1 19 75 77]
[24 24 97 96]	[19  8 77 79]
[24 24 97 96]	[ 8 22 79 80]
[24 24 97 96]	[22  8 80 82]
[24 24 97 96]	[ 8  3 82 84]
[24 24 97 96]	[ 3  3 84 82]
[24 24 97 96]	[ 3  8 82 80]
[24 24 97 96]	[ 8  8 80 80]
[24 24 97 96]	[ 8  1 80 80]
[24 24 97 96]	[ 1  1 80 80]
[24 24 97 96]	[ 1  1 80 80]
[24 24 97 96]	[ 1  1 80 85]
[24 24 97 96]	[ 1  6 85 83]
[24 24 97 96]	[ 6  6 83 82]
[24 24 97 96]	[ 6  6 82  0]
[24 24 97 96]	[ 6 15  0 82]
[24 24 97 96]	[15 19 82 82]
[24 24 97 96]	[19  8 82 82]
[24 24 97 96]	[ 8 22 82 87]
[24 24 97 96]	[22  8 87 85]
[24 24 97 96]	[ 8  8 85 84]
[24 24 97 96]	[ 8  1 84  0]
[24 24 97 96]	[ 1  6  0 80]
[24 24 97 96]	[ 6  1 80 82]
[24 24 97 96]	[ 1 15 82 80]
[24 24 97 96]	[15 17 80 82]
[24 24 97 96]	[17 22 82 84]
[24 24 97 96]	[22 22 84 85]
[24 24 97 96]	[22  8 85  0]
[24 24 97 96]	[ 8  1  0 80]
[24 24 97 96]	[ 1  6 80 80]
[24 24 97 96]	[ 6  6 80 78]
[24 24 97 96]	[ 6 15 78 77]
[-1 -1 -1 -1]	[15  8 77 75]
[24 24 97 96]	[ 8  1 75 75]
[24 24 97 96]	[ 1 22 75 73]
[24 24 97 96]	[22  1 73 73]
[24 24 97 96]	[ 1  6 73 73]
[24 24 97 96]	[ 6  6 73 70]
[24 24 97 96]	[ 6  1 70 72]
[24 24 97 96]	[ 1  1 72 73]
[24 24 97 96]	[ 1  1 73 75]
[24 24 97 96]	[ 1  3 75 77]
[24 24 97 96]	[ 3  8 77 75]
[24 24 97 96]	[ 8  1 75 75]
[24 24 97 96]	[ 1 19 75 73]
[24 24 97 96]	[19  8 73 73]
[24 24 97 96]	[ 8 15 73 72]
[24 24 97 96]	[15 15 72 70]
[24 24 97 96]	[15 22 70 72]
[24 24 97 96]	[22 15 72 73]
[24 24 97 96]	[15 15 73 75]
[24 24 97 96]	[15 24 75 73]
[24 24 97 96]	[24 22 73 72]
[24 24 97 96]	[22  8 72 70]
[24 24 97 96]	[ 8  1 70 75]
[24 24 97 96]	[ 1 17 75 77]
[24 24 97 96]	[17  8 77 77]
[24 24 97 96]	[ 8  8 77 72]
[24 24 97 96]	[ 8 21 72 73]
[24 24 97 96]	[21 22 73 75]
[24 24 97 96]	[22 16 75 73]
[24 24 97 96]	[16  5 73 73]
[24 24 97 96]	[ 5 22 73 72]
[24 24 97 96]	[22  3 72 73]
[24 24 97 96]	[ 3  3 73 75]
[24 24 97 96]	[ 3  3 75 70]
[24 24 97 96]	[ 3  1 70 72]
[24 24 97 96]	[ 1  8 72 73]
[24 24 97 96]	[ 8 10 73 72]
[24 24 97 96]	[10  3 72 70]
[24 24 97 96]	[ 3  8 70 70]
[24 24 97 96]	[ 8 19 70 68]
[24 24 97 96]	[19  8 68 73]
[24 24 97 96]	[ 8  3 73 72]
[24 24 97 96]	[ 3  3 72 70]
[24 24 97 96]	[ 3 22 70 72]
[24 24 97 96]	[22 15 72 73]
[24 24 97 96]	[15 15 73 75]
[-1 -1 -1 -1]	[15  5 75 73]
[24 24 97 96]	[ 5 22 73 72]
[24 24 97 96]	[22 22 72 70]
[24 24 97 96]	[22 22 70 65]
[24 24 97 96]	[22 17 65 70]
[24 24 97 96]	[17 22 70 72]
[24 24 97 96]	[22 21 72 73]
[24 24 97 96]	[21 22 73 72]
[24 24 97 96]	[22 24 72 70]
[24 24 97 96]	[24  5 70 72]
[24 24 97 96]	[ 5  5 72 69]
[24 24 97 96]	[ 5  5 69 67]
[24 24 97 96]	[ 5 17 67 65]
[24 24 97 96]	[17 22 65 68]
[24 24 97 96]	[22 24 68 68]
[24 24 97 96]	[24  5 68 66]
[24 24 97 96]	[ 5  3 66 65]
[24 24 97 96]	[ 3 22 65 70]
[24 24 97 96]	[22 22 70 70]
[24 24 97 96]	[22  5 70 72]
[24 24 97 96]	[ 5 22 72 69]
[24 24 97 96]	[22  5 69 70]
[24 24 97 96]	[ 5 22 70 72]
[24 24 97 96]	[22  8 72 73]
[24 24 97 96]	[ 8  1 73 75]
[24 24 97 96]	[ 1 22 75 77]
[24 24 97 96]	[22 15 77 77]
[24 24 97 96]	[15 15 77 75]
[24 24 97 96]	[15 15 75 77]
[24 24 97 96]	[15  8 77 78]
[24 24 97 96]	[ 8  1 78 75]
[24 24 97 96]	[ 1 10 75 73]
[24 24 97 96]	[10  3 73 77]
[24 24 97 96]	[ 3  6 77 75]
[24 24 97 96]	[ 6  8 75 73]
[24 24 97 96]	[ 8 22 73 72]
[24 24 97 96]	[22 22 72 70]
[24 24 97 96]	[22 16 70 72]
[24 24 97 96]	[16 16 72 73]
[-1 -1 -1 -1]	[16  5 73 72]
[24 24 97 96]	[ 5 10 72 72]
[24 24 97 96]	[10  1 72 70]
[24 24 97 96]	[ 1  8 70 92]
[24 24 97 96]	[ 8  1 92 92]
[24 24 97 96]	[ 1  1 92 92]
[24 24 97 96]	[ 1  1 92 92]
[24 24 97 96]	[ 1 11 92 94]
[24 24 97 96]	[11  6 94 95]
[24 24 97 96]	[ 6 13 95 94]
[24 24 97 96]	[13  6 94 92]
[24 24 97 96]	[ 6  8 92 90]
[24 24 97 96]	[ 8  1 90 92]
[24 24 97 96]	[ 1  1 92 89]
[24 24 97 96]	[ 1  1 89 87]
[24 24 97 96]	[ 1  1 87 85]
[24 24 97 96]	[ 1 22 85 87]
[24 24 97 96]	[22  3 87 89]
[24 24 97 96]	[ 3  8 89 91]
[24 24 97 96]	[ 8  3 91 92]
[24 24 97 96]	[ 3  8 92 94]
[24 24 97 96]	[ 8  1 94 92]
[24 24 97 96]	[ 1  1 92 92]
[24 24 97 96]	[ 1  8 92 97]
[24 24 97 96]	[ 8  3 97 96]
[24 24 97 96]	[ 3 12 96 94]
[24 24 97 96]	[12  1 94 96]
[24 24 97 96]	[ 1  1 96 97]
[24 24 97 96]	[ 1  3 97 96]
[24 24 97 96]	[ 3  8 96 94]
[24 24 97 96]	[ 8  1 94 92]
[24 24 97 96]	[ 1 22 92 92]
[24 24 97 96]	[22 18 92 97]
[24 24 97 96]	[18  6 97 92]
[24 24 97 96]	[ 6 22 92 94]
[24 24 97 96]	[22 22 94 89]
[24 24 97 96]	[22  8 89 90]
[24 24 97 96]	[ 8 15 90 92]
[24 24 97 96]	[15 10 92 90]
[24 24 97 96]	[10  1 90 89]
[24 24 97 96]	[ 1  8 89 89]
[24 24 97 96]	[ 8  8 89 87]
[24 24 97 96]	[ 8  6 87 89]
[24 24 97 96]	[ 6  1 89 90]
[24 24 97 96]	[ 1 15 90 89]
[24 24 97 96]	[15  3 89 87]
[-1 -1 -1 -1]	[ 3  8 87 82]
[24 24 97 96]	[ 8  1 82 84]
[24 24 97 96]	[ 1 22 84 85]
[24 24 97 96]	[22  1 85 73]
[24 24 97 96]	[ 1  6 73 73]
[24 24 97 96]	[ 6  1 73 73]
[24 24 97 96]	[ 1 15 73 73]
[24 24 97 96]	[15  1 73 75]
[24 24 97 96]	[ 1  1 75 77]
[24 24 97 96]	[ 1  1 77  0]
[24 24 97 96]	[ 1 22  0 77]
[24 24 97 96]	[22  1 77 77]
[24 24 97 96]	[ 1  6 77 80]
[24 24 97 96]	[ 6  6 80 73]
[24 24 97 96]	[ 6  1 73 75]
[24 24 97 96]	[ 1 20 75 77]
[24 24 97 96]	[20  1 77 75]
[24 24 97 96]	[ 1  1 75 73]
[24 24 97 96]	[ 1  8 73 77]
[24 24 97 96]	[ 8  5 77 75]
[24 24 97 96]	[ 5 22 75 77]
[24 24 97 96]	[22 15 77 73]
[24 24 97 96]	[15  5 73 75]
[24 24 97 96]	[ 5  5 75 72]
[24 24 97 96]	[ 5 22 72  0]
[24 24 97 96]	[22  6  0 73]
[24 24 97 96]	[ 6 18 73 73]
[24 24 97 96]	[18 15 73 73]
[24 24 97 96]	[15 16 73 75]
[24 24 97 96]	[16 17 75 73]
[24 24 97 96]	[17 22 73 72]
[24 24 97 96]	[22 17 72 70]
[24 24 97 96]	[17 17 70 72]
[24 24 97 96]	[17 12 72 72]
[24 24 97 96]	[12 17 72 72]
[24 24 97 96]	[17  3 72 72]
[24 24 97 96]	[ 3  8 72 73]
[24 24 97 96]	[ 8  8 73 75]
[24 24 97 96]	[ 8  8 75  0]
[24 24 97 96]	[ 8  8  0 75]
[24 24 97 96]	[ 8  1 75 75]
[24 24 97 96]	[ 1 15 75 77]
[24 24 97 96]	[15  8 77 78]
[24 24 97 96]	[ 8  1 78 78]
[24 24 97 96]	[ 1  1 78 77]
[24 24 97 96]	[ 1  1 77  0]
[24 24 97 96]	[ 1 22  0 77]
[24 24 97 96]	[22 18 77 77]
[24 24 97 96]	[18 15 77 80]
[24 24 97 96]	[15  1 80 78]
[24 24 97 96]	[ 1  8 78 77]
[24 24 97 96]	[ 8  8 77 75]
[24 24 97 96]	[ 8  8 75  0]
[24 24 97 96]	[ 8  5  0 75]
[24 24 97 96]	[ 5  5 75 77]
[24 24 97 96]	[ 5 22 77 75]
[-1 -1 -1 -1]	[22 17 75 73]
[24 24 97 96]	[17 22 73 72]
[24 24 97 96]	[22 22 72 70]
[24 24 97 96]	[22 22 70 82]
[24 24 97 96]	[22 22 82 85]
[24 24 97 96]	[22 22 85 84]
[24 24 97 96]	[22 24 84 85]
[24 24 97 96]	[24  1 85 87]
[24 24 97 96]	[ 1  1 87 89]
[24 24 97 96]	[ 1  8 89 89]
[24 24 97 96]	[ 8 22 89 87]
[24 24 97 96]	[22 17 87 85]
[24 24 97 96]	[17  5 85 84]
[24 24 97 96]	[ 5  5 84 84]
[24 24 97 96]	[ 5 22 84 84]
[24 24 97 96]	[22  3 84 89]
[24 24 97 96]	[ 3 19 89 87]
[24 24 97 96]	[19 22 87 87]
[24 24 97 96]	[22 17 87 85]
[24 24 97 96]	[17 22 85 84]
[24 24 97 96]	[22 15 84 85]
[24 24 97 96]	[15 22 85 87]
[24 24 97 96]	[22 24 87 85]
[-1 -1 -1 -1]	[24 17 85 84]
[24 24 97 96]	[17 10 84 84]
[24 24 97 96]	[10 22 84 82]
[24 24 97 96]	[22 22 82 70]
[24 24 97 96]	[22 22 70 72]
[24 24 97 96]	[22 22 72 73]
[24 24 97 96]	[22 22 73 75]
[24 24 97 96]	[22 22 75 77]
[24 24 97 96]	[22 22 77 82]
[24 24 97 96]	[22 24 82 82]
[24 24 97 96]	[24  5 82 84]
[24 24 97 96]	[ 5 22 84 81]
[24 24 97 96]	[22 22 81 82]
[24 24 97 96]	[22 22 82 82]
[24 24 97 96]	[22 17 82 85]
[24 24 97 96]	[17  6 85 84]
[24 24 97 96]	[ 6 13 84 82]
[24 24 97 96]	[13  6 82 80]
[24 24 97 96]	[ 6  6 80 82]
[24 24 97 96]	[ 6 15 82 80]
[24 24 97 96]	[15  1 80 78]
[24 24 97 96]	[ 1 22 78 77]
[24 24 97 96]	[22 22 77 77]
[24 24 97 96]	[22 22 77 77]
[24 24 97 96]	[22  1 77 78]
[24 24 97 96]	[ 1 22 78 80]
[24 24 97 96]	[22  6 80 73]
[24 24 97 96]	[ 6  1 73 78]
[24 24 97 96]	[ 1 20 78 77]
[24 24 97 96]	[20  8 77 75]
[24 24 97 96]	[ 8  8 75 75]
[24 24 97 96]	[ 8 15 75 75]
[24 24 97 96]	[15  6 75 77]
[24 24 97 96]	[ 6 20 77 78]
[24 24 97 96]	[20 20 78 80]
[24 24 97 96]	[20 17 80 78]
[24 24 97 96]	[17  6 78 77]
[24 24 97 96]	[ 6 15 77 78]
[24 24 97 96]	[15 22 78 75]
[24 24 97 96]	[22 22 75 77]
[24 24 97 96]	[22 22 77 77]
[24 24 97 96]	[22  8 77 78]
[24 24 97 96]	[ 8  1 78 80]
[24 24 97 96]	[ 1  6 80 77]
[24 24 97 96]	[ 6  1 77 78]
[24 24 97 96]	[ 1 20 78 77]
[24 24 97 96]	[20  1 77 75]
[24 24 97 96]	[ 1  1 75 73]
[24 24 97 96]	[ 1 22 73 73]
[24 24 97 96]	[22 22 73 73]
[24 24 97 96]	[22  6 73 72]
[24 24 97 96]	[ 6 15 72 73]
[24 24 97 96]	[15  1 73 75]
[24 24 97 96]	[ 1 24 75 73]
[24 24 97 96]	[24  1 73 75]
[24 24 97 96]	[ 1  1 75 77]
[24 24 97 96]	[ 1  1 77 77]
[24 24 97 96]	[ 1 13 77 77]
[24 24 97 96]	[13  1 77 75]
[24 24 97 96]	[ 1  8 75 77]
[24 24 97 96]	[ 8  1 77 75]
[24 24 97 96]	[ 1  3 75 77]
[24 24 97 96]	[ 3  8 77 79]
[24 24 97 96]	[ 8 15 79 80]
[24 24 97 96]	[15 22 80 82]
[24 24 97 96]	[22 22 82 84]
[24 24 97 96]	[22 22 84 85]
[24 24 97 96]	[22  6 85 84]
[24 24 97 96]	[ 6 15 84 82]
[-1 -1 -1 -1]	[15 24 82 82]
[24 24 97 96]	[24  5 82 84]
[24 24 97 96]	[ 5  1 84 81]
[24 24 97 96]	[ 1  6 81 77]
[24 24 97 96]	[ 6 15 77 73]
[24 24 97 96]	[15  5 73 75]
[24 24 97 96]	[ 5  5 75 77]
[24 24 97 96]	[ 5 22 77 75]
[24 24 97 96]	[22 22 75 73]
[24 24 97 96]	[22 16 73 77]
[24 24 97 96]	[16 17 77 79]
[24 24 97 96]	[17 17 79 80]
[24 24 97 96]	[17  6 80 80]
[24 24 97 96]	[ 6  1 80 78]
[24 24 97 96]	[ 1  3 78 77]
[24 24 97 96]	[ 3 22 77 75]
[24 24 97 96]	[22 22 75 73]
[24 24 97 96]	[22 22 73 75]
[24 24 97 96]	[22  3 75 77]
[24 24 97 96]	[ 3  8 77 79]
[24 24 97 96]	[ 8 15 79 80]
[24 24 97 96]	[15  8 80 82]
[24 24 97 96]	[ 8  6 82 80]
[24 24 97 96]	[ 6  1 80 78]
[24 24 97 96]	[ 1  6 78 77]
[24 24 97 96]	[ 6  8 77 78]
[24 24 97 96]	[ 8  1 78 75]
[24 24 97 96]	[ 1  1 75 73]
[24 24 97 96]	[ 1  1 73 85]
[24 24 97 96]	[ 1  3 85 85]
[24 24 97 96]	[ 3  8 85 85]
[24 24 97 96]	[ 8  1 85 84]
[24 24 97 96]	[ 1  6 84 80]
[24 24 97 96]	[ 6  6 80 82]
[24 24 97 96]	[ 6  1 82 82]
[24 24 97 96]	[ 1 22 82 77]
[24 24 97 96]	[22  3 77 85]
[24 24 97 96]	[ 3  3 85 85]
[24 24 97 96]	[ 3  8 85 85]
[24 24 97 96]	[ 8  8 85 84]
[24 24 97 96]	[ 8 22 84 80]
[24 24 97 96]	[22  3 80 82]
[24 24 97 96]	[ 3  8 82 82]
[24 24 97 96]	[ 8  1 82 80]
[24 24 97 96]	[ 1  1 80 77]
[24 24 97 96]	[ 1  1 77 78]
[24 24 97 96]	[ 1  6 78 80]
[24 24 97 96]	[ 6  1 80 82]
[24 24 97 96]	[ 1 14 82 80]
[24 24 97 96]	[14 21 80 77]
[24 24 97 96]	[21 22 77 78]
[24 24 97 96]	[22 11 78 77]
[24 24 97 96]	[11  1 77 75]
[24 24 97 96]	[ 1  6 75 77]
[24 24 97 96]	[ 6  8 77 78]
[24 24 97 96]	[ 8 17 78 80]
[24 24 97 96]	[17 15 80 80]
[24 24 97 96]	[15  1 80 78]
[24 24 97 96]	[ 1 20 78 77]
[24 24 97 96]	[20  8 77 75]
[24 24 97 96]	[ 8  3 75 80]
[24 24 97 96]	[ 3  8 80 82]
[24 24 97 96]	[ 8 19 82 84]
[24 24 97 96]	[19 17 84 85]
[24 24 97 96]	[17 10 85 84]
[24 24 97 96]	[10 12 84 82]
[24 24 97 96]	[12 17 82 82]
[24 24 97 96]	[17  6 82 80]
[24 24 97 96]	[ 6  8 80 73]
[24 24 97 96]	[ 8  1 73 75]
[24 24 97 96]	[ 1  8 75 77]
[24 24 97 96]	[ 8  1 77 78]
[-1 -1 -1 -1]	[ 1  8 78 77]
[24 24 97 96]	[ 8  1 77 75]
[24 24 97 96]	[ 1 22 75 73]
[24 24 97 96]	[22 22 73 89]
[24 24 97 96]	[22 24 89 85]
[24 24 97 96]	[24 24 85 87]
[24 24 97 96]	[24 24 87 89]
[24 24 97 96]	[24 22 89 90]
[24 24 97 96]	[22 22 90 89]
[24 24 97 96]	[22 22 89 87]
[24 24 97 96]	[22 17 87 85]
[24 24 97 96]	[17 17 85 84]
[24 24 97 96]	[17 17 84 85]
[24 24 97 96]	[17 22 85 87]
[24 24 97 96]	[22 22 87 85]
[24 24 97 96]	[22 22 85 84]
[24 24 97 96]	[22  6 84 82]
[24 24 97 96]	[ 6 22 82 90]
[24 24 97 96]	[22  6 90 89]
[24 24 97 96]	[ 6  8 89 94]
[24 24 97 96]	[ 8 24 94 92]
[24 24 97 96]	[24 24 92 84]
[24 24 97 96]	[24  1 84 90]
[24 24 97 96]	[ 1  1 90 89]
[24 24 97 96]	[ 1  8 89 87]
[24 24 97 96]	[ 8  1 87 87]
[24 24 97 96]	[ 1  1 87 85]
[24 24 97 96]	[ 1  8 85 89]
[24 24 97 96]	[ 8  1 89 87]
[24 24 97 96]	[ 1  1 87 89]
[24 24 97 96]	[ 1  8 89 85]
[24 24 97 96]	[ 8 10 85 87]
[24 24 97 96]	[10 10 87 89]
[24 24 97 96]	[10 17 89 90]
[24 24 97 96]	[17  6 90 92]
[24 24 97 96]	[ 6  6 92 90]
[24 24 97 96]	[ 6 15 90 89]
[24 24 97 96]	[15 15 89 90]
[24 24 97 96]	[15 15 90 89]
[24 24 97 96]	[15 15 89 87]
[24 24 97 96]	[15 15 87  0]
[24 24 97 96]	[15  5  0 90]
[24 24 97 96]	[ 5 17 90 84]
[24 24 97 96]	[17 17 84 94]
[24 24 97 96]	[17 22 94 93]
[24 24 97 96]	[22 22 93 94]
[24 24 97 96]	[22  6 94 92]
[24 24 97 96]	[ 6  6 92 90]
[24 24 97 96]	[ 6 15 90 89]
[24 24 97 96]	[15 15 89 87]
[24 24 97 96]	[15 24 87 97]
[24 24 97 96]	[24 24 97 96]
[24 24 97 96]	[24  5 96 94]
[24 24 97 96]	[ 5  5 94 93]
[24 24 97 96]	[ 5  5 93 91]
[24 24 97 96]	[ 5  5 91 89]
[24 24 97 96]	[ 5 22 89  0]
[24 24 97 96]	[22 15  0 94]
[24 24 97 96]	[15 15 94 90]
[24 24 97 96]	[15 15 90 89]
[24 24 97 96]	[15  5 89 87]
[24 24 97 96]	[ 5  5 87 89]
[24 24 97 96]	[ 5 22 89 81]
[24 24 97 96]	[22 22 81 82]
[24 24 97 96]	[22 22 82 87]
[24 24 97 96]	[22  5 87 85]
[-1 -1 -1 -1]	[ 5  5 85 84]
[24 24 97 96]	[ 5 22 84 82]
[24 24 97 96]	[22  1 82 82]
[24 24 97 96]	[ 1  1 82 73]
[24 24 97 96]	[ 1  1 73 73]
[24 24 97 96]	[ 1  6 73 73]
[24 24 97 96]	[ 6  3 73 70]
[24 24 97 96]	[ 3  1 70 75]
[24 24 97 96]	[ 1  3 75 73]
[24 24 97 96]	[ 3  8 73 73]
[24 24 97 96]	[ 8  1 73 72]
[24 24 97 96]	[ 1  1 72 77]
[24 24 97 96]	[ 1 22 77 77]
[24 24 97 96]	[22  3 77 77]
[24 24 97 96]	[ 3  8 77 82]
[24 24 97 96]	[ 8  8 82 80]
[24 24 97 96]	[ 8  3 80 80]
[24 24 97 96]	[ 3 20 80 79]
[24 24 97 96]	[20  5 79 80]
[24 24 97 96]	[ 5 22 80 77]
[24 24 97 96]	[22 14 77 77]
[24 24 97 96]	[14  6 77 77]
[24 24 97 96]	[ 6 17 77 78]
[24 24 97 96]	[17 15 78 77]
[24 24 97 96]	[15 10 77 75]
[24 24 97 96]	[10 20 75 74]
[24 24 97 96]	[20  1 74 75]
[24 24 97 96]	[ 1  1 75 77]
[24 24 97 96]	[ 1 22 77 77]
[24 24 97 96]	[22  3 77 77]
[24 24 97 96]	[ 3 22 77 75]
[24 24 97 96]	[22  1 75 73]
[-1 -1 -1 -1]	[ 1  8 73 73]
[24 24 97 96]	[ 8  1 73 72]
[24 24 97 96]	[ 1 10 72 73]
[24 24 97 96]	[10 15 73 70]
[24 24 97 96]	[15 15 70 70]
[24 24 97 96]	[15  8 70 70]
[24 24 97 96]	[ 8 10 70 68]
[24 24 97 96]	[10 15 68 70]
[24 24 97 96]	[15 22 70 66]
[24 24 97 96]	[22 15 66 65]
[24 24 97 96]	[15 15 65 63]
[24 24 97 96]	[15 15 63 70]
[24 24 97 96]	[15 22 70 72]
[24 24 97 96]	[22 15 72 73]
[24 24 97 96]	[15 15 73 75]
[24 24 97 96]	[15 24 75 70]
[24 24 97 96]	[24  1 70 72]
[24 24 97 96]	[ 1  5 72 73]
[24 24 97 96]	[ 5 10 73 72]
[24 24 97 96]	[10 22 72 70]
[24 24 97 96]	[22  1 70 73]
[24 24 97 96]	[ 1  1 73 73]
[24 24 97 96]	[ 1  1 73 73]
[24 24 97 96]	[ 1  6 73 71]
[24 24 97 96]	[ 6  6 71 70]
[24 24 97 96]	[ 6 17 70 68]
[24 24 97 96]	[17 17 68 66]
[24 24 97 96]	[17  6 66 68]
[24 24 97 96]	[ 6  1 68 70]
[24 24 97 96]	[ 1  6 70 68]
[24 24 97 96]	[ 6  6 68 66]
[24 24 97 96]	[ 6 10 66 70]
[24 24 97 96]	[10 15 70 70]
[24 24 97 96]	[15 20 70 70]
[24 24 97 96]	[20 20 70 68]
[24 24 97 96]	[20 20 68 66]
[24 24 97 96]	[20 22 66 65]
[24 24 97 96]	[22 15 65 65]
[24 24 97 96]	[15 10 65 63]
[24 24 97 96]	[10 15 63 70]
[24 24 97 96]	[15 20 70 70]
[24 24 97 96]	[20  6 70 68]
[24 24 97 96]	[ 6  8 68 70]
[24 24 97 96]	[ 8  1 70 72]
[24 24 97 96]	[ 1  1 72 73]
[24 24 97 96]	[ 1  3 73 72]
[24 24 97 96]	[ 3  8 72 70]
[24 24 97 96]	[ 8  8 70 68]
[24 24 97 96]	[ 8  1 68 75]
[24 24 97 96]	[ 1 15 75 77]
[24 24 97 96]	[15 15 77 75]
[24 24 97 96]	[15 15 75 70]
[24 24 97 96]	[15 22 70 72]
[24 24 97 96]	[22  5 72 73]
[24 24 97 96]	[ 5  6 73 72]
[-1 -1 -1 -1]	[ 6  5 72 70]
[24 24 97 96]	[ 5 10 70 72]
[24 24 97 96]	[10 22 72 70]
[24 24 97 96]	[22  1 70 85]
[24 24 97 96]	[ 1  6 85 85]
[24 24 97 96]	[ 6  6 85 82]
[24 24 97 96]	[ 6  1 82 84]
[24 24 97 96]	[ 1  1 84 85]
[24 24 97 96]	[ 1  1 85 87]
[24 24 97 96]	[ 1 15 87 89]
[24 24 97 96]	[15 15 89 87]
[24 24 97 96]	[15 15 87 89]
[24 24 97 96]	[15  8 89 90]
[24 24 97 96]	[ 8  1 90 87]
[24 24 97 96]	[ 1 19 87 85]
[24 24 97 96]	[19  8 85 85]
[24 24 97 96]	[ 8 15 85 84]
[24 24 97 96]	[15 15 84 82]
[24 24 97 96]	[15 22 82 84]
[24 24 97 96]	[22 15 84 85]
[24 24 97 96]	[15 15 85 87]
[24 24 97 96]	[15  5 87 85]
[24 24 97 96]	[ 5 10 85 84]
[24 24 97 96]	[10  8 84 82]
[24 24 97 96]	[ 8  1 82 87]
[24 24 97 96]	[ 1 17 87 89]
[24 24 97 96]	[17  8 89 89]
[24 24 97 96]	[ 8  8 89 84]
[24 24 97 96]	[ 8 15 84 85]
[24 24 97 96]	[15 22 85 87]
[24 24 97 96]	[22 22 87 85]
[24 24 97 96]	[22  5 85 85]
[24 24 97 96]	[ 5 22 85 84]
[24 24 97 96]	[22  3 84 85]
[24 24 97 96]	[ 3  3 85 87]
[24 24 97 96]	[ 3  3 87 82]
[24 24 97 96]	[ 3  1 82 84]
[24 24 97 96]	[ 1  8 84 85]
[24 24 97 96]	[ 8 22 85 84]
[24 24 97 96]	[22 22 84 82]
[24 24 97 96]	[22 22 82 84]
[24 24 97 96]	[22  3 84 85]
[24 24 97 96]	[ 3  8 85 82]
[24 24 97 96]	[ 8  1 82 80]
[24 24 97 96]	[ 1  8 80 85]
[24 24 97 96]	[ 8  3 85 84]
[24 24 97 96]	[ 3  3 84 82]
[24 24 97 96]	[ 3 22 82 84]
[24 24 97 96]	[22 15 84 85]
[24 24 97 96]	[15 15 85 87]
[-1 -1 -1 -1]	[15 24 87 85]
[24 24 97 96]	[24 10 85 84]
[24 24 97 96]	[10 22 84 82]
[24 24 97 96]	[22 22 82 82]
[24 24 97 96]	[22  6 82 82]
[24 24 97 96]	[ 6  8 82 82]
[24 24 97 96]	[ 8  8 82 80]
[24 24 97 96]	[ 8  1 80 78]
[24 24 97 96]	[ 1  1 78 77]
[24 24 97 96]	[ 1  6 77 80]
[24 24 97 96]	[ 6 24 80 82]
[24 24 97 96]	[24 22 82 84]
[24 24 97 96]	[22 24 84 82]
[24 24 97 96]	[24  5 82 82]
[24 24 97 96]	[ 5 22 82 81]
[24 24 97 96]	[22 22 81 82]
[24 24 97 96]	[22 17 82 85]
[24 24 97 96]	[17  6 85 84]
[24 24 97 96]	[ 6  8 84 82]
[24 24 97 96]	[ 8  1 82 80]
[24 24 97 96]	[ 1  1 80 77]
[24 24 97 96]	[ 1  6 77 80]
[24 24 97 96]	[ 6 24 80 82]
[24 24 97 96]	[24  3 82 84]
[24 24 97 96]	[ 3 22 84 82]
[24 24 97 96]	[22  5 82 82]
[24 24 97 96]	[ 5 22 82 81]
[24 24 97 96]	[22 22 81 82]
[24 24 97 96]	[22 22 82 89]
[24 24 97 96]	[22 17 89 89]
[24 24 97 96]	[17  6 89 89]
[24 24 97 96]	[ 6  3 89 82]
[24 24 97 96]	[ 3 17 82 87]
[24 24 97 96]	[17 22 87 87]
[24 24 97 96]	[22 17 87 85]
[24 24 97 96]	[17  6 85 84]
[24 24 97 96]	[ 6  8 84 82]
[24 24 97 96]	[ 8  1 82 80]
[24 24 97 96]	[ 1 22 80 77]
[24 24 97 96]	[22 22 77 82]
[24 24 97 96]	[22  5 82 82]
[24 24 97 96]	[ 5  6 82 81]
[24 24 97 96]	[ 6  5 81 82]
[24 24 97 96]	[ 5 22 82 80]
[24 24 97 96]	[22 19 80 82]
[24 24 97 96]	[19 22 82 81]
[24 24 97 96]	[22 22 81 82]
[24 24 97 96]	[22 22 82 84]
[24 24 97 96]	[22  5 84 85]
[24 24 97 96]	[ 5 22 85 84]
[24 24 97 96]	[22 17 84 85]
[24 24 97 96]	[17  6 85 84]
[24 24 97 96]	[ 6  8 84 82]
[24 24 97 96]	[ 8  1 82 80]
[24 24 97 96]	[ 1  1 80 77]
[24 24 97 96]	[ 1 17 77 78]
[24 24 97 96]	[17  1 78 80]
[24 24 97 96]	[ 1  6 80 80]
[24 24 97 96]	[ 6 13 80 82]
[24 24 97 96]	[13 15 82 80]
[24 24 97 96]	[15 10 80 78]
[24 24 97 96]	[10 22 78 77]
[24 24 97 96]	[22 24 77 89]
[24 24 97 96]	[24 22 89 87]
[24 24 97 96]	[22 17 87 85]
[24 24 97 96]	[17  5 85 84]
[24 24 97 96]	[ 5 22 84 81]
[24 24 97 96]	[22 19 81 82]
[24 24 97 96]	[19 19 82 84]
[24 24 97 96]	[19 19 84 85]
[24 24 97 96]	[19 22 85 87]
[-1 -1 -1 -1]	[22 24 87 85]
[24 24 97 96]	[24 10 85 84]
[24 24 97 96]	[10 15 84 82]
[24 24 97 96]	[15 22 82 70]
[24 24 97 96]	[22 15 70 73]
[24 24 97 96]	[15  1 73 75]
[24 24 97 96]	[ 1 15 75 77]
[24 24 97 96]	[15 10 77 78]
[24 24 97 96]	[10  8 78 77]
[24 24 97 96]	[ 8  8 77 75]
[24 24 97 96]	[ 8 15 75 80]
[24 24 97 96]	[15 10 80 78]
[24 24 97 96]	[10 10 78 77]
[24 24 97 96]	[10  6 77  0]
[24 24 97 96]	[ 6 13  0 82]
[24 24 97 96]	[13 15 82 80]
[24 24 97 96]	[15 22 80 78]
[24 24 97 96]	[22 11 78 77]
[24 24 97 96]	[11 18 77 75]
[24 24 97 96]	[18 11 75 73]
[24 24 97 96]	[11  1 73 75]
[24 24 97 96]	[ 1  1 75 73]
[24 24 97 96]	[ 1  6 73 71]
[24 24 97 96]	[ 6  6 71 70]
[24 24 97 96]	[ 6  1 70  0]
[24 24 97 96]	[ 1  6  0 77]
[24 24 97 96]	[ 6 20 77 78]
[24 24 97 96]	[20  6 78 80]
[24 24 97 96]	[ 6  3 80 82]
[24 24 97 96]	[ 3 20 82 82]
[24 24 97 96]	[20 20 82 80]
[24 24 97 96]	[20 20 80 75]
[24 24 97 96]	[20 15 75 77]
[-1 -1 -1 -1]	[15 22 77 78]
[24 24 97 96]	[22  3 78 77]
[24 24 97 96]	[ 3 22 77 75]
[24 24 97 96]	[22 22 75 77]
[24 24 97 96]	[22 24 77 73]
[24 24 97 96]	[24 24 73 75]
[24 24 97 96]	[24 24 75 77]
[24 24 97 96]	[24 22 77 78]
[24 24 97 96]	[22 22 78 77]
[24 24 97 96]	[22 22 77 75]
[24 24 97 96]	[22 17 75 73]
[24 24 97 96]	[17 17 73 72]
[24 24 97 96]	[17 17 72 73]
[24 24 97 96]	[17 22 73 75]
[24 24 97 96]	[22 22 75 73]
[24 24 97 96]	[22 22 73 72]
[24 24 97 96]	[22  6 72 70]
[24 24 97 96]	[ 6 22 70 78]
[24 24 97 96]	[22  6 78 77]
[24 24 97 96]	[ 6  8 77 82]
[24 24 97 96]	[ 8 24 82 80]
[24 24 97 96]	[24 24 80 72]
[24 24 97 96]	[24  1 72 78]
[24 24 97 96]	[ 1  1 78 77]
[24 24 97 96]	[ 1  8 77 75]
[24 24 97 96]	[ 8  1 75 75]
[24 24 97 96]	[ 1  1 75 73]
[24 24 97 96]	[ 1  8 73 77]
[24 24 97 96]	[ 8  1 77 75]
[24 24 97 96]	[ 1  1 75 77]
[24 24 97 96]	[ 1  8 77 73]
[24 24 97 96]	[ 8 10 73 75]
[24 24 97 96]	[10 10 75 77]
[24 24 97 96]	[10 17 77 78]
[24 24 97 96]	[17  6 78 80]
[24 24 97 96]	[ 6  6 80 78]
[24 24 97 96]	[ 6 15 78 77]
[24 24 97 96]	[15 15 77 78]
[24 24 97 96]	[15 15 78 77]
[24 24 97 96]	[15 15 77 75]
[24 24 97 96]	[15 15 75  0]
[24 24 97 96]	[15  5  0 78]
[24 24 97 96]	[ 5 17 78 72]
[24 24 97 96]	[17 17 72 82]
[24 24 97 96]	[17 22 82 81]
[24 24 97 96]	[22 22 81 82]
[24 24 97 96]	[22  6 82 80]
[24 24 97 96]	[ 6  6 80 78]
[24 24 97 96]	[ 6 15 78 77]
[24 24 97 96]	[15 15 77 75]
[24 24 97 96]	[15 24 75 85]
[24 24 97 96]	[24 24 85 84]
[24 24 97 96]	[24  5 84 82]
[24 24 97 96]	[ 5  5 82 81]
[24 24 97 96]	[ 5  5 81 79]
[24 24 97 96]	[ 5  5 79 77]
[24 24 97 96]	[ 5 10 77  0]
[24 24 97 96]	[10 15  0 82]
[24 24 97 96]	[15 15 82 78]
[24 24 97 96]	[15 15 78 77]
[24 24 97 96]	[15  5 77 75]
[24 24 97 96]	[ 5  5 75 77]
[24 24 97 96]	[ 5 22 77 69]
[24 24 97 96]	[22 22 69 70]
[24 24 97 96]	[22 22 70 75]
[24 24 97 96]	[22  5 75 73]
[-1 -1 -1 -1]	[ 5  5 73 72]
[24 24 97 96]	[ 5 22 72 70]
[24 24 97 96]	[22 10 70 70]
[24 24 97 96]	[10 15 70 82]
[24 24 97 96]	[15 17 82 82]
[24 24 97 96]	[17 17 82 80]
[24 24 97 96]	[17 10 80 78]
[24 24 97 96]	[10 15 78 77]
[24 24 97 96]	[15 20 77 82]
[24 24 97 96]	[20 22 82 80]
[24 24 97 96]	[22 15 80 77]
[24 24 97 96]	[15 15 77 78]
[24 24 97 96]	[15 11 78 82]
[24 24 97 96]	[11  8 82 82]
[24 24 97 96]	[ 8  8 82 80]
[24 24 97 96]	[ 8  1 80 78]
[24 24 97 96]	[ 1  6 78 77]
[24 24 97 96]	[ 6 13 77 82]
[24 24 97 96]	[13 14 82 80]
[24 24 97 96]	[14 15 80 77]
[24 24 97 96]	[15 15 77 78]
[24 24 97 96]	[15 21 78 82]
[24 24 97 96]	[21 10 82 84]
[24 24 97 96]	[10  3 84 86]
[24 24 97 96]	[ 3  6 86 87]
[24 24 97 96]	[ 6  6 87 82]
[24 24 97 96]	[ 6 22 82 84]
[24 24 97 96]	[22  5 84 85]
