Accuracy: 0.02563580874872838

n_chords: 2
n_melody: 2
t_prior: 1.5
e_prior: 0.0
dataset: All
keys: mixolydian
filter_train_set: True
filter_val_set: True

~ First 3000 predicted states ~
Predicted	True
[24 24 87 85]	[-1 -1 -1 -1]
[24 24 87 85]	[-1  1 -1 -1]
[24 24 87 85]	[ 1  1 -1 80]
[24 24 87 85]	[ 1  1 80 82]
[24 24 87 85]	[ 1  1 82 83]
[24 24 87 85]	[ 1  1 83 82]
[24 24 87 85]	[ 1  1 82 80]
[24 24 87 85]	[ 1  1 80 78]
[24 24 87 85]	[ 1  1 78 77]
[24 24 87 85]	[ 1  1 77 80]
[24 24 87 85]	[ 1  1 80 82]
[24 24 87 85]	[ 1  1 82 83]
[24 24 87 85]	[ 1  1 83 83]
[24 24 87 85]	[ 1  1 83 82]
[24 24 87 85]	[ 1  1 82 80]
[24 24 87 85]	[ 1  1 80 80]
[24 24 87 85]	[ 1  1 80 80]
[24 24 87 85]	[ 1  1 80 82]
[24 24 87 85]	[ 1  1 82 83]
[24 24 87 85]	[ 1  1 83 82]
[24 24 87 85]	[ 1  1 82 80]
[24 24 87 85]	[ 1  1 80 78]
[24 24 87 85]	[ 1  1 78 77]
[24 24 87 85]	[ 1  1 77 73]
[24 24 87 85]	[ 1  1 73 77]
[24 24 87 85]	[ 1 12 77 75]
[24 24 87 85]	[12 12 75 71]
[24 24 87 85]	[12  1 71 71]
[24 24 87 85]	[ 1  1 71 73]
[24 24 87 85]	[ 1  1 73 73]
[24 24 87 85]	[ 1  1 73 73]
[24 24 87 85]	[ 1  1 73 73]
[24 24 87 85]	[ 1  1 73 73]
[24 24 87 85]	[ 1  1 73 73]
[24 24 87 85]	[ 1  1 73 73]
[24 24 87 85]	[ 1  1 73 80]
[24 24 87 85]	[ 1  1 80 78]
[24 24 87 85]	[ 1  1 78 77]
[24 24 87 85]	[ 1  1 77 73]
[24 24 87 85]	[ 1  1 73 73]
[24 24 87 85]	[ 1  1 73 73]
[24 24 87 85]	[ 1  1 73 73]
[24 24 87 85]	[ 1 12 73 77]
[24 24 87 85]	[12 12 77 75]
[24 24 87 85]	[12  1 75 75]
[24 24 87 85]	[ 1  1 75 73]
[24 24 87 85]	[ 1  1 73 73]
[24 24 87 85]	[ 1  1 73 73]
[24 24 87 85]	[ 1  1 73 73]
[24 24 87 85]	[ 1  1 73 80]
[24 24 87 85]	[ 1  1 80 78]
[24 24 87 85]	[ 1  1 78 77]
[24 24 87 85]	[ 1  1 77 77]
[24 24 87 85]	[ 1  1 77 73]
[24 24 87 85]	[ 1 12 73 77]
[24 24 87 85]	[12 12 77 75]
[24 24 87 85]	[12  1 75 71]
[24 24 87 85]	[ 1  1 71 73]
[24 24 87 85]	[ 1  1 73 73]
[-1 -1 -1 -1]	[ 1  1 73 73]
[24 24 87 85]	[ 1  1 73 80]
[24 24 87 85]	[ 1 -1 80 80]
[24 24 87 85]	[-1  1 80 78]
[24 24 87 85]	[ 1  1 78 77]
[24 24 87 85]	[ 1  1 77 73]
[24 24 87 85]	[ 1 12 73 77]
[24 24 87 85]	[12 12 77 75]
[24 24 87 85]	[12 12 75 71]
[24 24 87 85]	[12 12 71 78]
[24 24 87 85]	[12  1 78 75]
[24 24 87 85]	[ 1  1 75 77]
[24 24 87 85]	[ 1  1 77 73]
[24 24 87 85]	[ 1  1 73 77]
[24 24 87 85]	[ 1  1 77 75]
[24 24 87 85]	[ 1  6 75 73]
[24 24 87 85]	[ 6  6 73 85]
[24 24 87 85]	[ 6  1 85 80]
[24 24 87 85]	[ 1  1 80 77]
[24 24 87 85]	[ 1  1 77 73]
[24 24 87 85]	[ 1 12 73 77]
[24 24 87 85]	[12 12 77 75]
[24 24 87 85]	[12 12 75 71]
[24 24 87 85]	[12 12 71 78]
[24 24 87 85]	[12  1 78 75]
[24 24 87 85]	[ 1  1 75 77]
[24 24 87 85]	[ 1  1 77 78]
[24 24 87 85]	[ 1  8 78 80]
[24 24 87 85]	[ 8  8 80 75]
[24 24 87 85]	[ 8  1 75 77]
[24 24 87 85]	[ 1  1 77 73]
[24 24 87 85]	[ 1  1 73 73]
[24 24 87 85]	[ 1  1 73 78]
[24 24 87 85]	[ 1  1 78 77]
[24 24 87 85]	[ 1  1 77 80]
[24 24 87 85]	[ 1  1 80 80]
[24 24 87 85]	[ 1 12 80 82]
[24 24 87 85]	[12 12 82 83]
[24 24 87 85]	[12 12 83 71]
[24 24 87 85]	[12 12 71 78]
[24 24 87 85]	[12  1 78 75]
[24 24 87 85]	[ 1  1 75 77]
[24 24 87 85]	[ 1  1 77 80]
[24 24 87 85]	[ 1  1 80 82]
[24 24 87 85]	[ 1  1 82 83]
[24 24 87 85]	[ 1  1 83 85]
[24 24 87 85]	[ 1  1 85 80]
[24 24 87 85]	[ 1  1 80 85]
[24 24 87 85]	[ 1  1 85 80]
[24 24 87 85]	[ 1  1 80 77]
[24 24 87 85]	[ 1  1 77 80]
[24 24 87 85]	[ 1  1 80 80]
[24 24 87 85]	[ 1 12 80 82]
[24 24 87 85]	[12 12 82 83]
[24 24 87 85]	[12 12 83 71]
[24 24 87 85]	[12 12 71 78]
[24 24 87 85]	[12  1 78 75]
[24 24 87 85]	[ 1  1 75 77]
[24 24 87 85]	[ 1  1 77 78]
[24 24 87 85]	[ 1  8 78 80]
[-1 -1 -1 -1]	[ 8  8 80 75]
[24 24 87 85]	[ 8  1 75 77]
[24 24 87 85]	[ 1 -1 77 73]
[24 24 87 85]	[-1 -1 73 80]
[24 24 87 85]	[-1  1 80 78]
[24 24 87 85]	[ 1  1 78 77]
[24 24 87 85]	[ 1  1 77 80]
[24 24 87 85]	[ 1  1 80 73]
[24 24 87 85]	[ 1  1 73 73]
[24 24 87 85]	[ 1  1 73 73]
[24 24 87 85]	[ 1  1 73 73]
[24 24 87 85]	[ 1  1 73 73]
[24 24 87 85]	[ 1  1 73 78]
[24 24 87 85]	[ 1  1 78 80]
[24 24 87 85]	[ 1 12 80 80]
[24 24 87 85]	[12 12 80 78]
[24 24 87 85]	[12 12 78 75]
[24 24 87 85]	[12  1 75 80]
[24 24 87 85]	[ 1  1 80 73]
[24 24 87 85]	[ 1  1 73 73]
[24 24 87 85]	[ 1  1 73 73]
[24 24 87 85]	[ 1 20 73 73]
[24 24 87 85]	[20 20 73 80]
[24 24 87 85]	[20 20 80 78]
[24 24 87 85]	[20  1 78 75]
[24 24 87 85]	[ 1  1 75 77]
[24 24 87 85]	[ 1  1 77 80]
[24 24 87 85]	[ 1  1 80 73]
[24 24 87 85]	[ 1  1 73 73]
[24 24 87 85]	[ 1  1 73 73]
[24 24 87 85]	[ 1  1 73 73]
[24 24 87 85]	[ 1  1 73 73]
[24 24 87 85]	[ 1  6 73 77]
[24 24 87 85]	[ 6 20 77 78]
[24 24 87 85]	[20 12 78 80]
[24 24 87 85]	[12 12 80 83]
[24 24 87 85]	[12 12 83 85]
[24 24 87 85]	[12  1 85 87]
[24 24 87 85]	[ 1  1 87 85]
[24 24 87 85]	[ 1  1 85 83]
[24 24 87 85]	[ 1 20 83 80]
[24 24 87 85]	[20 20 80 78]
[24 24 87 85]	[20 20 78 75]
[24 24 87 85]	[20  1 75 80]
[24 24 87 85]	[ 1  1 80 73]
[24 24 87 85]	[ 1  1 73 73]
[24 24 87 85]	[ 1  1 73 73]
[24 24 87 85]	[ 1  1 73 73]
[24 24 87 85]	[ 1  1 73 77]
[24 24 87 85]	[ 1  1 77 80]
[24 24 87 85]	[ 1  1 80 83]
[24 24 87 85]	[ 1  1 83 80]
[24 24 87 85]	[ 1  1 80 80]
[24 24 87 85]	[ 1  1 80 78]
[24 24 87 85]	[ 1  6 78 77]
[24 24 87 85]	[ 6  6 77 78]
[24 24 87 85]	[ 6  6 78 78]
[24 24 87 85]	[ 6  6 78 78]
[24 24 87 85]	[ 6  6 78 78]
[24 24 87 85]	[ 6  6 78 77]
[24 24 87 85]	[ 6 20 77 78]
[24 24 87 85]	[20 20 78 80]
[24 24 87 85]	[20 20 80 85]
[24 24 87 85]	[20 20 85 85]
[24 24 87 85]	[20 20 85 83]
[24 24 87 85]	[20 20 83 80]
[24 24 87 85]	[20  1 80 78]
[24 24 87 85]	[ 1  1 78 80]
[24 24 87 85]	[ 1  1 80 85]
[24 24 87 85]	[ 1  1 85 80]
[24 24 87 85]	[ 1  1 80 85]
[24 24 87 85]	[ 1  1 85 87]
[24 24 87 85]	[ 1  1 87 89]
[24 24 87 85]	[ 1  1 89 87]
[24 24 87 85]	[ 1 20 87 85]
[24 24 87 85]	[20 20 85 83]
[24 24 87 85]	[20 20 83 80]
[24 24 87 85]	[20  1 80 78]
[24 24 87 85]	[ 1  1 78 75]
[24 24 87 85]	[ 1  1 75 77]
[24 24 87 85]	[ 1 12 77 77]
[24 24 87 85]	[12 12 77 78]
[24 24 87 85]	[12 12 78 75]
[24 24 87 85]	[12  1 75 80]
[24 24 87 85]	[ 1  1 80 85]
[24 24 87 85]	[ 1  1 85 83]
[24 24 87 85]	[ 1 12 83 80]
[24 24 87 85]	[12 12 80 78]
[24 24 87 85]	[12 12 78 75]
[24 24 87 85]	[12  1 75 80]
[24 24 87 85]	[ 1  1 80 73]
[24 24 87 85]	[ 1  1 73 73]
[24 24 87 85]	[ 1  1 73 73]
[24 24 87 85]	[ 1  1 73 73]
[24 24 87 85]	[ 1 15 73 73]
[24 24 87 85]	[15 15 73 75]
[24 24 87 85]	[15 15 75 75]
[24 24 87 85]	[15 15 75 78]
[24 24 87 85]	[15 15 78 77]
[24 24 87 85]	[15  1 77 75]
[24 24 87 85]	[ 1  1 75 73]
[24 24 87 85]	[ 1  1 73 73]
[24 24 87 85]	[ 1  1 73 73]
[24 24 87 85]	[ 1  1 73 73]
[24 24 87 85]	[ 1  1 73 73]
[24 24 87 85]	[ 1 15 73 73]
[24 24 87 85]	[15 15 73 75]
[24 24 87 85]	[15 15 75 78]
[24 24 87 85]	[15 15 78 77]
[24 24 87 85]	[15 15 77 75]
[24 24 87 85]	[15 15 75 80]
[24 24 87 85]	[15 15 80 82]
[24 24 87 85]	[15  1 82 78]
[24 24 87 85]	[ 1  1 78 80]
[24 24 87 85]	[ 1  1 80 77]
[24 24 87 85]	[ 1 15 77 73]
[24 24 87 85]	[15 15 73 75]
[24 24 87 85]	[15 15 75 75]
[24 24 87 85]	[15 15 75 78]
[24 24 87 85]	[15 15 78 77]
[24 24 87 85]	[15  1 77 75]
[24 24 87 85]	[ 1  1 75 73]
[24 24 87 85]	[ 1  1 73 75]
[24 24 87 85]	[ 1  1 75 77]
[24 24 87 85]	[ 1  1 77 73]
[24 24 87 85]	[ 1  1 73 75]
[24 24 87 85]	[ 1  6 75 77]
[24 24 87 85]	[ 6  6 77 78]
[24 24 87 85]	[ 6  1 78 75]
[24 24 87 85]	[ 1  1 75 77]
[24 24 87 85]	[ 1  1 77 75]
[24 24 87 85]	[ 1  1 75 73]
[24 24 87 85]	[ 1  1 73 77]
[24 24 87 85]	[ 1  1 77 75]
[24 24 87 85]	[ 1 15 75 73]
[24 24 87 85]	[15 15 73 75]
[24 24 87 85]	[15 15 75 87]
[24 24 87 85]	[15 15 87 85]
[24 24 87 85]	[15 15 85 82]
[24 24 87 85]	[15 15 82 82]
[24 24 87 85]	[15 15 82 80]
[24 24 87 85]	[15  1 80 77]
[24 24 87 85]	[ 1  1 77 75]
[24 24 87 85]	[ 1  1 75 73]
[24 24 87 85]	[ 1  1 73 73]
[24 24 87 85]	[ 1  1 73 75]
[24 24 87 85]	[ 1 15 75 77]
[24 24 87 85]	[15 15 77 87]
[24 24 87 85]	[15 15 87 85]
[24 24 87 85]	[15 15 85 82]
[24 24 87 85]	[15 15 82 82]
[24 24 87 85]	[15 15 82 80]
[24 24 87 85]	[15  1 80 77]
[24 24 87 85]	[ 1  1 77 80]
[24 24 87 85]	[ 1  1 80 77]
[24 24 87 85]	[ 1  1 77 80]
[24 24 87 85]	[ 1  1 80 85]
[24 24 87 85]	[ 1 15 85 89]
[24 24 87 85]	[15 15 89 87]
[24 24 87 85]	[15 15 87 85]
[24 24 87 85]	[15 15 85 82]
[24 24 87 85]	[15 15 82 82]
[24 24 87 85]	[15 15 82 80]
[24 24 87 85]	[15 15 80 77]
[24 24 87 85]	[15 15 77 75]
[24 24 87 85]	[15  1 75 73]
[24 24 87 85]	[ 1  1 73 73]
[24 24 87 85]	[ 1  1 73 75]
[24 24 87 85]	[ 1  6 75 77]
[24 24 87 85]	[ 6  6 77 78]
[24 24 87 85]	[ 6  1 78 75]
[24 24 87 85]	[ 1  1 75 77]
[24 24 87 85]	[ 1  1 77 75]
[24 24 87 85]	[ 1  1 75 73]
[24 24 87 85]	[ 1  1 73 77]
[24 24 87 85]	[ 1  1 77 75]
[24 24 87 85]	[ 1 15 75 73]
[24 24 87 85]	[15 15 73 75]
[24 24 87 85]	[15 15 75 87]
[24 24 87 85]	[15 15 87 89]
[24 24 87 85]	[15 15 89 90]
[24 24 87 85]	[15 15 90 87]
[24 24 87 85]	[15 15 87 85]
[24 24 87 85]	[15 12 85 82]
[24 24 87 85]	[12 12 82 83]
[24 24 87 85]	[12 15 83 80]
[24 24 87 85]	[15 15 80 82]
[24 24 87 85]	[15 15 82 78]
[24 24 87 85]	[15 15 78 75]
[24 24 87 85]	[15 15 75 78]
[24 24 87 85]	[15 15 78 77]
[24 24 87 85]	[15  6 77 78]
[24 24 87 85]	[ 6  6 78 82]
[24 24 87 85]	[ 6  6 82 85]
[24 24 87 85]	[ 6  6 85 82]
[24 24 87 85]	[ 6  6 82 82]
[24 24 87 85]	[ 6  6 82 80]
[24 24 87 85]	[ 6  1 80 78]
[24 24 87 85]	[ 1  1 78 80]
[24 24 87 85]	[ 1  1 80 82]
[24 24 87 85]	[ 1 15 82 85]
[24 24 87 85]	[15 15 85 87]
[24 24 87 85]	[15 15 87 89]
[24 24 87 85]	[15 15 89 90]
[24 24 87 85]	[15 15 90 87]
[24 24 87 85]	[15 15 87 85]
[24 24 87 85]	[15 20 85 82]
[24 24 87 85]	[20 20 82 83]
[24 24 87 85]	[20 20 83 82]
[24 24 87 85]	[20 15 82 80]
[24 24 87 85]	[15 15 80 82]
[24 24 87 85]	[15 15 82 78]
[24 24 87 85]	[15 15 78 75]
[24 24 87 85]	[15 15 75 78]
[24 24 87 85]	[15 15 78 77]
[24 24 87 85]	[15  6 77 78]
[24 24 87 85]	[ 6  6 78 82]
[24 24 87 85]	[ 6  6 82 85]
[24 24 87 85]	[ 6 15 85 82]
[24 24 87 85]	[15 15 82 80]
[24 24 87 85]	[15 15 80 78]
[24 24 87 85]	[15  6 78 78]
[24 24 87 85]	[ 6  6 78 78]
[24 24 87 85]	[ 6  6 78 82]
[24 24 87 85]	[ 6 15 82 85]
[24 24 87 85]	[15 15 85 80]
[24 24 87 85]	[15 15 80 78]
[24 24 87 85]	[15  6 78 78]
[24 24 87 85]	[ 6  6 78 78]
[24 24 87 85]	[ 6  6 78 73]
[24 24 87 85]	[ 6  6 73 73]
[24 24 87 85]	[ 6  6 73 78]
[24 24 87 85]	[ 6  6 78 82]
[24 24 87 85]	[ 6 15 82 85]
[24 24 87 85]	[15 15 85 90]
[24 24 87 85]	[15 15 90 89]
[24 24 87 85]	[15  1 89 90]
[24 24 87 85]	[ 1  1 90 92]
[24 24 87 85]	[ 1  1 92 90]
[24 24 87 85]	[ 1 15 90 89]
[24 24 87 85]	[15 15 89 90]
[24 24 87 85]	[15 15 90 89]
[24 24 87 85]	[15 15 89 90]
[24 24 87 85]	[15 15 90 89]
[24 24 87 85]	[15 22 89 87]
[24 24 87 85]	[22 22 87 89]
[24 24 87 85]	[22 22 89 85]
[24 24 87 85]	[22 20 85 82]
[24 24 87 85]	[20 20 82 83]
[24 24 87 85]	[20 20 83 82]
[24 24 87 85]	[20 15 82 80]
[24 24 87 85]	[15 15 80 82]
[24 24 87 85]	[15 15 82 78]
[24 24 87 85]	[15  6 78 75]
[24 24 87 85]	[ 6  6 75 78]
[24 24 87 85]	[ 6  6 78 82]
[24 24 87 85]	[ 6  6 82 85]
[24 24 87 85]	[ 6  6 85 90]
[24 24 87 85]	[ 6  6 90 89]
[24 24 87 85]	[ 6  1 89 90]
[24 24 87 85]	[ 1  1 90 92]
[24 24 87 85]	[ 1  1 92 90]
[24 24 87 85]	[ 1 15 90 89]
[24 24 87 85]	[15 15 89 90]
[24 24 87 85]	[15  6 90 89]
[24 24 87 85]	[ 6  6 89 90]
[24 24 87 85]	[ 6  6 90 89]
[24 24 87 85]	[ 6  6 89 90]
[24 24 87 85]	[ 6  6 90 82]
[24 24 87 85]	[ 6  6 82 83]
[24 24 87 85]	[ 6  6 83 85]
[24 24 87 85]	[ 6 15 85 82]
[24 24 87 85]	[15 15 82 80]
[24 24 87 85]	[15 15 80 78]
[24 24 87 85]	[15  6 78 78]
[24 24 87 85]	[ 6  6 78 78]
[24 24 87 85]	[ 6 15 78 73]
[24 24 87 85]	[15 15 73 80]
[24 24 87 85]	[15 15 80 78]
[24 24 87 85]	[15  6 78 78]
[-1 -1 -1 -1]	[ 6  6 78 78]
[24 24 87 85]	[ 6  6 78 82]
[24 24 87 85]	[ 6  1 82 85]
[24 24 87 85]	[ 1  1 85 80]
[24 24 87 85]	[ 1  1 80 80]
[24 24 87 85]	[ 1  1 80 85]
[24 24 87 85]	[ 1  1 85 85]
[24 24 87 85]	[ 1  1 85 85]
[24 24 87 85]	[ 1  1 85 83]
[24 24 87 85]	[ 1  1 83 85]
[24 24 87 85]	[ 1  1 85 87]
[24 24 87 85]	[ 1  1 87 87]
[24 24 87 85]	[ 1  1 87 85]
[24 24 87 85]	[ 1  1 85 83]
[24 24 87 85]	[ 1  8 83 80]
[24 24 87 85]	[ 8  8 80 78]
[24 24 87 85]	[ 8  8 78 80]
[24 24 87 85]	[ 8 12 80 80]
[24 24 87 85]	[12 12 80 83]
[24 24 87 85]	[12 12 83 82]
[24 24 87 85]	[12 12 82 80]
[24 24 87 85]	[12  6 80 78]
[24 24 87 85]	[ 6  6 78 75]
[24 24 87 85]	[ 6  6 75 73]
[24 24 87 85]	[ 6  6 73 71]
[24 24 87 85]	[ 6  8 71 66]
[24 24 87 85]	[ 8  8 66 68]
[24 24 87 85]	[ 8  8 68 71]
[24 24 87 85]	[ 8  8 71 73]
[24 24 87 85]	[ 8  1 73 75]
[24 24 87 85]	[ 1  1 75 73]
[24 24 87 85]	[ 1  8 73 73]
[24 24 87 85]	[ 8  8 73 68]
[24 24 87 85]	[ 8  8 68 71]
[24 24 87 85]	[ 8  8 71 73]
[24 24 87 85]	[ 8  1 73 75]
[24 24 87 85]	[ 1  1 75 73]
[24 24 87 85]	[ 1  1 73 73]
[24 24 87 85]	[ 1  1 73 73]
[24 24 87 85]	[ 1  1 73 73]
[24 24 87 85]	[ 1  1 73 77]
[24 24 87 85]	[ 1  1 77 75]
[24 24 87 85]	[ 1  1 75 73]
[24 24 87 85]	[ 1  1 73 73]
[24 24 87 85]	[ 1  1 73 75]
[24 24 87 85]	[ 1  1 75 77]
[24 24 87 85]	[ 1  1 77 77]
[24 24 87 85]	[ 1  1 77 75]
[24 24 87 85]	[ 1  1 75 73]
[24 24 87 85]	[ 1  8 73 71]
[24 24 87 85]	[ 8  8 71 68]
[24 24 87 85]	[ 8  8 68 66]
[24 24 87 85]	[ 8  8 66 68]
[24 24 87 85]	[ 8 12 68 70]
[24 24 87 85]	[12 12 70 71]
[24 24 87 85]	[12 12 71 73]
[24 24 87 85]	[12 12 73 71]
[24 24 87 85]	[12  6 71 66]
[24 24 87 85]	[ 6  6 66 68]
[24 24 87 85]	[ 6  6 68 66]
[24 24 87 85]	[ 6  6 66 65]
[24 24 87 85]	[ 6  8 65 66]
[24 24 87 85]	[ 8  8 66 68]
[24 24 87 85]	[ 8  8 68 68]
[24 24 87 85]	[ 8  8 68 71]
[24 24 87 85]	[ 8  8 71 73]
[24 24 87 85]	[ 8  1 73 75]
[24 24 87 85]	[ 1  1 75 73]
[24 24 87 85]	[ 1  1 73 73]
[24 24 87 85]	[ 1  1 73 73]
[24 24 87 85]	[ 1  1 73 73]
[24 24 87 85]	[ 1  1 73 75]
[24 24 87 85]	[ 1  1 75 77]
[24 24 87 85]	[ 1  1 77 78]
[24 24 87 85]	[ 1  1 78 80]
[24 24 87 85]	[ 1  1 80 80]
[24 24 87 85]	[ 1 12 80 82]
[24 24 87 85]	[12 12 82 83]
[24 24 87 85]	[12 12 83 82]
[24 24 87 85]	[12 12 82 80]
[24 24 87 85]	[12  6 80 78]
[24 24 87 85]	[ 6  6 78 75]
[24 24 87 85]	[ 6  6 75 73]
[24 24 87 85]	[ 6  6 73 71]
[24 24 87 85]	[ 6  8 71 66]
[24 24 87 85]	[ 8  8 66 68]
[24 24 87 85]	[ 8  8 68 71]
[24 24 87 85]	[ 8  8 71 73]
[24 24 87 85]	[ 8  1 73 75]
[24 24 87 85]	[ 1  1 75 73]
[24 24 87 85]	[ 1  1 73 73]
[24 24 87 85]	[ 1  1 73 73]
[24 24 87 85]	[ 1  1 73 73]
[24 24 87 85]	[ 1  1 73 77]
[24 24 87 85]	[ 1  1 77 75]
[24 24 87 85]	[ 1  1 75 73]
[24 24 87 85]	[ 1  1 73 73]
[24 24 87 85]	[ 1  1 73 75]
[24 24 87 85]	[ 1  1 75 77]
[24 24 87 85]	[ 1  1 77 77]
[24 24 87 85]	[ 1  1 77 75]
[24 24 87 85]	[ 1  1 75 73]
[24 24 87 85]	[ 1  8 73 71]
[24 24 87 85]	[ 8  8 71 68]
[24 24 87 85]	[ 8  8 68 66]
[24 24 87 85]	[ 8  8 66 68]
[24 24 87 85]	[ 8 12 68 70]
[24 24 87 85]	[12 12 70 71]
[24 24 87 85]	[12 12 71 70]
[24 24 87 85]	[12 12 70 71]
[24 24 87 85]	[12  6 71 70]
[24 24 87 85]	[ 6  6 70 68]
[24 24 87 85]	[ 6  6 68 66]
[24 24 87 85]	[ 6  6 66 65]
[24 24 87 85]	[ 6  8 65 66]
[24 24 87 85]	[ 8  8 66 68]
[24 24 87 85]	[ 8  8 68 68]
[24 24 87 85]	[ 8  8 68 71]
[24 24 87 85]	[ 8  8 71 73]
[24 24 87 85]	[ 8  1 73 75]
[24 24 87 85]	[ 1  1 75 73]
[24 24 87 85]	[ 1  1 73 73]
[24 24 87 85]	[ 1  1 73 73]
[24 24 87 85]	[ 1  1 73 73]
[24 24 87 85]	[ 1  1 73 75]
[24 24 87 85]	[ 1  1 75 77]
[24 24 87 85]	[ 1  1 77 78]
[24 24 87 85]	[ 1  1 78 80]
[24 24 87 85]	[ 1  1 80 80]
[24 24 87 85]	[ 1 12 80 82]
[24 24 87 85]	[12 12 82 83]
[24 24 87 85]	[12 12 83 82]
[24 24 87 85]	[12 12 82 80]
[24 24 87 85]	[12  6 80 78]
[24 24 87 85]	[ 6  6 78 75]
[24 24 87 85]	[ 6  6 75 73]
[24 24 87 85]	[ 6  6 73 71]
[24 24 87 85]	[ 6  8 71 66]
[24 24 87 85]	[ 8  8 66 68]
[24 24 87 85]	[ 8  8 68 71]
[24 24 87 85]	[ 8  8 71 73]
[-1 -1 -1 -1]	[ 8  1 73 75]
[24 24 87 85]	[ 1  1 75 73]
[24 24 87 85]	[ 1 -1 73 73]
[24 24 87 85]	[-1  1 73 68]
[24 24 87 85]	[ 1  1 68 68]
[24 24 87 85]	[ 1  1 68 73]
[24 24 87 85]	[ 1  1 73 73]
[24 24 87 85]	[ 1  1 73 75]
[24 24 87 85]	[ 1  1 75 77]
[24 24 87 85]	[ 1  1 77 78]
[24 24 87 85]	[ 1  1 78 80]
[24 24 87 85]	[ 1  1 80 82]
[24 24 87 85]	[ 1  1 82 80]
[24 24 87 85]	[ 1  6 80 77]
[24 24 87 85]	[ 6  6 77 78]
[24 24 87 85]	[ 6  6 78 77]
[24 24 87 85]	[ 6  1 77 78]
[24 24 87 85]	[ 1  1 78 80]
[24 24 87 85]	[ 1  1 80 73]
[24 24 87 85]	[ 1  1 73 73]
[24 24 87 85]	[ 1  1 73 75]
[24 24 87 85]	[ 1  1 75 77]
[24 24 87 85]	[ 1 12 77 73]
[24 24 87 85]	[12 12 73 75]
[24 24 87 85]	[12 12 75 73]
[24 24 87 85]	[12 12 73 68]
[24 24 87 85]	[12 12 68 70]
[24 24 87 85]	[12 12 70 71]
[24 24 87 85]	[12  1 71 68]
[24 24 87 85]	[ 1  1 68 68]
[24 24 87 85]	[ 1  1 68 73]
[24 24 87 85]	[ 1  1 73 73]
[24 24 87 85]	[ 1  1 73 75]
[24 24 87 85]	[ 1  1 75 77]
[24 24 87 85]	[ 1  1 77 78]
[24 24 87 85]	[ 1  1 78 80]
[24 24 87 85]	[ 1  1 80 82]
[24 24 87 85]	[ 1  1 82 80]
[24 24 87 85]	[ 1  6 80 77]
[24 24 87 85]	[ 6  6 77 78]
[24 24 87 85]	[ 6  6 78 77]
[24 24 87 85]	[ 6  1 77 78]
[24 24 87 85]	[ 1  1 78 80]
[24 24 87 85]	[ 1 12 80 85]
[24 24 87 85]	[12 12 85 85]
[24 24 87 85]	[12 12 85 82]
[24 24 87 85]	[12 12 82 80]
[24 24 87 85]	[12  1 80 78]
[24 24 87 85]	[ 1  1 78 77]
[24 24 87 85]	[ 1  1 77 73]
[24 24 87 85]	[ 1  1 73 73]
[24 24 87 85]	[ 1  1 73 80]
[24 24 87 85]	[ 1 12 80 82]
[24 24 87 85]	[12 12 82 83]
[24 24 87 85]	[12 12 83 82]
[24 24 87 85]	[12 12 82 83]
[24 24 87 85]	[12 12 83 85]
[24 24 87 85]	[12 12 85 83]
[24 24 87 85]	[12 12 83 80]
[24 24 87 85]	[12 12 80 82]
[24 24 87 85]	[12 12 82 83]
[24 24 87 85]	[12 12 83 82]
[24 24 87 85]	[12 12 82 80]
[24 24 87 85]	[12  6 80 77]
[24 24 87 85]	[ 6  6 77 78]
[24 24 87 85]	[ 6  6 78 77]
[24 24 87 85]	[ 6  1 77 78]
[24 24 87 85]	[ 1  1 78 80]
[24 24 87 85]	[ 1  1 80 73]
[24 24 87 85]	[ 1  1 73 73]
[24 24 87 85]	[ 1  1 73 75]
[24 24 87 85]	[ 1  1 75 77]
[24 24 87 85]	[ 1 12 77 73]
[24 24 87 85]	[12 12 73 75]
[24 24 87 85]	[12 12 75 73]
[24 24 87 85]	[12 12 73 68]
[24 24 87 85]	[12 12 68 70]
[24 24 87 85]	[12 12 70 71]
[24 24 87 85]	[12  1 71 68]
[24 24 87 85]	[ 1  1 68 68]
[24 24 87 85]	[ 1  1 68 73]
[24 24 87 85]	[ 1  1 73 73]
[24 24 87 85]	[ 1  1 73 75]
[24 24 87 85]	[ 1  1 75 77]
[24 24 87 85]	[ 1  1 77 78]
[24 24 87 85]	[ 1  1 78 80]
[24 24 87 85]	[ 1  1 80 82]
[24 24 87 85]	[ 1  1 82 80]
[24 24 87 85]	[ 1  6 80 77]
[24 24 87 85]	[ 6  6 77 78]
[24 24 87 85]	[ 6  6 78 77]
[24 24 87 85]	[ 6  1 77 78]
[24 24 87 85]	[ 1  1 78 80]
[24 24 87 85]	[ 1 12 80 85]
[24 24 87 85]	[12 12 85 85]
[24 24 87 85]	[12 12 85 82]
[24 24 87 85]	[12 12 82 80]
[-1 -1 -1 -1]	[12  1 80 78]
[24 24 87 85]	[ 1  1 78 77]
[24 24 87 85]	[ 1 -1 77 73]
[24 24 87 85]	[-1  1 73 80]
[24 24 87 85]	[ 1  1 80 73]
[24 24 87 85]	[ 1  1 73 82]
[24 24 87 85]	[ 1  1 82 80]
[24 24 87 85]	[ 1  1 80 73]
[24 24 87 85]	[ 1  1 73 77]
[24 24 87 85]	[ 1 12 77 73]
[24 24 87 85]	[12 12 73 75]
[24 24 87 85]	[12 12 75 75]
[24 24 87 85]	[12 12 75 83]
[24 24 87 85]	[12 12 83 75]
[24 24 87 85]	[12 12 75 85]
[24 24 87 85]	[12 12 85 75]
[24 24 87 85]	[12 12 75 83]
[24 24 87 85]	[12  1 83 75]
[24 24 87 85]	[ 1  1 75 73]
[24 24 87 85]	[ 1  1 73 77]
[24 24 87 85]	[ 1  1 77 80]
[24 24 87 85]	[ 1  1 80 85]
[24 24 87 85]	[ 1  1 85 89]
[24 24 87 85]	[ 1  1 89 87]
[24 24 87 85]	[ 1 20 87 85]
[24 24 87 85]	[20 20 85 83]
[24 24 87 85]	[20 20 83 80]
[24 24 87 85]	[20 20 80 78]
[24 24 87 85]	[20 20 78 75]
[24 24 87 85]	[20 20 75 75]
[24 24 87 85]	[20 20 75 73]
[24 24 87 85]	[20  1 73 75]
[24 24 87 85]	[ 1  1 75 73]
[24 24 87 85]	[ 1  1 73 77]
[24 24 87 85]	[ 1  1 77 73]
[24 24 87 85]	[ 1  1 73 80]
[24 24 87 85]	[ 1  1 80 73]
[24 24 87 85]	[ 1  1 73 77]
[24 24 87 85]	[ 1 12 77 73]
[24 24 87 85]	[12 12 73 75]
[24 24 87 85]	[12 12 75 75]
[24 24 87 85]	[12 12 75 83]
[24 24 87 85]	[12 12 83 75]
[24 24 87 85]	[12 12 75 85]
[24 24 87 85]	[12 12 85 75]
[24 24 87 85]	[12 12 75 83]
[24 24 87 85]	[12  1 83 75]
[24 24 87 85]	[ 1  1 75 73]
[24 24 87 85]	[ 1  1 73 77]
[24 24 87 85]	[ 1  1 77 80]
[24 24 87 85]	[ 1  1 80 85]
[24 24 87 85]	[ 1  1 85 89]
[24 24 87 85]	[ 1  1 89 87]
[24 24 87 85]	[ 1 20 87 85]
[24 24 87 85]	[20 20 85 83]
[24 24 87 85]	[20 20 83 80]
[24 24 87 85]	[20 20 80 78]
[24 24 87 85]	[20  1 78 75]
[24 24 87 85]	[ 1  1 75 75]
[24 24 87 85]	[ 1  1 75 73]
[24 24 87 85]	[ 1  1 73 73]
[24 24 87 85]	[ 1  1 73 87]
[24 24 87 85]	[ 1  1 87 89]
[24 24 87 85]	[ 1  1 89 85]
[24 24 87 85]	[ 1  1 85 85]
[24 24 87 85]	[ 1  1 85 87]
[24 24 87 85]	[ 1  1 87 89]
[24 24 87 85]	[ 1  1 89 92]
[24 24 87 85]	[ 1  1 92 92]
[24 24 87 85]	[ 1 20 92 89]
[24 24 87 85]	[20 20 89 87]
[24 24 87 85]	[20 20 87 83]
[24 24 87 85]	[20 12 83 83]
[24 24 87 85]	[12 12 83 87]
[24 24 87 85]	[12 12 87 89]
[24 24 87 85]	[12 12 89 90]
[24 24 87 85]	[12  1 90 87]
[24 24 87 85]	[ 1  1 87 89]
[24 24 87 85]	[ 1  1 89 85]
[24 24 87 85]	[ 1  1 85 85]
[24 24 87 85]	[ 1  1 85 85]
[24 24 87 85]	[ 1  1 85 89]
[24 24 87 85]	[ 1  1 89 87]
[24 24 87 85]	[ 1 12 87 85]
[24 24 87 85]	[12 12 85 83]
[24 24 87 85]	[12 12 83 80]
[24 24 87 85]	[12 12 80 78]
[24 24 87 85]	[12 20 78 75]
[24 24 87 85]	[20 20 75 75]
[24 24 87 85]	[20 20 75 73]
[24 24 87 85]	[20 20 73 73]
[24 24 87 85]	[20  1 73 87]
[24 24 87 85]	[ 1  1 87 89]
[24 24 87 85]	[ 1  1 89 85]
[24 24 87 85]	[ 1  1 85 85]
[24 24 87 85]	[ 1  1 85 87]
[24 24 87 85]	[ 1  1 87 89]
[24 24 87 85]	[ 1  1 89 90]
[24 24 87 85]	[ 1  1 90 92]
[24 24 87 85]	[ 1 12 92 89]
[24 24 87 85]	[12 12 89 87]
[24 24 87 85]	[12 12 87 83]
[24 24 87 85]	[12 12 83 83]
[24 24 87 85]	[12 12 83 87]
[24 24 87 85]	[12 12 87 89]
[24 24 87 85]	[12 12 89 90]
[24 24 87 85]	[12  1 90 87]
[24 24 87 85]	[ 1  1 87 85]
[24 24 87 85]	[ 1  1 85 89]
[24 24 87 85]	[ 1  1 89 87]
[24 24 87 85]	[ 1  1 87 90]
[24 24 87 85]	[ 1  1 90 89]
[24 24 87 85]	[ 1  1 89 92]
[24 24 87 85]	[ 1  1 92 90]
[24 24 87 85]	[ 1 20 90 94]
[24 24 87 85]	[20 20 94 92]
[24 24 87 85]	[20 20 92 89]
[24 24 87 85]	[20 20 89 90]
[24 24 87 85]	[20  1 90 87]
[24 24 87 85]	[ 1  1 87 89]
[24 24 87 85]	[ 1  1 89 85]
[24 24 87 85]	[ 1  1 85 85]
[24 24 87 85]	[ 1  1 85 85]
[24 24 87 85]	[ 1  1 85 87]
[24 24 87 85]	[ 1  1 87 89]
[24 24 87 85]	[ 1  1 89 92]
[24 24 87 85]	[ 1  1 92 92]
[24 24 87 85]	[ 1  1 92 90]
[24 24 87 85]	[ 1  1 90 89]
[24 24 87 85]	[ 1  1 89 85]
[24 24 87 85]	[ 1  1 85 85]
[24 24 87 85]	[ 1 12 85 89]
[24 24 87 85]	[12 12 89 87]
[24 24 87 85]	[12 12 87 89]
[24 24 87 85]	[12 12 89 90]
[24 24 87 85]	[12 20 90 89]
[24 24 87 85]	[20 20 89 87]
[24 24 87 85]	[20 20 87 83]
[24 24 87 85]	[20 20 83 83]
[24 24 87 85]	[20  1 83 87]
[24 24 87 85]	[ 1  1 87 89]
[24 24 87 85]	[ 1  1 89 92]
[24 24 87 85]	[ 1  1 92 92]
[24 24 87 85]	[ 1 22 92 90]
[24 24 87 85]	[22 22 90 89]
[24 24 87 85]	[22 22 89 85]
[24 24 87 85]	[22 22 85 85]
[24 24 87 85]	[22 12 85 82]
[24 24 87 85]	[12 12 82 83]
[24 24 87 85]	[12 12 83 80]
[24 24 87 85]	[12 12 80 78]
[24 24 87 85]	[12 20 78 75]
[24 24 87 85]	[20 20 75 75]
[24 24 87 85]	[20 20 75 73]
[24 24 87 85]	[20 20 73 73]
[24 24 87 85]	[20  1 73 87]
[24 24 87 85]	[ 1  1 87 89]
[24 24 87 85]	[ 1  1 89 92]
[24 24 87 85]	[ 1  1 92 92]
[24 24 87 85]	[ 1  1 92 90]
[24 24 87 85]	[ 1  1 90 89]
[24 24 87 85]	[ 1  1 89 85]
[24 24 87 85]	[ 1 12 85 85]
[24 24 87 85]	[12 12 85 87]
[24 24 87 85]	[12 12 87 89]
[24 24 87 85]	[12 12 89 90]
[24 24 87 85]	[12 20 90 89]
[24 24 87 85]	[20 20 89 87]
[24 24 87 85]	[20 20 87 83]
[24 24 87 85]	[20 20 83 83]
[24 24 87 85]	[20  1 83 87]
[24 24 87 85]	[ 1  1 87 85]
[24 24 87 85]	[ 1  1 85 89]
[24 24 87 85]	[ 1  1 89 87]
[24 24 87 85]	[ 1  1 87 90]
[24 24 87 85]	[ 1  1 90 89]
[24 24 87 85]	[ 1  1 89 92]
[24 24 87 85]	[ 1  1 92 90]
[24 24 87 85]	[ 1 20 90 94]
[24 24 87 85]	[20 20 94 92]
[24 24 87 85]	[20 20 92 89]
[24 24 87 85]	[20 20 89 90]
[24 24 87 85]	[20  1 90 87]
[24 24 87 85]	[ 1  1 87 89]
[24 24 87 85]	[ 1  1 89 85]
[24 24 87 85]	[ 1  1 85 85]
[24 24 87 85]	[ 1  1 85 85]
[24 24 87 85]	[ 1  1 85 87]
[24 24 87 85]	[ 1  1 87 89]
[24 24 87 85]	[ 1  1 89 85]
[24 24 87 85]	[ 1  1 85 89]
[24 24 87 85]	[ 1  1 89 89]
[24 24 87 85]	[ 1  1 89 85]
[24 24 87 85]	[ 1 15 85 89]
[24 24 87 85]	[15 15 89 87]
[24 24 87 85]	[15 15 87 83]
[24 24 87 85]	[15 15 83 87]
[24 24 87 85]	[15 15 87 87]
[24 24 87 85]	[15 15 87 87]
[24 24 87 85]	[15 15 87 87]
[24 24 87 85]	[15 15 87 83]
[24 24 87 85]	[15  1 83 87]
[24 24 87 85]	[ 1  1 87 89]
[24 24 87 85]	[ 1  1 89 85]
[24 24 87 85]	[ 1  1 85 89]
[24 24 87 85]	[ 1  1 89 89]
[24 24 87 85]	[ 1  1 89 85]
[24 24 87 85]	[ 1  1 85 87]
[24 24 87 85]	[ 1  8 87 85]
[24 24 87 85]	[ 8  8 85 83]
[24 24 87 85]	[ 8  8 83 80]
[24 24 87 85]	[ 8  8 80 78]
[24 24 87 85]	[ 8  1 78 75]
[24 24 87 85]	[ 1  1 75 75]
[24 24 87 85]	[ 1  1 75 73]
[24 24 87 85]	[ 1  1 73 73]
[24 24 87 85]	[ 1  1 73 87]
[24 24 87 85]	[ 1  1 87 89]
[24 24 87 85]	[ 1  1 89 85]
[24 24 87 85]	[ 1  1 85 89]
[24 24 87 85]	[ 1  1 89 85]
[24 24 87 85]	[ 1  1 85 89]
[24 24 87 85]	[ 1  1 89 85]
[24 24 87 85]	[ 1 15 85 89]
[24 24 87 85]	[15 15 89 87]
[24 24 87 85]	[15 15 87 83]
[24 24 87 85]	[15 15 83 87]
[24 24 87 85]	[15 15 87 83]
[24 24 87 85]	[15 15 83 87]
[24 24 87 85]	[15 15 87 83]
[24 24 87 85]	[15  1 83 87]
[24 24 87 85]	[ 1  1 87 85]
[24 24 87 85]	[ 1  1 85 89]
[24 24 87 85]	[ 1  1 89 87]
[24 24 87 85]	[ 1  1 87 90]
[24 24 87 85]	[ 1  1 90 89]
[24 24 87 85]	[ 1  1 89 92]
[24 24 87 85]	[ 1  1 92 90]
[24 24 87 85]	[ 1  8 90 94]
[24 24 87 85]	[ 8  8 94 92]
[24 24 87 85]	[ 8  8 92 89]
[24 24 87 85]	[ 8  8 89 90]
[-1 -1 -1 -1]	[ 8  1 90 87]
[24 24 87 85]	[ 1  1 87 89]
[24 24 87 85]	[ 1 -1 89 85]
[24 24 87 85]	[-1 -1 85 80]
[24 24 87 85]	[-1  1 80 78]
[24 24 87 85]	[ 1  1 78 77]
[24 24 87 85]	[ 1  1 77 73]
[24 24 87 85]	[ 1  1 73 73]
[24 24 87 85]	[ 1  1 73 75]
[24 24 87 85]	[ 1 12 75 77]
[24 24 87 85]	[12 12 77 78]
[24 24 87 85]	[12 12 78 75]
[24 24 87 85]	[12 12 75 75]
[24 24 87 85]	[12 12 75 80]
[24 24 87 85]	[12  1 80 78]
[24 24 87 85]	[ 1  1 78 77]
[24 24 87 85]	[ 1  1 77 73]
[24 24 87 85]	[ 1  1 73 73]
[24 24 87 85]	[ 1  1 73 75]
[24 24 87 85]	[ 1 12 75 77]
[24 24 87 85]	[12 12 77 78]
[24 24 87 85]	[12 12 78 77]
[24 24 87 85]	[12 12 77 75]
[24 24 87 85]	[12 12 75 73]
[24 24 87 85]	[12  1 73 71]
[24 24 87 85]	[ 1  1 71 77]
[24 24 87 85]	[ 1  1 77 73]
[24 24 87 85]	[ 1 12 73 77]
[24 24 87 85]	[12 12 77 75]
[24 24 87 85]	[12 12 75 71]
[24 24 87 85]	[12  1 71 75]
[24 24 87 85]	[ 1  1 75 73]
[24 24 87 85]	[ 1  1 73 80]
[24 24 87 85]	[ 1  1 80 78]
[24 24 87 85]	[ 1  1 78 77]
[24 24 87 85]	[ 1  1 77 80]
[24 24 87 85]	[ 1  1 80 80]
[24 24 87 85]	[ 1 12 80 83]
[24 24 87 85]	[12 12 83 78]
[24 24 87 85]	[12 12 78 75]
[24 24 87 85]	[12 12 75 71]
[24 24 87 85]	[12 12 71 75]
[24 24 87 85]	[12 12 75 78]
[24 24 87 85]	[12 12 78 80]
[24 24 87 85]	[12  1 80 78]
[24 24 87 85]	[ 1  1 78 77]
[24 24 87 85]	[ 1  1 77 80]
[24 24 87 85]	[ 1  1 80 80]
[24 24 87 85]	[ 1  1 80 82]
[24 24 87 85]	[ 1  1 82 83]
[24 24 87 85]	[ 1  1 83 85]
[24 24 87 85]	[ 1  1 85 83]
[24 24 87 85]	[ 1  1 83 82]
[24 24 87 85]	[ 1  1 82 80]
[24 24 87 85]	[ 1  1 80 85]
[24 24 87 85]	[ 1  1 85 77]
[24 24 87 85]	[ 1  1 77 73]
[24 24 87 85]	[ 1 12 73 77]
[-1 -1 -1 -1]	[12 12 77 75]
[24 24 87 85]	[12 12 75 71]
[24 24 87 85]	[12  1 71 75]
[24 24 87 85]	[ 1  1 75 73]
[24 24 87 85]	[ 1  1 73 80]
[24 24 87 85]	[ 1  1 80 80]
[24 24 87 85]	[ 1  1 80 80]
[24 24 87 85]	[ 1  1 80 78]
[24 24 87 85]	[ 1 12 78 75]
[24 24 87 85]	[12 12 75 78]
[24 24 87 85]	[12 12 78 75]
[24 24 87 85]	[12 12 75 78]
[24 24 87 85]	[12 12 78 80]
[24 24 87 85]	[12 12 80 78]
[24 24 87 85]	[12  1 78 75]
[24 24 87 85]	[ 1  1 75 73]
[24 24 87 85]	[ 1  1 73 80]
[24 24 87 85]	[ 1  1 80 80]
[24 24 87 85]	[ 1  1 80 80]
[24 24 87 85]	[ 1  1 80 78]
[24 24 87 85]	[ 1 12 78 75]
[24 24 87 85]	[12 12 75 78]
[24 24 87 85]	[12 12 78 75]
[24 24 87 85]	[12 12 75 71]
[24 24 87 85]	[12 12 71 71]
[24 24 87 85]	[12 12 71 71]
[24 24 87 85]	[12  1 71 80]
[24 24 87 85]	[ 1  1 80 73]
[24 24 87 85]	[ 1  1 73 80]
[24 24 87 85]	[ 1  1 80 80]
[24 24 87 85]	[ 1  1 80 80]
[24 24 87 85]	[ 1  1 80 78]
[24 24 87 85]	[ 1 12 78 75]
[24 24 87 85]	[12 12 75 78]
[24 24 87 85]	[12 12 78 75]
[24 24 87 85]	[12 12 75 78]
[24 24 87 85]	[12 12 78 80]
[24 24 87 85]	[12 12 80 78]
[24 24 87 85]	[12 12 78 80]
[24 24 87 85]	[12 12 80 83]
[24 24 87 85]	[12 12 83 82]
[24 24 87 85]	[12 12 82 80]
[24 24 87 85]	[12 12 80 78]
[24 24 87 85]	[12 12 78 75]
[24 24 87 85]	[12  1 75 78]
[24 24 87 85]	[ 1  1 78 80]
[24 24 87 85]	[ 1  1 80 80]
[24 24 87 85]	[ 1  1 80 85]
[24 24 87 85]	[ 1  1 85 80]
[24 24 87 85]	[ 1 12 80 80]
[24 24 87 85]	[12 12 80 83]
[24 24 87 85]	[12 12 83 80]
[24 24 87 85]	[12  1 80 78]
[24 24 87 85]	[ 1  1 78 85]
[24 24 87 85]	[ 1  1 85 80]
[24 24 87 85]	[ 1 12 80 80]
[24 24 87 85]	[12 12 80 83]
[24 24 87 85]	[12  1 83 80]
[24 24 87 85]	[ 1  1 80 85]
[24 24 87 85]	[ 1  1 85 80]
[24 24 87 85]	[ 1 12 80 80]
[24 24 87 85]	[12 12 80 83]
[24 24 87 85]	[12 12 83 80]
[24 24 87 85]	[12 12 80 78]
[24 24 87 85]	[12 12 78 78]
[24 24 87 85]	[12 12 78 75]
[24 24 87 85]	[12 12 75 71]
[24 24 87 85]	[12 12 71 71]
[24 24 87 85]	[12 12 71 71]
[24 24 87 85]	[12  1 71 80]
[24 24 87 85]	[ 1  1 80 85]
[24 24 87 85]	[ 1  1 85 80]
[24 24 87 85]	[ 1 12 80 80]
[24 24 87 85]	[12 12 80 83]
[24 24 87 85]	[12 12 83 80]
[24 24 87 85]	[12  1 80 78]
[24 24 87 85]	[ 1  1 78 85]
[24 24 87 85]	[ 1  1 85 80]
[24 24 87 85]	[ 1 12 80 80]
[24 24 87 85]	[12 12 80 83]
[24 24 87 85]	[12 12 83 80]
[24 24 87 85]	[12 12 80 83]
[24 24 87 85]	[12 12 83 82]
[24 24 87 85]	[12 12 82 80]
[24 24 87 85]	[12 12 80 78]
[24 24 87 85]	[12 12 78 75]
[24 24 87 85]	[12  1 75 78]
[24 24 87 85]	[ 1  1 78 80]
[24 24 87 85]	[ 1  1 80 80]
[24 24 87 85]	[ 1  1 80 73]
[24 24 87 85]	[ 1 12 73 80]
[24 24 87 85]	[12 12 80 80]
[24 24 87 85]	[12 12 80 78]
[24 24 87 85]	[12 12 78 75]
[24 24 87 85]	[12 12 75 78]
[24 24 87 85]	[12 12 78 75]
[24 24 87 85]	[12  1 75 78]
[24 24 87 85]	[ 1  1 78 80]
[24 24 87 85]	[ 1  1 80 78]
[24 24 87 85]	[ 1  1 78 80]
[24 24 87 85]	[ 1  1 80 73]
[24 24 87 85]	[ 1 12 73 80]
[24 24 87 85]	[12 12 80 80]
[24 24 87 85]	[12 12 80 78]
[24 24 87 85]	[12 12 78 75]
[24 24 87 85]	[12 12 75 78]
[24 24 87 85]	[12 12 78 75]
[24 24 87 85]	[12 12 75 71]
[24 24 87 85]	[12 12 71 71]
[24 24 87 85]	[12 12 71 71]
[24 24 87 85]	[12  1 71 75]
[24 24 87 85]	[ 1  1 75 73]
[24 24 87 85]	[ 1 12 73 80]
[24 24 87 85]	[12 12 80 80]
[24 24 87 85]	[12 12 80 78]
[24 24 87 85]	[12 12 78 87]
[24 24 87 85]	[12 12 87 78]
[24 24 87 85]	[12 12 78 87]
[24 24 87 85]	[12  1 87 78]
[24 24 87 85]	[ 1  1 78 80]
[24 24 87 85]	[ 1  1 80 78]
[24 24 87 85]	[ 1 12 78 80]
[24 24 87 85]	[12 12 80 83]
[24 24 87 85]	[12 12 83 82]
[24 24 87 85]	[12 12 82 80]
[24 24 87 85]	[12 12 80 78]
[24 24 87 85]	[12 12 78 75]
[24 24 87 85]	[12  1 75 78]
[24 24 87 85]	[ 1  1 78 80]
[24 24 87 85]	[ 1  1 80 80]
[24 24 87 85]	[ 1  1 80 80]
[24 24 87 85]	[ 1  1 80 85]
[24 24 87 85]	[ 1 12 85 85]
[24 24 87 85]	[12 12 85 83]
[24 24 87 85]	[12 12 83 80]
[24 24 87 85]	[12  1 80 78]
[24 24 87 85]	[ 1  1 78 80]
[24 24 87 85]	[ 1  1 80 85]
[24 24 87 85]	[ 1 12 85 85]
[24 24 87 85]	[12 12 85 83]
[24 24 87 85]	[12  1 83 78]
[24 24 87 85]	[ 1  1 78 80]
[24 24 87 85]	[ 1  1 80 85]
[24 24 87 85]	[ 1 12 85 85]
[24 24 87 85]	[12 12 85 83]
[24 24 87 85]	[12 12 83 80]
[24 24 87 85]	[12 12 80 78]
[24 24 87 85]	[12 12 78 78]
[24 24 87 85]	[12 12 78 75]
[24 24 87 85]	[12 12 75 71]
[24 24 87 85]	[12 12 71 71]
[24 24 87 85]	[12 12 71 71]
[24 24 87 85]	[12  1 71 80]
[24 24 87 85]	[ 1  1 80 80]
[24 24 87 85]	[ 1  1 80 85]
[24 24 87 85]	[ 1 12 85 85]
[24 24 87 85]	[12 12 85 83]
[24 24 87 85]	[12 12 83 80]
[24 24 87 85]	[12  1 80 78]
[24 24 87 85]	[ 1  1 78 80]
[24 24 87 85]	[ 1  1 80 85]
[24 24 87 85]	[ 1 12 85 85]
[24 24 87 85]	[12 12 85 83]
[24 24 87 85]	[12 12 83 80]
[24 24 87 85]	[12 12 80 83]
[24 24 87 85]	[12 12 83 82]
[24 24 87 85]	[12 12 82 80]
[24 24 87 85]	[12 12 80 78]
[-1 -1 -1 -1]	[12 12 78 75]
[24 24 87 85]	[12  1 75 78]
[24 24 87 85]	[ 1 -1 78 80]
[24 24 87 85]	[-1 -1 80 68]
[24 24 87 85]	[-1 -1 68 73]
[24 24 87 85]	[-1 -1 73 73]
[24 24 87 85]	[-1 -1 73 75]
[24 24 87 85]	[-1 -1 75 77]
[24 24 87 85]	[-1 -1 77 77]
[24 24 87 85]	[-1 -1 77 78]
[24 24 87 85]	[-1 -1 78 80]
[24 24 87 85]	[-1 -1 80 85]
[24 24 87 85]	[-1 -1 85 80]
[24 24 87 85]	[-1 -1 80 78]
[24 24 87 85]	[-1 -1 78 77]
[24 24 87 85]	[-1 -1 77 73]
[24 24 87 85]	[-1 -1 73 73]
[24 24 87 85]	[-1 -1 73 75]
[24 24 87 85]	[-1 -1 75 77]
[24 24 87 85]	[-1 -1 77 78]
[24 24 87 85]	[-1 -1 78 78]
[24 24 87 85]	[-1 -1 78 75]
[24 24 87 85]	[-1 -1 75 71]
[24 24 87 85]	[-1 -1 71 68]
[24 24 87 85]	[-1 -1 68 73]
[24 24 87 85]	[-1 -1 73 73]
[24 24 87 85]	[-1 -1 73 75]
[24 24 87 85]	[-1 -1 75 77]
[24 24 87 85]	[-1 -1 77 77]
[24 24 87 85]	[-1 -1 77 78]
[24 24 87 85]	[-1 -1 78 80]
[24 24 87 85]	[-1 -1 80 85]
[24 24 87 85]	[-1 -1 85 80]
[24 24 87 85]	[-1 -1 80 78]
[24 24 87 85]	[-1 -1 78 77]
[24 24 87 85]	[-1 -1 77 75]
[24 24 87 85]	[-1 -1 75 73]
[24 24 87 85]	[-1 -1 73 75]
[24 24 87 85]	[-1 -1 75 73]
[24 24 87 85]	[-1 -1 73 71]
[24 24 87 85]	[-1 -1 71 73]
[24 24 87 85]	[-1 -1 73 73]
[24 24 87 85]	[-1 -1 73 83]
[24 24 87 85]	[-1 -1 83 82]
[24 24 87 85]	[-1 -1 82 80]
[24 24 87 85]	[-1 -1 80 85]
[24 24 87 85]	[-1 -1 85 85]
[24 24 87 85]	[-1 -1 85 83]
[24 24 87 85]	[-1 -1 83 82]
[24 24 87 85]	[-1 -1 82 80]
[24 24 87 85]	[-1 -1 80 85]
[24 24 87 85]	[-1 -1 85 85]
[24 24 87 85]	[-1 -1 85 78]
[24 24 87 85]	[-1 -1 78 77]
[24 24 87 85]	[-1 -1 77 73]
[24 24 87 85]	[-1 -1 73 73]
[24 24 87 85]	[-1 -1 73 75]
[24 24 87 85]	[-1 -1 75 77]
[24 24 87 85]	[-1 -1 77 78]
[24 24 87 85]	[-1 -1 78 78]
[24 24 87 85]	[-1 -1 78 75]
[24 24 87 85]	[-1 -1 75 71]
[24 24 87 85]	[-1 -1 71 83]
[24 24 87 85]	[-1 -1 83 82]
[24 24 87 85]	[-1 -1 82 80]
[24 24 87 85]	[-1 -1 80 85]
[24 24 87 85]	[-1 -1 85 85]
[24 24 87 85]	[-1 -1 85 83]
[24 24 87 85]	[-1 -1 83 82]
[24 24 87 85]	[-1 -1 82 80]
[24 24 87 85]	[-1 -1 80 85]
[24 24 87 85]	[-1 -1 85 85]
[24 24 87 85]	[-1 -1 85 78]
[24 24 87 85]	[-1 -1 78 77]
[24 24 87 85]	[-1 -1 77 75]
[24 24 87 85]	[-1 -1 75 73]
[24 24 87 85]	[-1 -1 73 71]
[24 24 87 85]	[-1 -1 71 73]
[24 24 87 85]	[-1 -1 73 75]
[24 24 87 85]	[-1 -1 75 71]
[24 24 87 85]	[-1 -1 71 73]
[24 24 87 85]	[-1 -1 73 73]
[24 24 87 85]	[-1 -1 73 83]
[24 24 87 85]	[-1 -1 83 82]
[24 24 87 85]	[-1 -1 82 80]
[24 24 87 85]	[-1 -1 80 85]
[24 24 87 85]	[-1 -1 85 85]
[24 24 87 85]	[-1 -1 85 83]
[24 24 87 85]	[-1 -1 83 82]
[24 24 87 85]	[-1 -1 82 80]
[24 24 87 85]	[-1 -1 80 85]
[24 24 87 85]	[-1 -1 85 80]
[24 24 87 85]	[-1 -1 80 78]
[24 24 87 85]	[-1 -1 78 77]
[24 24 87 85]	[-1 -1 77 73]
[24 24 87 85]	[-1 -1 73 73]
[24 24 87 85]	[-1 -1 73 75]
[24 24 87 85]	[-1 -1 75 77]
[24 24 87 85]	[-1 -1 77 78]
[24 24 87 85]	[-1 -1 78 78]
[24 24 87 85]	[-1 -1 78 75]
[24 24 87 85]	[-1 -1 75 71]
[24 24 87 85]	[-1 -1 71 68]
[24 24 87 85]	[-1 -1 68 73]
[24 24 87 85]	[-1 -1 73 73]
[24 24 87 85]	[-1 -1 73 75]
[24 24 87 85]	[-1 -1 75 77]
[24 24 87 85]	[-1 -1 77 77]
[24 24 87 85]	[-1 -1 77 78]
[24 24 87 85]	[-1 -1 78 80]
[24 24 87 85]	[-1 -1 80 85]
[24 24 87 85]	[-1 -1 85 80]
[24 24 87 85]	[-1 -1 80 78]
[24 24 87 85]	[-1 -1 78 77]
[24 24 87 85]	[-1 -1 77 75]
[24 24 87 85]	[-1 -1 75 73]
[24 24 87 85]	[-1 -1 73 75]
[24 24 87 85]	[-1 -1 75 73]
[-1 -1 -1 -1]	[-1  1 73 71]
[24 24 87 85]	[ 1  1 71 73]
[24 24 87 85]	[ 1 12 73 73]
[24 24 87 85]	[12 12 73 71]
[24 24 87 85]	[12 12 71 73]
[24 24 87 85]	[12 12 73 75]
[24 24 87 85]	[12  1 75 78]
[24 24 87 85]	[ 1  1 78 77]
[24 24 87 85]	[ 1  1 77 73]
[24 24 87 85]	[ 1  1 73 82]
[24 24 87 85]	[ 1 15 82 80]
[24 24 87 85]	[15 15 80 78]
[24 24 87 85]	[15 15 78 75]
[24 24 87 85]	[15 15 75 82]
[24 24 87 85]	[15 15 82 83]
[24 24 87 85]	[15 15 83 82]
[24 24 87 85]	[15 15 82 78]
[24 24 87 85]	[15 15 78 75]
[24 24 87 85]	[15 12 75 73]
[24 24 87 85]	[12 12 73 71]
[24 24 87 85]	[12 12 71 73]
[24 24 87 85]	[12 12 73 75]
[24 24 87 85]	[12 12 75 78]
[24 24 87 85]	[12 12 78 80]
[24 24 87 85]	[12 12 80 82]
[24 24 87 85]	[12 12 82 80]
[24 24 87 85]	[12  1 80 78]
[24 24 87 85]	[ 1  1 78 77]
[24 24 87 85]	[ 1  1 77 73]
[24 24 87 85]	[ 1  1 73 73]
[24 24 87 85]	[ 1  1 73 75]
[24 24 87 85]	[ 1  1 75 73]
[24 24 87 85]	[ 1  6 73 77]
[24 24 87 85]	[ 6  6 77 78]
[24 24 87 85]	[ 6  6 78 73]
[24 24 87 85]	[ 6  1 73 78]
[24 24 87 85]	[ 1  1 78 77]
[24 24 87 85]	[ 1  1 77 78]
[24 24 87 85]	[ 1  1 78 80]
[24 24 87 85]	[ 1  6 80 77]
[24 24 87 85]	[ 6  6 77 78]
[24 24 87 85]	[ 6  6 78 82]
[24 24 87 85]	[ 6  6 82 80]
[24 24 87 85]	[ 6 15 80 77]
[24 24 87 85]	[15 15 77 78]
[24 24 87 85]	[15 15 78 77]
[24 24 87 85]	[15 15 77 73]
[24 24 87 85]	[15  1 73 75]
[24 24 87 85]	[ 1  1 75 77]
[24 24 87 85]	[ 1  1 77 75]
[24 24 87 85]	[ 1  1 75 73]
[24 24 87 85]	[ 1 20 73 70]
[24 24 87 85]	[20 20 70 71]
[24 24 87 85]	[20 20 71 68]
[24 24 87 85]	[20 20 68 78]
[24 24 87 85]	[20  1 78 77]
[24 24 87 85]	[ 1  1 77 73]
[24 24 87 85]	[ 1  1 73 73]
[24 24 87 85]	[ 1  1 73 75]
[24 24 87 85]	[ 1 12 75 73]
[24 24 87 85]	[12 12 73 71]
[24 24 87 85]	[12 12 71 75]
[24 24 87 85]	[12 12 75 78]
[24 24 87 85]	[12 12 78 75]
[24 24 87 85]	[12 13 75 71]
[24 24 87 85]	[13 13 71 76]
[24 24 87 85]	[13 13 76 75]
[24 24 87 85]	[13 12 75 73]
[24 24 87 85]	[12 12 73 75]
[24 24 87 85]	[12 12 75 71]
[24 24 87 85]	[12 12 71 73]
[24 24 87 85]	[12  1 73 75]
[24 24 87 85]	[ 1  1 75 77]
[24 24 87 85]	[ 1  1 77 73]
[24 24 87 85]	[ 1  1 73 80]
[24 24 87 85]	[ 1  1 80 80]
[24 24 87 85]	[ 1  1 80 78]
[24 24 87 85]	[ 1  1 78 77]
[24 24 87 85]	[ 1  1 77 73]
[24 24 87 85]	[ 1  1 73 80]
[24 24 87 85]	[ 1  1 80 82]
[24 24 87 85]	[ 1  1 82 80]
[24 24 87 85]	[ 1  1 80 78]
[24 24 87 85]	[ 1  1 78 77]
[24 24 87 85]	[ 1  6 77 73]
[24 24 87 85]	[ 6  6 73 78]
[24 24 87 85]	[ 6  6 78 82]
[24 24 87 85]	[ 6  1 82 78]
[24 24 87 85]	[ 1  1 78 77]
[24 24 87 85]	[ 1  1 77 78]
[24 24 87 85]	[ 1  1 78 80]
[24 24 87 85]	[ 1 15 80 77]
[24 24 87 85]	[15 15 77 78]
[24 24 87 85]	[15 15 78 82]
[24 24 87 85]	[15 15 82 80]
[24 24 87 85]	[15  1 80 77]
[24 24 87 85]	[ 1  1 77 78]
[24 24 87 85]	[ 1  1 78 77]
[24 24 87 85]	[ 1  1 77 73]
[24 24 87 85]	[ 1  1 73 75]
[24 24 87 85]	[ 1  1 75 77]
[24 24 87 85]	[ 1  1 77 75]
[24 24 87 85]	[ 1  1 75 73]
[24 24 87 85]	[ 1 20 73 70]
[24 24 87 85]	[20 20 70 71]
[24 24 87 85]	[20 20 71 68]
[24 24 87 85]	[20 20 68 78]
[24 24 87 85]	[20  1 78 77]
[-1 -1 -1 -1]	[ 1  1 77 73]
[24 24 87 85]	[ 1  1 73 73]
[24 24 87 85]	[ 1  1 73 75]
[24 24 87 85]	[ 1  1 75 77]
[24 24 87 85]	[ 1  1 77 80]
[24 24 87 85]	[ 1  1 80 78]
[24 24 87 85]	[ 1  1 78 77]
[24 24 87 85]	[ 1  1 77 77]
[24 24 87 85]	[ 1  1 77 77]
[24 24 87 85]	[ 1  1 77 73]
[24 24 87 85]	[ 1  1 73 77]
[24 24 87 85]	[ 1  1 77 73]
[24 24 87 85]	[ 1  1 73 83]
[24 24 87 85]	[ 1  1 83 82]
[24 24 87 85]	[ 1  1 82 80]
[24 24 87 85]	[ 1  1 80 80]
[24 24 87 85]	[ 1  1 80 80]
[24 24 87 85]	[ 1  6 80 77]
[24 24 87 85]	[ 6  6 77 85]
[24 24 87 85]	[ 6  6 85 83]
[24 24 87 85]	[ 6  6 83 82]
[24 24 87 85]	[ 6  6 82 78]
[24 24 87 85]	[ 6  6 78 83]
[24 24 87 85]	[ 6  8 83 82]
[24 24 87 85]	[ 8  8 82 80]
[24 24 87 85]	[ 8  8 80 77]
[24 24 87 85]	[ 8  8 77 78]
[24 24 87 85]	[ 8  1 78 75]
[24 24 87 85]	[ 1  1 75 77]
[24 24 87 85]	[ 1  1 77 77]
[24 24 87 85]	[ 1  1 77 77]
[24 24 87 85]	[ 1  1 77 73]
[24 24 87 85]	[ 1  8 73 73]
[24 24 87 85]	[ 8  8 73 80]
[24 24 87 85]	[ 8  8 80 77]
[24 24 87 85]	[ 8  8 77 78]
[24 24 87 85]	[ 8  1 78 75]
[24 24 87 85]	[ 1  6 75 77]
[24 24 87 85]	[ 6  6 77 85]
[24 24 87 85]	[ 6  6 85 83]
[24 24 87 85]	[ 6  6 83 82]
[24 24 87 85]	[ 6  6 82 78]
[24 24 87 85]	[ 6  6 78 83]
[24 24 87 85]	[ 6  1 83 82]
[24 24 87 85]	[ 1  1 82 80]
[24 24 87 85]	[ 1  1 80 77]
[24 24 87 85]	[ 1  1 77 83]
[24 24 87 85]	[ 1  1 83 82]
[24 24 87 85]	[ 1  1 82 80]
[24 24 87 85]	[ 1  1 80 80]
[24 24 87 85]	[ 1  1 80 80]
[24 24 87 85]	[ 1  1 80 77]
[24 24 87 85]	[ 1  1 77 82]
[24 24 87 85]	[ 1  1 82 80]
[24 24 87 85]	[ 1  1 80 80]
[24 24 87 85]	[ 1  1 80 77]
[24 24 87 85]	[ 1  1 77 80]
[24 24 87 85]	[ 1  8 80 82]
[24 24 87 85]	[ 8  8 82 78]
[24 24 87 85]	[ 8  8 78 75]
[24 24 87 85]	[ 8  8 75 80]
[24 24 87 85]	[ 8  1 80 78]
[24 24 87 85]	[ 1  1 78 77]
[24 24 87 85]	[ 1  1 77 77]
[24 24 87 85]	[ 1  1 77 77]
[24 24 87 85]	[ 1  8 77 73]
[24 24 87 85]	[ 8  8 73 78]
[24 24 87 85]	[ 8  8 78 75]
[24 24 87 85]	[ 8  8 75 80]
[24 24 87 85]	[ 8  1 80 78]
[24 24 87 85]	[ 1  6 78 77]
[24 24 87 85]	[ 6  6 77 70]
[24 24 87 85]	[ 6  6 70 66]
[24 24 87 85]	[ 6  6 66 70]
[24 24 87 85]	[ 6  6 70 71]
[24 24 87 85]	[ 6  6 71 73]
[24 24 87 85]	[ 6  6 73 77]
[24 24 87 85]	[ 6  6 77 75]
[24 24 87 85]	[ 6 24 75 73]
[24 24 87 85]	[24 24 73 73]
[24 24 87 85]	[24 24 73 71]
[24 24 87 85]	[24 24 71 70]
[24 24 87 85]	[24 24 70 71]
[24 24 87 85]	[24 24 71 73]
[24 24 87 85]	[24 24 73 75]
[24 24 87 85]	[24 24 75 77]
[24 24 87 85]	[24 24 77 78]
[24 24 87 85]	[24 24 78 80]
[24 24 87 85]	[24 24 80 83]
[24 24 87 85]	[24 24 83 82]
[24 24 87 85]	[24 24 82 80]
[24 24 87 85]	[24 24 80 80]
[24 24 87 85]	[24 24 80 78]
[24 24 87 85]	[24 24 78 77]
[24 24 87 85]	[24 24 77 78]
[24 24 87 85]	[24 24 78 82]
[24 24 87 85]	[24 24 82 80]
[24 24 87 85]	[24 24 80 78]
[24 24 87 85]	[24 24 78 77]
[24 24 87 85]	[24 24 77 75]
[24 24 87 85]	[24 24 75 73]
[24 24 87 85]	[24  6 73 71]
[24 24 87 85]	[ 6  6 71 70]
[24 24 87 85]	[ 6  6 70 66]
[24 24 87 85]	[ 6  6 66 70]
[24 24 87 85]	[ 6  6 70 71]
[24 24 87 85]	[ 6  6 71 73]
[24 24 87 85]	[ 6  6 73 77]
[24 24 87 85]	[ 6  6 77 75]
[24 24 87 85]	[ 6 24 75 73]
[24 24 87 85]	[24 24 73 73]
[24 24 87 85]	[24 24 73 71]
[24 24 87 85]	[24 24 71 70]
[24 24 87 85]	[24 24 70 71]
[24 24 87 85]	[24 24 71 73]
[24 24 87 85]	[24 24 73 75]
[24 24 87 85]	[24 24 75 77]
[24 24 87 85]	[24 24 77 78]
[24 24 87 85]	[24 24 78 80]
[24 24 87 85]	[24 24 80 83]
[24 24 87 85]	[24 24 83 82]
[24 24 87 85]	[24 24 82 80]
[24 24 87 85]	[24 24 80 78]
[24 24 87 85]	[24 24 78 77]
[-1 -1 -1 -1]	[24 24 77 75]
[24 24 87 85]	[24 24 75 73]
[24 24 87 85]	[24 -1 73 71]
[24 24 87 85]	[-1 -1 71 90]
[24 24 87 85]	[-1  1 90 87]
[24 24 87 85]	[ 1  1 87 85]
[24 24 87 85]	[ 1  1 85 82]
[24 24 87 85]	[ 1  1 82 80]
[24 24 87 85]	[ 1  6 80 83]
[24 24 87 85]	[ 6  6 83 82]
[24 24 87 85]	[ 6  6 82 78]
[24 24 87 85]	[ 6  6 78 78]
[24 24 87 85]	[ 6  6 78 80]
[24 24 87 85]	[ 6  6 80 82]
[24 24 87 85]	[ 6  6 82 83]
[24 24 87 85]	[ 6  6 83 82]
[24 24 87 85]	[ 6 15 82 80]
[24 24 87 85]	[15 15 80 82]
[24 24 87 85]	[15 15 82 90]
[24 24 87 85]	[15  1 90 87]
[24 24 87 85]	[ 1  1 87 85]
[24 24 87 85]	[ 1  1 85 82]
[24 24 87 85]	[ 1  1 82 80]
[24 24 87 85]	[ 1  6 80 83]
[24 24 87 85]	[ 6  6 83 82]
[24 24 87 85]	[ 6  6 82 78]
[24 24 87 85]	[ 6  6 78 78]
[24 24 87 85]	[ 6 20 78 82]
[24 24 87 85]	[20 20 82 80]
[24 24 87 85]	[20 20 80 92]
[24 24 87 85]	[20 20 92 92]
[24 24 87 85]	[20  1 92 90]
[24 24 87 85]	[ 1  1 90 92]
[24 24 87 85]	[ 1  1 92 90]
[24 24 87 85]	[ 1  1 90 87]
[24 24 87 85]	[ 1  1 87 85]
[24 24 87 85]	[ 1  1 85 82]
[24 24 87 85]	[ 1  1 82 80]
[24 24 87 85]	[ 1  6 80 83]
[24 24 87 85]	[ 6  6 83 82]
[24 24 87 85]	[ 6  6 82 78]
[24 24 87 85]	[ 6  6 78 78]
[24 24 87 85]	[ 6  6 78 80]
[24 24 87 85]	[ 6  6 80 82]
[24 24 87 85]	[ 6  6 82 83]
[24 24 87 85]	[ 6  6 83 82]
[24 24 87 85]	[ 6 15 82 80]
[24 24 87 85]	[15 15 80 82]
[24 24 87 85]	[15 15 82 78]
[24 24 87 85]	[15  1 78 82]
[24 24 87 85]	[ 1  1 82 85]
[24 24 87 85]	[ 1  1 85 82]
[24 24 87 85]	[ 1  1 82 80]
[24 24 87 85]	[ 1  6 80 83]
[24 24 87 85]	[ 6  6 83 82]
[24 24 87 85]	[ 6  6 82 78]
[24 24 87 85]	[ 6  6 78 82]
[24 24 87 85]	[ 6 20 82 85]
[24 24 87 85]	[20 20 85 87]
[24 24 87 85]	[20 20 87 92]
[24 24 87 85]	[20 20 92 92]
[24 24 87 85]	[20  1 92 90]
[24 24 87 85]	[ 1  1 90 92]
[24 24 87 85]	[ 1  1 92 92]
[24 24 87 85]	[ 1  1 92 87]
[24 24 87 85]	[ 1  6 87 89]
[24 24 87 85]	[ 6  6 89 90]
[24 24 87 85]	[ 6  6 90 89]
[24 24 87 85]	[ 6  6 89 90]
[24 24 87 85]	[ 6  6 90 87]
[24 24 87 85]	[ 6  6 87 90]
[24 24 87 85]	[ 6  6 90 94]
[24 24 87 85]	[ 6  6 94 92]
[24 24 87 85]	[ 6  6 92 87]
[24 24 87 85]	[ 6  6 87 90]
[24 24 87 85]	[ 6  6 90 89]
[24 24 87 85]	[ 6  6 89 90]
[24 24 87 85]	[ 6 15 90 92]
[24 24 87 85]	[15 15 92 94]
[24 24 87 85]	[15 15 94 87]
[24 24 87 85]	[15 15 87 87]
[24 24 87 85]	[15  6 87 89]
[24 24 87 85]	[ 6  6 89 90]
[24 24 87 85]	[ 6  6 90 89]
[24 24 87 85]	[ 6  6 89 90]
[24 24 87 85]	[ 6 15 90 92]
[24 24 87 85]	[15 15 92 94]
[24 24 87 85]	[15 15 94 92]
[24 24 87 85]	[15 15 92 90]
[24 24 87 85]	[15 20 90 89]
[24 24 87 85]	[20 20 89 87]
[24 24 87 85]	[20 20 87 92]
[24 24 87 85]	[20 20 92 92]
[24 24 87 85]	[20  1 92 90]
[24 24 87 85]	[ 1  1 90 92]
[24 24 87 85]	[ 1  1 92 87]
[24 24 87 85]	[ 1  6 87 89]
[24 24 87 85]	[ 6  6 89 90]
[24 24 87 85]	[ 6  6 90 89]
[24 24 87 85]	[ 6  6 89 90]
[24 24 87 85]	[ 6  6 90 87]
[24 24 87 85]	[ 6  6 87 90]
[24 24 87 85]	[ 6  6 90 94]
[24 24 87 85]	[ 6  6 94 92]
[24 24 87 85]	[ 6  6 92 87]
[24 24 87 85]	[ 6  6 87 90]
[24 24 87 85]	[ 6  6 90 89]
[24 24 87 85]	[ 6  6 89 90]
[24 24 87 85]	[ 6 15 90 92]
[24 24 87 85]	[15 15 92 94]
[24 24 87 85]	[15 15 94 87]
[24 24 87 85]	[15 15 87 87]
[24 24 87 85]	[15  6 87 90]
[24 24 87 85]	[ 6  6 90 82]
[24 24 87 85]	[ 6  6 82 80]
[24 24 87 85]	[ 6  6 80 78]
[24 24 87 85]	[ 6  6 78 92]
[24 24 87 85]	[ 6 15 92 89]
[24 24 87 85]	[15 15 89 90]
[24 24 87 85]	[15 15 90 89]
[24 24 87 85]	[15 15 89 87]
[24 24 87 85]	[15 20 87 85]
[24 24 87 85]	[20 20 85 87]
[24 24 87 85]	[20 20 87 92]
[-1 -1 -1 -1]	[20 20 92 92]
[24 24 87 85]	[20  1 92 90]
[24 24 87 85]	[ 1 -1 90 92]
[24 24 87 85]	[-1  1 92 75]
[24 24 87 85]	[ 1  1 75 73]
[24 24 87 85]	[ 1  1 73 73]
[24 24 87 85]	[ 1  1 73 75]
[24 24 87 85]	[ 1  1 75 80]
[24 24 87 85]	[ 1  1 80 73]
[24 24 87 85]	[ 1  1 73 85]
[24 24 87 85]	[ 1  1 85 73]
[24 24 87 85]	[ 1  1 73 73]
[24 24 87 85]	[ 1 12 73 80]
[24 24 87 85]	[12 12 80 78]
[24 24 87 85]	[12 12 78 75]
[24 24 87 85]	[12 12 75 71]
[24 24 87 85]	[12  1 71 75]
[24 24 87 85]	[ 1  1 75 73]
[24 24 87 85]	[ 1  1 73 73]
[24 24 87 85]	[ 1  1 73 75]
[24 24 87 85]	[ 1  1 75 73]
[24 24 87 85]	[ 1  1 73 75]
[24 24 87 85]	[ 1  1 75 77]
[24 24 87 85]	[ 1 12 77 78]
[24 24 87 85]	[12 12 78 80]
[24 24 87 85]	[12 12 80 83]
[24 24 87 85]	[12 12 83 78]
[24 24 87 85]	[12 12 78 83]
[24 24 87 85]	[12 12 83 75]
[24 24 87 85]	[12 12 75 71]
[24 24 87 85]	[12 12 71 71]
[24 24 87 85]	[12  1 71 75]
[24 24 87 85]	[ 1  1 75 73]
[24 24 87 85]	[ 1  1 73 85]
[24 24 87 85]	[ 1  1 85 83]
[24 24 87 85]	[ 1  1 83 85]
[24 24 87 85]	[ 1  1 85 73]
[24 24 87 85]	[ 1  1 73 75]
[24 24 87 85]	[ 1  1 75 73]
[24 24 87 85]	[ 1 12 73 85]
[24 24 87 85]	[12 12 85 82]
[24 24 87 85]	[12 12 82 83]
[24 24 87 85]	[12 12 83 75]
[24 24 87 85]	[12  1 75 71]
[24 24 87 85]	[ 1  1 71 73]
[24 24 87 85]	[ 1  1 73 85]
[24 24 87 85]	[ 1  1 85 82]
[24 24 87 85]	[ 1  1 82 78]
[24 24 87 85]	[ 1  1 78 80]
[24 24 87 85]	[ 1  1 80 82]
[24 24 87 85]	[ 1 12 82 80]
[24 24 87 85]	[12 12 80 78]
[24 24 87 85]	[12 12 78 83]
[24 24 87 85]	[12 12 83 82]
[24 24 87 85]	[12 12 82 78]
[24 24 87 85]	[12 12 78 83]
[24 24 87 85]	[12  1 83 71]
[24 24 87 85]	[ 1  1 71 73]
[24 24 87 85]	[ 1  1 73 85]
[24 24 87 85]	[ 1  1 85 73]
[24 24 87 85]	[ 1  1 73 85]
[24 24 87 85]	[ 1  1 85 83]
[24 24 87 85]	[ 1  1 83 85]
[24 24 87 85]	[ 1  1 85 80]
[24 24 87 85]	[ 1 12 80 85]
[24 24 87 85]	[12 12 85 83]
[24 24 87 85]	[12 12 83 80]
[24 24 87 85]	[12 12 80 83]
[24 24 87 85]	[12 12 83 83]
[24 24 87 85]	[12 12 83 71]
[24 24 87 85]	[12 12 71 78]
[24 24 87 85]	[12  1 78 75]
[24 24 87 85]	[ 1  1 75 73]
[24 24 87 85]	[ 1  1 73 75]
[24 24 87 85]	[ 1  1 75 77]
[24 24 87 85]	[ 1  1 77 78]
[24 24 87 85]	[ 1  1 78 80]
[24 24 87 85]	[ 1  1 80 73]
[24 24 87 85]	[ 1  1 73 77]
[24 24 87 85]	[ 1  1 77 85]
[24 24 87 85]	[ 1  1 85 73]
[24 24 87 85]	[ 1  1 73 75]
[24 24 87 85]	[ 1  1 75 77]
[24 24 87 85]	[ 1 12 77 78]
[24 24 87 85]	[12 12 78 78]
[24 24 87 85]	[12 12 78 71]
[24 24 87 85]	[12 12 71 75]
[24 24 87 85]	[12  1 75 85]
[24 24 87 85]	[ 1  1 85 73]
[24 24 87 85]	[ 1  1 73 75]
[24 24 87 85]	[ 1  1 75 77]
[24 24 87 85]	[ 1  1 77 78]
[24 24 87 85]	[ 1  1 78 80]
[24 24 87 85]	[ 1  1 80 78]
[24 24 87 85]	[ 1  1 78 77]
[24 24 87 85]	[ 1  6 77 78]
[24 24 87 85]	[ 6  6 78 80]
[24 24 87 85]	[ 6  6 80 77]
[24 24 87 85]	[ 6  6 77 78]
[24 24 87 85]	[ 6 12 78 73]
[24 24 87 85]	[12 12 73 75]
[24 24 87 85]	[12 12 75 71]
[24 24 87 85]	[12  1 71 71]
[24 24 87 85]	[ 1  1 71 73]
[24 24 87 85]	[ 1  1 73 80]
[24 24 87 85]	[ 1  1 80 77]
[24 24 87 85]	[ 1  1 77 82]
[24 24 87 85]	[ 1  1 82 78]
[24 24 87 85]	[ 1  1 78 80]
[24 24 87 85]	[ 1  1 80 77]
[24 24 87 85]	[ 1  1 77 78]
[24 24 87 85]	[ 1  1 78 75]
[24 24 87 85]	[ 1  1 75 77]
[24 24 87 85]	[ 1 12 77 73]
[24 24 87 85]	[12 12 73 75]
[24 24 87 85]	[12 12 75 71]
[24 24 87 85]	[12 12 71 71]
[24 24 87 85]	[12  1 71 75]
[24 24 87 85]	[ 1  1 75 85]
[24 24 87 85]	[ 1  1 85 85]
[24 24 87 85]	[ 1  1 85 83]
[24 24 87 85]	[ 1  1 83 73]
[24 24 87 85]	[ 1  1 73 80]
[24 24 87 85]	[ 1  1 80 77]
[24 24 87 85]	[ 1  1 77 85]
[24 24 87 85]	[ 1 12 85 85]
[24 24 87 85]	[12 12 85 83]
[24 24 87 85]	[12 12 83 71]
[24 24 87 85]	[12 12 71 78]
[24 24 87 85]	[12 12 78 75]
[24 24 87 85]	[12 12 75 85]
[24 24 87 85]	[12 12 85 85]
[24 24 87 85]	[12 12 85 83]
[24 24 87 85]	[12 12 83 85]
[24 24 87 85]	[12 12 85 80]
[24 24 87 85]	[12 12 80 85]
[24 24 87 85]	[12 12 85 83]
[24 24 87 85]	[12 12 83 80]
[24 24 87 85]	[12 12 80 83]
[24 24 87 85]	[12 12 83 83]
[24 24 87 85]	[12 12 83 71]
[24 24 87 85]	[12 12 71 78]
[24 24 87 85]	[12  1 78 75]
[24 24 87 85]	[ 1  1 75 85]
[24 24 87 85]	[ 1  1 85 83]
[24 24 87 85]	[ 1  1 83 80]
[24 24 87 85]	[ 1  1 80 85]
[24 24 87 85]	[ 1  1 85 73]
[24 24 87 85]	[ 1  1 73 80]
[24 24 87 85]	[ 1  1 80 85]
[24 24 87 85]	[ 1  1 85 83]
[24 24 87 85]	[ 1 12 83 80]
[24 24 87 85]	[12 12 80 83]
[24 24 87 85]	[12 12 83 71]
[24 24 87 85]	[12  1 71 75]
[24 24 87 85]	[ 1  1 75 85]
[24 24 87 85]	[ 1  1 85 85]
[24 24 87 85]	[ 1  1 85 82]
[24 24 87 85]	[ 1  1 82 80]
[24 24 87 85]	[ 1  1 80 82]
[24 24 87 85]	[ 1  1 82 83]
[24 24 87 85]	[ 1  1 83 85]
[24 24 87 85]	[ 1  1 85 80]
[24 24 87 85]	[ 1  1 80 82]
[24 24 87 85]	[ 1  1 82 83]
[24 24 87 85]	[ 1  1 83 82]
[-1 -1 -1 -1]	[ 1 12 82 78]
[24 24 87 85]	[12 12 78 83]
[24 24 87 85]	[12 -1 83 71]
[24 24 87 85]	[-1  1 71 80]
[24 24 87 85]	[ 1  1 80 73]
[24 24 87 85]	[ 1  1 73 75]
[24 24 87 85]	[ 1  1 75 77]
[24 24 87 85]	[ 1  1 77 78]
[24 24 87 85]	[ 1  1 78 80]
[24 24 87 85]	[ 1  1 80 77]
[24 24 87 85]	[ 1  1 77 73]
[24 24 87 85]	[ 1  1 73 78]
[24 24 87 85]	[ 1  1 78 77]
[24 24 87 85]	[ 1  1 77 73]
[24 24 87 85]	[ 1  1 73 80]
[24 24 87 85]	[ 1  8 80 77]
[24 24 87 85]	[ 8  8 77 77]
[24 24 87 85]	[ 8  8 77 75]
[24 24 87 85]	[ 8  8 75 75]
[24 24 87 85]	[ 8  1 75 80]
[24 24 87 85]	[ 1  1 80 73]
[24 24 87 85]	[ 1  1 73 75]
[24 24 87 85]	[ 1  1 75 77]
[24 24 87 85]	[ 1  1 77 78]
[24 24 87 85]	[ 1  1 78 80]
[24 24 87 85]	[ 1  1 80 77]
[24 24 87 85]	[ 1  1 77 73]
[24 24 87 85]	[ 1  1 73 75]
[24 24 87 85]	[ 1 12 75 77]
[24 24 87 85]	[12 12 77 78]
[24 24 87 85]	[12 12 78 75]
[24 24 87 85]	[12 12 75 71]
[24 24 87 85]	[12  1 71 75]
[24 24 87 85]	[ 1  1 75 75]
[24 24 87 85]	[ 1  1 75 73]
[24 24 87 85]	[ 1  1 73 73]
[24 24 87 85]	[ 1  1 73 83]
[24 24 87 85]	[ 1  1 83 82]
[24 24 87 85]	[ 1  1 82 80]
[24 24 87 85]	[ 1  1 80 85]
[24 24 87 85]	[ 1  1 85 82]
[24 24 87 85]	[ 1  1 82 80]
[24 24 87 85]	[ 1  1 80 77]
[24 24 87 85]	[ 1  1 77 73]
[24 24 87 85]	[ 1  1 73 83]
[24 24 87 85]	[ 1  1 83 82]
[24 24 87 85]	[ 1  1 82 80]
[24 24 87 85]	[ 1  1 80 85]
[24 24 87 85]	[ 1  8 85 77]
[24 24 87 85]	[ 8  8 77 77]
[24 24 87 85]	[ 8  8 77 75]
[24 24 87 85]	[ 8  8 75 75]
[24 24 87 85]	[ 8  1 75 83]
[24 24 87 85]	[ 1  1 83 82]
[24 24 87 85]	[ 1  1 82 80]
[24 24 87 85]	[ 1  1 80 85]
[24 24 87 85]	[ 1  1 85 82]
[24 24 87 85]	[ 1  1 82 80]
[24 24 87 85]	[ 1  1 80 77]
[24 24 87 85]	[ 1  1 77 73]
[24 24 87 85]	[ 1  1 73 75]
[24 24 87 85]	[ 1 12 75 77]
[24 24 87 85]	[12 12 77 78]
[24 24 87 85]	[12 12 78 75]
[24 24 87 85]	[12 12 75 71]
[24 24 87 85]	[12  1 71 75]
[24 24 87 85]	[ 1  1 75 75]
[24 24 87 85]	[ 1  1 75 73]
[24 24 87 85]	[ 1  1 73 73]
[24 24 87 85]	[ 1  1 73 73]
[24 24 87 85]	[ 1  1 73 83]
[24 24 87 85]	[ 1  1 83 82]
[24 24 87 85]	[ 1  1 82 80]
[24 24 87 85]	[ 1  1 80 85]
[24 24 87 85]	[ 1  1 85 82]
[24 24 87 85]	[ 1  1 82 80]
[24 24 87 85]	[ 1  1 80 77]
[24 24 87 85]	[ 1  1 77 73]
[24 24 87 85]	[ 1  1 73 83]
[24 24 87 85]	[ 1  1 83 82]
[24 24 87 85]	[ 1  1 82 80]
[24 24 87 85]	[ 1  1 80 85]
[24 24 87 85]	[ 1  8 85 77]
[24 24 87 85]	[ 8  8 77 77]
[24 24 87 85]	[ 8  8 77 75]
[24 24 87 85]	[ 8  8 75 75]
[24 24 87 85]	[ 8  1 75 83]
[24 24 87 85]	[ 1  1 83 82]
[24 24 87 85]	[ 1  6 82 80]
[24 24 87 85]	[ 6  6 80 82]
[24 24 87 85]	[ 6  1 82 78]
[24 24 87 85]	[ 1  1 78 80]
[24 24 87 85]	[ 1  1 80 77]
[24 24 87 85]	[ 1  1 77 73]
[24 24 87 85]	[ 1  1 73 75]
[24 24 87 85]	[ 1 12 75 77]
[24 24 87 85]	[12 12 77 78]
[24 24 87 85]	[12 12 78 75]
[24 24 87 85]	[12 12 75 71]
[24 24 87 85]	[12  1 71 75]
[-1 -1 -1 -1]	[ 1  1 75 75]
[24 24 87 85]	[ 1  1 75 73]
[24 24 87 85]	[ 1 -1 73 73]
[24 24 87 85]	[-1  1 73 80]
[24 24 87 85]	[ 1  1 80 80]
[24 24 87 85]	[ 1  1 80 80]
[24 24 87 85]	[ 1  1 80 77]
[24 24 87 85]	[ 1  1 77 73]
[24 24 87 85]	[ 1  1 73 75]
[24 24 87 85]	[ 1  1 75 73]
[24 24 87 85]	[ 1  1 73 71]
[24 24 87 85]	[ 1  1 71 68]
[24 24 87 85]	[ 1  1 68 71]
[24 24 87 85]	[ 1  1 71 68]
[24 24 87 85]	[ 1  4 68 66]
[24 24 87 85]	[ 4  4 66 64]
[24 24 87 85]	[ 4  4 64 65]
[24 24 87 85]	[ 4  4 65 65]
[24 24 87 85]	[ 4  4 65 71]
[24 24 87 85]	[ 4  4 71 73]
[24 24 87 85]	[ 4  4 73 71]
[24 24 87 85]	[ 4  4 71 66]
[24 24 87 85]	[ 4  4 66 64]
[24 24 87 85]	[ 4  4 64 65]
[24 24 87 85]	[ 4  4 65 65]
[24 24 87 85]	[ 4  1 65 71]
[24 24 87 85]	[ 1  1 71 77]
[24 24 87 85]	[ 1  1 77 73]
[24 24 87 85]	[ 1  1 73 73]
[24 24 87 85]	[ 1  1 73 80]
[24 24 87 85]	[ 1  1 80 80]
[24 24 87 85]	[ 1  1 80 78]
[24 24 87 85]	[ 1  1 78 80]
[24 24 87 85]	[ 1  1 80 83]
[24 24 87 85]	[ 1  1 83 85]
[24 24 87 85]	[ 1  1 85 87]
[24 24 87 85]	[ 1  1 87 85]
[24 24 87 85]	[ 1  1 85 83]
[24 24 87 85]	[ 1  1 83 80]
[24 24 87 85]	[ 1  1 80 78]
[24 24 87 85]	[ 1  1 78 80]
[24 24 87 85]	[ 1  1 80 83]
[24 24 87 85]	[ 1  1 83 85]
[24 24 87 85]	[ 1  1 85 87]
[24 24 87 85]	[ 1  1 87 85]
[24 24 87 85]	[ 1 12 85 83]
[24 24 87 85]	[12 12 83 80]
[24 24 87 85]	[12 12 80 78]
[24 24 87 85]	[12 12 78 80]
[24 24 87 85]	[12 12 80 82]
[24 24 87 85]	[12 12 82 83]
[24 24 87 85]	[12 12 83 85]
[24 24 87 85]	[12 12 85 83]
[24 24 87 85]	[12 12 83 82]
[24 24 87 85]	[12 12 82 80]
[24 24 87 85]	[12 12 80 78]
[24 24 87 85]	[12 12 78 80]
[24 24 87 85]	[12 12 80 82]
[24 24 87 85]	[12 12 82 83]
[24 24 87 85]	[12  1 83 80]
[24 24 87 85]	[ 1  1 80 85]
[24 24 87 85]	[ 1  1 85 85]
[24 24 87 85]	[ 1  1 85 85]
[24 24 87 85]	[ 1  1 85 87]
[24 24 87 85]	[ 1  1 87 85]
[24 24 87 85]	[ 1  1 85 83]
[24 24 87 85]	[ 1  1 83 80]
[24 24 87 85]	[ 1  1 80 83]
[24 24 87 85]	[ 1  1 83 85]
[24 24 87 85]	[ 1  1 85 87]
[24 24 87 85]	[ 1  1 87 85]
[24 24 87 85]	[ 1 12 85 83]
[24 24 87 85]	[12 12 83 80]
[24 24 87 85]	[12 12 80 78]
[24 24 87 85]	[12 12 78 80]
[24 24 87 85]	[12 12 80 82]
[24 24 87 85]	[12 12 82 83]
[-1 -1 -1 -1]	[12 12 83 85]
[24 24 87 85]	[12 12 85 83]
[24 24 87 85]	[12  1 83 80]
[24 24 87 85]	[ 1  1 80 73]
[24 24 87 85]	[ 1  1 73 73]
[24 24 87 85]	[ 1  1 73 71]
[24 24 87 85]	[ 1  1 71 68]
[24 24 87 85]	[ 1  1 68 73]
[24 24 87 85]	[ 1  1 73 71]
[24 24 87 85]	[ 1  1 71 73]
[24 24 87 85]	[ 1 20 73 80]
[24 24 87 85]	[20 20 80 80]
[24 24 87 85]	[20 20 80 78]
[24 24 87 85]	[20 20 78 80]
[24 24 87 85]	[20  6 80 83]
[24 24 87 85]	[ 6  6 83 82]
[24 24 87 85]	[ 6  6 82 78]
[24 24 87 85]	[ 6  6 78 82]
[24 24 87 85]	[ 6  6 82 83]
[24 24 87 85]	[ 6  6 83 78]
[24 24 87 85]	[ 6  1 78 75]
[24 24 87 85]	[ 1  1 75 73]
[24 24 87 85]	[ 1  1 73 73]
[24 24 87 85]	[ 1  1 73 73]
[24 24 87 85]	[ 1  1 73 71]
[24 24 87 85]	[ 1  1 71 68]
[24 24 87 85]	[ 1  1 68 73]
[24 24 87 85]	[ 1  1 73 77]
[24 24 87 85]	[ 1  1 77 78]
[24 24 87 85]	[ 1  1 78 80]
[24 24 87 85]	[ 1  1 80 82]
[24 24 87 85]	[ 1  1 82 83]
[24 24 87 85]	[ 1  1 83 73]
[24 24 87 85]	[ 1  1 73 73]
[24 24 87 85]	[ 1  1 73 85]
[24 24 87 85]	[ 1  1 85 73]
[24 24 87 85]	[ 1  1 73 73]
[24 24 87 85]	[ 1  6 73 83]
[24 24 87 85]	[ 6  6 83 73]
[24 24 87 85]	[ 6  6 73 73]
[24 24 87 85]	[ 6 12 73 82]
[24 24 87 85]	[12 12 82 83]
[24 24 87 85]	[12 12 83 78]
[24 24 87 85]	[12  1 78 75]
[24 24 87 85]	[ 1  1 75 73]
[24 24 87 85]	[ 1  1 73 73]
[24 24 87 85]	[ 1  1 73 82]
[24 24 87 85]	[ 1  1 82 80]
[24 24 87 85]	[ 1  1 80 82]
[24 24 87 85]	[ 1 20 82 82]
[24 24 87 85]	[20 20 82 83]
[24 24 87 85]	[20 20 83 80]
[24 24 87 85]	[20 20 80 80]
[24 24 87 85]	[20 20 80 78]
[24 24 87 85]	[20 20 78 75]
[24 24 87 85]	[20 20 75 83]
[24 24 87 85]	[20 20 83 80]
[24 24 87 85]	[20 20 80 80]
[24 24 87 85]	[20 20 80 78]
[24 24 87 85]	[20  4 78 75]
[24 24 87 85]	[ 4  4 75 78]
[24 24 87 85]	[ 4  4 78 78]
[24 24 87 85]	[ 4  4 78 78]
[24 24 87 85]	[ 4  4 78 78]
[24 24 87 85]	[ 4 12 78 80]
[24 24 87 85]	[12 12 80 78]
[24 24 87 85]	[12 12 78 75]
[24 24 87 85]	[12 12 75 73]
[24 24 87 85]	[12 12 73 75]
[24 24 87 85]	[12 20 75 78]
[24 24 87 85]	[20 20 78 83]
[24 24 87 85]	[20 20 83 80]
[24 24 87 85]	[20 20 80 80]
[24 24 87 85]	[20 20 80 78]
[24 24 87 85]	[20 20 78 75]
[24 24 87 85]	[20 20 75 83]
[24 24 87 85]	[20 20 83 80]
[24 24 87 85]	[20 20 80 80]
[24 24 87 85]	[20 20 80 78]
[24 24 87 85]	[20  4 78 75]
[24 24 87 85]	[ 4  4 75 83]
[24 24 87 85]	[ 4  6 83 83]
[24 24 87 85]	[ 6  6 83 83]
[24 24 87 85]	[ 6  6 83 83]
[24 24 87 85]	[ 6 12 83 85]
[24 24 87 85]	[12 12 85 87]
[24 24 87 85]	[12 12 87 78]
[24 24 87 85]	[12 12 78 73]
[24 24 87 85]	[12 12 73 75]
[24 24 87 85]	[12 20 75 78]
[24 24 87 85]	[20 20 78 83]
[24 24 87 85]	[20 20 83 80]
[24 24 87 85]	[20 20 80 80]
[24 24 87 85]	[20 20 80 78]
[24 24 87 85]	[20 20 78 75]
[24 24 87 85]	[20 20 75 83]
[24 24 87 85]	[20 20 83 80]
[24 24 87 85]	[20 20 80 80]
[24 24 87 85]	[20 20 80 78]
[24 24 87 85]	[20  4 78 75]
[24 24 87 85]	[ 4  4 75 83]
[24 24 87 85]	[ 4  4 83 83]
[24 24 87 85]	[ 4  4 83 78]
[24 24 87 85]	[ 4  4 78 80]
[24 24 87 85]	[ 4  1 80 83]
[24 24 87 85]	[ 1  1 83 85]
[24 24 87 85]	[ 1  1 85 78]
[24 24 87 85]	[ 1  8 78 80]
[24 24 87 85]	[ 8  8 80 80]
[24 24 87 85]	[ 8  8 80 80]
[24 24 87 85]	[ 8  8 80 92]
[24 24 87 85]	[ 8  8 92 80]
[24 24 87 85]	[ 8  8 80 80]
[24 24 87 85]	[ 8  8 80 90]
[24 24 87 85]	[ 8  8 90 80]
[24 24 87 85]	[ 8  8 80 80]
[24 24 87 85]	[ 8  8 80 89]
[24 24 87 85]	[ 8  8 89 80]
[24 24 87 85]	[ 8  8 80 80]
[24 24 87 85]	[ 8  8 80 87]
[24 24 87 85]	[ 8  8 87 84]
[24 24 87 85]	[ 8  8 84 82]
[24 24 87 85]	[ 8  8 82 80]
[24 24 87 85]	[ 8  8 80 82]
[24 24 87 85]	[ 8  8 82 80]
[24 24 87 85]	[ 8  8 80 78]
[24 24 87 85]	[ 8  8 78 75]
[24 24 87 85]	[ 8  8 75 80]
[24 24 87 85]	[ 8  8 80 75]
[-1 -1 -1 -1]	[ 8  8 75 73]
[24 24 87 85]	[ 8  8 73 71]
[24 24 87 85]	[ 8  6 71 68]
[24 24 87 85]	[ 6  6 68 73]
[24 24 87 85]	[ 6  6 73 75]
[24 24 87 85]	[ 6  1 75 78]
[24 24 87 85]	[ 1  1 78 80]
[24 24 87 85]	[ 1  1 80 78]
[24 24 87 85]	[ 1  6 78 80]
[24 24 87 85]	[ 6  6 80 82]
[24 24 87 85]	[ 6  6 82 80]
[24 24 87 85]	[ 6  1 80 78]
[24 24 87 85]	[ 1  1 78 80]
[24 24 87 85]	[ 1  1 80 78]
[24 24 87 85]	[ 1  6 78 80]
[24 24 87 85]	[ 6  6 80 82]
[24 24 87 85]	[ 6  6 82 80]
[24 24 87 85]	[ 6 15 80 78]
[24 24 87 85]	[15 15 78 78]
[24 24 87 85]	[15 15 78 75]
[24 24 87 85]	[15 22 75 73]
[24 24 87 85]	[22 22 73 73]
[24 24 87 85]	[22 20 73 73]
[24 24 87 85]	[20 20 73 80]
[24 24 87 85]	[20 20 80 82]
[24 24 87 85]	[20  1 82 83]
[24 24 87 85]	[ 1  1 83 85]
[24 24 87 85]	[ 1  1 85 87]
[24 24 87 85]	[ 1  6 87 85]
[24 24 87 85]	[ 6  6 85 85]
[24 24 87 85]	[ 6  6 85 83]
[24 24 87 85]	[ 6  1 83 82]
[24 24 87 85]	[ 1  1 82 80]
[24 24 87 85]	[ 1  1 80 78]
[24 24 87 85]	[ 1 20 78 75]
[24 24 87 85]	[20 20 75 80]
[24 24 87 85]	[20 20 80 82]
[24 24 87 85]	[20  1 82 83]
[24 24 87 85]	[ 1  1 83 85]
[24 24 87 85]	[ 1  1 85 87]
[24 24 87 85]	[ 1 12 87 85]
[24 24 87 85]	[12  6 85 83]
[24 24 87 85]	[ 6  6 83 82]
[24 24 87 85]	[ 6  6 82 80]
[24 24 87 85]	[ 6 20 80 78]
[24 24 87 85]	[20 20 78 80]
[24 24 87 85]	[20 20 80 82]
[24 24 87 85]	[20  1 82 83]
[24 24 87 85]	[ 1  1 83 85]
[24 24 87 85]	[ 1  1 85 87]
[24 24 87 85]	[ 1  6 87 85]
[24 24 87 85]	[ 6  6 85 85]
[24 24 87 85]	[ 6  6 85 83]
[24 24 87 85]	[ 6  1 83 82]
[24 24 87 85]	[ 1  1 82 80]
[24 24 87 85]	[ 1  1 80 78]
[24 24 87 85]	[ 1  6 78 80]
[24 24 87 85]	[ 6  6 80 82]
[24 24 87 85]	[ 6  6 82 80]
[24 24 87 85]	[ 6 15 80 78]
[24 24 87 85]	[15 15 78 78]
[24 24 87 85]	[15 15 78 75]
[-1 -1 -1 -1]	[15 22 75 73]
[24 24 87 85]	[22 22 73 73]
[24 24 87 85]	[22 20 73 73]
[24 24 87 85]	[20 20 73 83]
[24 24 87 85]	[20 20 83 82]
[24 24 87 85]	[20 20 82 80]
[24 24 87 85]	[20  1 80 78]
[24 24 87 85]	[ 1  1 78 77]
[24 24 87 85]	[ 1  1 77 78]
[24 24 87 85]	[ 1  1 78 80]
[24 24 87 85]	[ 1 15 80 77]
[24 24 87 85]	[15 15 77 78]
[24 24 87 85]	[15 15 78 80]
[24 24 87 85]	[15 15 80 82]
[24 24 87 85]	[15  1 82 78]
[24 24 87 85]	[ 1  1 78 80]
[24 24 87 85]	[ 1  1 80 73]
[24 24 87 85]	[ 1  1 73 75]
[24 24 87 85]	[ 1  1 75 73]
[24 24 87 85]	[ 1  1 73  0]
[24 24 87 85]	[ 1  1  0 77]
[24 24 87 85]	[ 1  1 77 73]
[24 24 87 85]	[ 1  1 73 75]
[24 24 87 85]	[ 1  1 75 73]
[24 24 87 85]	[ 1  1 73  0]
[24 24 87 85]	[ 1  1  0 77]
[24 24 87 85]	[ 1  1 77 80]
[24 24 87 85]	[ 1 20 80  0]
[24 24 87 85]	[20 20  0 80]
[24 24 87 85]	[20 20 80 82]
[24 24 87 85]	[20 20 82 83]
[24 24 87 85]	[20 20 83 82]
[24 24 87 85]	[20 20 82 80]
[24 24 87 85]	[20  1 80 78]
[24 24 87 85]	[ 1  1 78 77]
[24 24 87 85]	[ 1  1 77 78]
[24 24 87 85]	[ 1  1 78 80]
[24 24 87 85]	[ 1 15 80 77]
[24 24 87 85]	[15 15 77 78]
[24 24 87 85]	[15 15 78 80]
[24 24 87 85]	[15 15 80 82]
[24 24 87 85]	[15 20 82 78]
[24 24 87 85]	[20 20 78 80]
[24 24 87 85]	[20 20 80 82]
[24 24 87 85]	[20 20 82 83]
[24 24 87 85]	[20  6 83 80]
[24 24 87 85]	[ 6  6 80 82]
[24 24 87 85]	[ 6  6 82 78]
[24 24 87 85]	[ 6  6 78  0]
[24 24 87 85]	[ 6  6  0 78]
[24 24 87 85]	[ 6  6 78  0]
[24 24 87 85]	[ 6 20  0 82]
[24 24 87 85]	[20 20 82 83]
[24 24 87 85]	[20 20 83 82]
[24 24 87 85]	[20 20 82 83]
[24 24 87 85]	[20 15 83 85]
[24 24 87 85]	[15 15 85 87]
[24 24 87 85]	[15 15 87 90]
[24 24 87 85]	[15 15 90 87]
[24 24 87 85]	[15 15 87 89]
[24 24 87 85]	[15  1 89 90]
[24 24 87 85]	[ 1  1 90 92]
[24 24 87 85]	[ 1  1 92 90]
[24 24 87 85]	[ 1  1 90 89]
[24 24 87 85]	[ 1  1 89 87]
[24 24 87 85]	[ 1  1 87 85]
[24 24 87 85]	[ 1  1 85 87]
[24 24 87 85]	[ 1  1 87 89]
[24 24 87 85]	[ 1 15 89 85]
[24 24 87 85]	[15 15 85 87]
[24 24 87 85]	[15 15 87 89]
[24 24 87 85]	[15 15 89 90]
[24 24 87 85]	[15 20 90 87]
[24 24 87 85]	[20 20 87 92]
[24 24 87 85]	[20 20 92  0]
[24 24 87 85]	[20 20  0 80]
[24 24 87 85]	[20 20 80 80]
[24 24 87 85]	[20 20 80 82]
[24 24 87 85]	[20 20 82 83]
[24 24 87 85]	[20 20 83 82]
[24 24 87 85]	[20 20 82 83]
[24 24 87 85]	[20 15 83 85]
[24 24 87 85]	[15 15 85 87]
[24 24 87 85]	[15 15 87 90]
[24 24 87 85]	[15 15 90 87]
[24 24 87 85]	[15 15 87 89]
[24 24 87 85]	[15  1 89 90]
[24 24 87 85]	[ 1  1 90 92]
[24 24 87 85]	[ 1  1 92 90]
[24 24 87 85]	[ 1  1 90 89]
[24 24 87 85]	[ 1  1 89 87]
[24 24 87 85]	[ 1  1 87 85]
[24 24 87 85]	[ 1  1 85 87]
[24 24 87 85]	[ 1  1 87 89]
[24 24 87 85]	[ 1 20 89 85]
[24 24 87 85]	[20 20 85 80]
[24 24 87 85]	[20 20 80 82]
[24 24 87 85]	[20 20 82 83]
[24 24 87 85]	[20  6 83 80]
[24 24 87 85]	[ 6  6 80 82]
[-1 -1 -1 -1]	[ 6  6 82 78]
[24 24 87 85]	[ 6  6 78  0]
[24 24 87 85]	[ 6 -1  0 78]
[24 24 87 85]	[-1  1 78 82]
[24 24 87 85]	[ 1  1 82 80]
[24 24 87 85]	[ 1  1 80 77]
[24 24 87 85]	[ 1  1 77 73]
[24 24 87 85]	[ 1  1 73 77]
[24 24 87 85]	[ 1  1 77 78]
[24 24 87 85]	[ 1  1 78 80]
[24 24 87 85]	[ 1  1 80 77]
[24 24 87 85]	[ 1  1 77 73]
[24 24 87 85]	[ 1  1 73 80]
[24 24 87 85]	[ 1  1 80 77]
[24 24 87 85]	[ 1  1 77 73]
[24 24 87 85]	[ 1  8 73 77]
[24 24 87 85]	[ 8  8 77 80]
[24 24 87 85]	[ 8  1 80 82]
[24 24 87 85]	[ 1  1 82 80]
[24 24 87 85]	[ 1  1 80 77]
[24 24 87 85]	[ 1  1 77 73]
[24 24 87 85]	[ 1  1 73 77]
[24 24 87 85]	[ 1  1 77 78]
[24 24 87 85]	[ 1  1 78 80]
[24 24 87 85]	[ 1  1 80 77]
[24 24 87 85]	[ 1 12 77 73]
[24 24 87 85]	[12 12 73 78]
[24 24 87 85]	[12 12 78 75]
[24 24 87 85]	[12 12 75 71]
[24 24 87 85]	[12 12 71 75]
[24 24 87 85]	[12 12 75 78]
[24 24 87 85]	[12  1 78 82]
[24 24 87 85]	[ 1  1 82 80]
[24 24 87 85]	[ 1  1 80 77]
[24 24 87 85]	[ 1  1 77 73]
[24 24 87 85]	[ 1  1 73 77]
[24 24 87 85]	[ 1  1 77 78]
[24 24 87 85]	[ 1  1 78 80]
[24 24 87 85]	[ 1  1 80 77]
[24 24 87 85]	[ 1  1 77 73]
[24 24 87 85]	[ 1  1 73 80]
[24 24 87 85]	[ 1  1 80 77]
[24 24 87 85]	[ 1  1 77 73]
[24 24 87 85]	[ 1  1 73 77]
[24 24 87 85]	[ 1  1 77 80]
[24 24 87 85]	[ 1  1 80 73]
[24 24 87 85]	[ 1  1 73 85]
[24 24 87 85]	[ 1  1 85 83]
[24 24 87 85]	[ 1  1 83 82]
[24 24 87 85]	[ 1  1 82 80]
[24 24 87 85]	[ 1  1 80 73]
[24 24 87 85]	[ 1  1 73 77]
[24 24 87 85]	[ 1  1 77 73]
[24 24 87 85]	[ 1  1 73 77]
[24 24 87 85]	[ 1  1 77 80]
[24 24 87 85]	[ 1  1 80 73]
[24 24 87 85]	[ 1  1 73 77]
[24 24 87 85]	[ 1 12 77 73]
[24 24 87 85]	[12 12 73 78]
[24 24 87 85]	[12 12 78 75]
[24 24 87 85]	[12 12 75 71]
[24 24 87 85]	[12 12 71 75]
[24 24 87 85]	[12 12 75 78]
[24 24 87 85]	[12 12 78 82]
[24 24 87 85]	[12  1 82 82]
[24 24 87 85]	[ 1  1 82 80]
[24 24 87 85]	[ 1  1 80 85]
[24 24 87 85]	[ 1  1 85 77]
[24 24 87 85]	[ 1  1 77 85]
[24 24 87 85]	[ 1  1 85 80]
[24 24 87 85]	[ 1  1 80 85]
[24 24 87 85]	[ 1  1 85 77]
[24 24 87 85]	[ 1  1 77 85]
[24 24 87 85]	[ 1  1 85 83]
[24 24 87 85]	[ 1  1 83 82]
[24 24 87 85]	[ 1  1 82 80]
[24 24 87 85]	[ 1  1 80 85]
[24 24 87 85]	[ 1  8 85 77]
[24 24 87 85]	[ 8  8 77 80]
[24 24 87 85]	[ 8  8 80 82]
[24 24 87 85]	[ 8  8 82 80]
[24 24 87 85]	[ 8  8 80 85]
[24 24 87 85]	[ 8  8 85 77]
[24 24 87 85]	[ 8  8 77 85]
[24 24 87 85]	[ 8  8 85 80]
[24 24 87 85]	[ 8  8 80 82]
[24 24 87 85]	[ 8  8 82 83]
[24 24 87 85]	[ 8 12 83 80]
[24 24 87 85]	[12 12 80 78]
[24 24 87 85]	[12 12 78 77]
[24 24 87 85]	[12 12 77 75]
[24 24 87 85]	[12 12 75 83]
[24 24 87 85]	[12 12 83 75]
[24 24 87 85]	[12 12 75 78]
[24 24 87 85]	[12  1 78 82]
[24 24 87 85]	[ 1  1 82 80]
[24 24 87 85]	[ 1  1 80 85]
[24 24 87 85]	[ 1  1 85 77]
[24 24 87 85]	[ 1  1 77 85]
[24 24 87 85]	[ 1  1 85 80]
[24 24 87 85]	[ 1  1 80 85]
[24 24 87 85]	[ 1  1 85 77]
[24 24 87 85]	[ 1  1 77 85]
[24 24 87 85]	[ 1  1 85 83]
[24 24 87 85]	[ 1  1 83 82]
[24 24 87 85]	[ 1  1 82 80]
[24 24 87 85]	[ 1  1 80 85]
[24 24 87 85]	[ 1  8 85 77]
[24 24 87 85]	[ 8  8 77 80]
[24 24 87 85]	[ 8  8 80 83]
[24 24 87 85]	[ 8  8 83 85]
[24 24 87 85]	[ 8  8 85 83]
[24 24 87 85]	[ 8  8 83 82]
[24 24 87 85]	[ 8  8 82 83]
[24 24 87 85]	[ 8  8 83 80]
[24 24 87 85]	[ 8  8 80 82]
[24 24 87 85]	[ 8  8 82 85]
[24 24 87 85]	[ 8  8 85 73]
[24 24 87 85]	[ 8  8 73 80]
[24 24 87 85]	[ 8 12 80 77]
[24 24 87 85]	[12 12 77 78]
[24 24 87 85]	[12 12 78 77]
[24 24 87 85]	[12 12 77 75]
[24 24 87 85]	[12 12 75 83]
[24 24 87 85]	[12 12 83 75]
[24 24 87 85]	[12 12 75 78]
[24 24 87 85]	[12 12 78 82]
[24 24 87 85]	[12 12 82 83]
[24 24 87 85]	[12 12 83 85]
[24 24 87 85]	[12  1 85 85]
[24 24 87 85]	[ 1  1 85 80]
[24 24 87 85]	[ 1  1 80 77]
[24 24 87 85]	[ 1  1 77 80]
[24 24 87 85]	[ 1  1 80 73]
[24 24 87 85]	[ 1  1 73 80]
[24 24 87 85]	[ 1  1 80 77]
[24 24 87 85]	[ 1  1 77 80]
[24 24 87 85]	[ 1  1 80 73]
[24 24 87 85]	[ 1  1 73 80]
[24 24 87 85]	[ 1  1 80 77]
[24 24 87 85]	[ 1  1 77 80]
[24 24 87 85]	[ 1  1 80 73]
[24 24 87 85]	[ 1  1 73 80]
[24 24 87 85]	[ 1  1 80 85]
[24 24 87 85]	[ 1  1 85 78]
[24 24 87 85]	[ 1  1 78 80]
[24 24 87 85]	[ 1  1 80 77]
[24 24 87 85]	[ 1  1 77 80]
[24 24 87 85]	[ 1  1 80 73]
[24 24 87 85]	[ 1  1 73 80]
[24 24 87 85]	[ 1  1 80 77]
[24 24 87 85]	[ 1 12 77 80]
[24 24 87 85]	[12 12 80 78]
[24 24 87 85]	[12 12 78 77]
[24 24 87 85]	[12 12 77 75]
[24 24 87 85]	[12 12 75 83]
[24 24 87 85]	[12 12 83 75]
[24 24 87 85]	[12 12 75 78]
[24 24 87 85]	[12  1 78 82]
[24 24 87 85]	[ 1  1 82 80]
[24 24 87 85]	[ 1  1 80 77]
[24 24 87 85]	[ 1  1 77 80]
[24 24 87 85]	[ 1  1 80 73]
[24 24 87 85]	[ 1  1 73 80]
[24 24 87 85]	[ 1  1 80 77]
[24 24 87 85]	[ 1  1 77 80]
[24 24 87 85]	[ 1  1 80 73]
[24 24 87 85]	[ 1  1 73 80]
[24 24 87 85]	[ 1  1 80 77]
[24 24 87 85]	[ 1  1 77 80]
[24 24 87 85]	[ 1  1 80 73]
[24 24 87 85]	[ 1  1 73 80]
[24 24 87 85]	[ 1  1 80 85]
[24 24 87 85]	[ 1  1 85 80]
[24 24 87 85]	[ 1  1 80 85]
[24 24 87 85]	[ 1  1 85 77]
[24 24 87 85]	[ 1  1 77 85]
[24 24 87 85]	[ 1  1 85 80]
[24 24 87 85]	[ 1  1 80 85]
[24 24 87 85]	[ 1  1 85 77]
[24 24 87 85]	[ 1 12 77 85]
[24 24 87 85]	[12 12 85 78]
[24 24 87 85]	[12 12 78 77]
[24 24 87 85]	[12 12 77 75]
[24 24 87 85]	[12 12 75 83]
[24 24 87 85]	[12 12 83 75]
[24 24 87 85]	[12 12 75 78]
[24 24 87 85]	[12 12 78 82]
[24 24 87 85]	[12  1 82 82]
[24 24 87 85]	[ 1  1 82 80]
[24 24 87 85]	[ 1  1 80 85]
[24 24 87 85]	[ 1  1 85 85]
[24 24 87 85]	[ 1  1 85 83]
[24 24 87 85]	[ 1  1 83 82]
[24 24 87 85]	[ 1  1 82 80]
[24 24 87 85]	[ 1  1 80 85]
[24 24 87 85]	[ 1  1 85 80]
[24 24 87 85]	[ 1  1 80 77]
[24 24 87 85]	[ 1  1 77 80]
[24 24 87 85]	[ 1  1 80 85]
[24 24 87 85]	[ 1  1 85 80]
[24 24 87 85]	[ 1  1 80 77]
[24 24 87 85]	[ 1  1 77 80]
[24 24 87 85]	[ 1  1 80 82]
[24 24 87 85]	[ 1  1 82 80]
[24 24 87 85]	[ 1  1 80 85]
[24 24 87 85]	[ 1  1 85 85]
[24 24 87 85]	[ 1  1 85 80]
[24 24 87 85]	[ 1  1 80 82]
[24 24 87 85]	[ 1  1 82 85]
[24 24 87 85]	[ 1  1 85 73]
[24 24 87 85]	[ 1  1 73 80]
[24 24 87 85]	[ 1 12 80 77]
[24 24 87 85]	[12 12 77 78]
[24 24 87 85]	[12 12 78 77]
[24 24 87 85]	[12 12 77 75]
[24 24 87 85]	[12 12 75 83]
[24 24 87 85]	[12 12 83 75]
[24 24 87 85]	[12 12 75 78]
[24 24 87 85]	[12  1 78 82]
[24 24 87 85]	[ 1  1 82 80]
[24 24 87 85]	[ 1  1 80 85]
[24 24 87 85]	[ 1  1 85 85]
[24 24 87 85]	[ 1  1 85 83]
[24 24 87 85]	[ 1  1 83 82]
[24 24 87 85]	[ 1  1 82 80]
[24 24 87 85]	[ 1  1 80 85]
[24 24 87 85]	[ 1  1 85 80]
[24 24 87 85]	[ 1  1 80 85]
[24 24 87 85]	[ 1  1 85 73]
[24 24 87 85]	[ 1  1 73 80]
[24 24 87 85]	[ 1  1 80 78]
[24 24 87 85]	[ 1  1 78 77]
[24 24 87 85]	[ 1  1 77 80]
[24 24 87 85]	[ 1  1 80 80]
[24 24 87 85]	[ 1  1 80 82]
[24 24 87 85]	[ 1  1 82 83]
[24 24 87 85]	[ 1  1 83 85]
[24 24 87 85]	[ 1  1 85 83]
[24 24 87 85]	[ 1  1 83 82]
[24 24 87 85]	[ 1  1 82 83]
[24 24 87 85]	[ 1  1 83 80]
[24 24 87 85]	[ 1  1 80 82]
[24 24 87 85]	[ 1  1 82 85]
[24 24 87 85]	[ 1  1 85 73]
[24 24 87 85]	[ 1  1 73 80]
[24 24 87 85]	[ 1 12 80 77]
[24 24 87 85]	[12 12 77 78]
[24 24 87 85]	[12 12 78 77]
[24 24 87 85]	[12 12 77 75]
[24 24 87 85]	[12 12 75 83]
[-1 -1 -1 -1]	[12 12 83 75]
[24 24 87 85]	[12 12 75 78]
[24 24 87 85]	[12  1 78 82]
[24 24 87 85]	[ 1  1 82 73]
[24 24 87 85]	[ 1  1 73 75]
[24 24 87 85]	[ 1  1 75 77]
[24 24 87 85]	[ 1  1 77 78]
[24 24 87 85]	[ 1  1 78 80]
[24 24 87 85]	[ 1  1 80 85]
[24 24 87 85]	[ 1  1 85 80]
[24 24 87 85]	[ 1  1 80 85]
[24 24 87 85]	[ 1  1 85 80]
[24 24 87 85]	[ 1  1 80 78]
[24 24 87 85]	[ 1  1 78 80]
[24 24 87 85]	[ 1 12 80 82]
[24 24 87 85]	[12 12 82 71]
[24 24 87 85]	[12 12 71 75]
[24 24 87 85]	[12 12 75 83]
[24 24 87 85]	[12 12 83 82]
[24 24 87 85]	[12 12 82 83]
[24 24 87 85]	[12 12 83 80]
[24 24 87 85]	[12 12 80 78]
[24 24 87 85]	[12 12 78 75]
[24 24 87 85]	[12 12 75 77]
[24 24 87 85]	[12 12 77 78]
[24 24 87 85]	[12 12 78 77]
[24 24 87 85]	[12  1 77 78]
[24 24 87 85]	[ 1  1 78 80]
[24 24 87 85]	[ 1  1 80 85]
[24 24 87 85]	[ 1  1 85 80]
[24 24 87 85]	[ 1  1 80 85]
[24 24 87 85]	[ 1  1 85 80]
[24 24 87 85]	[ 1  1 80 78]
[24 24 87 85]	[ 1  1 78 80]
[24 24 87 85]	[ 1 12 80 82]
[24 24 87 85]	[12 12 82 83]
[24 24 87 85]	[12 12 83 82]
[24 24 87 85]	[12 12 82 83]
[24 24 87 85]	[12 12 83 85]
[24 24 87 85]	[12 12 85 87]
[24 24 87 85]	[12 12 87 80]
[24 24 87 85]	[12 12 80 82]
[24 24 87 85]	[12 12 82 83]
[24 24 87 85]	[12 12 83 82]
[24 24 87 85]	[12 12 82 80]
[24 24 87 85]	[12 13 80 78]
[24 24 87 85]	[13 13 78 76]
[24 24 87 85]	[13 13 76 73]
[24 24 87 85]	[13  1 73 73]
[24 24 87 85]	[ 1  1 73 80]
[24 24 87 85]	[ 1  1 80 85]
[24 24 87 85]	[ 1  1 85 85]
[24 24 87 85]	[ 1  1 85 85]
[24 24 87 85]	[ 1  1 85 85]
[24 24 87 85]	[ 1  1 85 87]
[24 24 87 85]	[ 1  1 87 85]
[24 24 87 85]	[ 1  1 85 83]
[24 24 87 85]	[ 1  1 83 80]
[24 24 87 85]	[ 1  1 80 78]
[24 24 87 85]	[ 1  1 78 77]
[24 24 87 85]	[ 1 12 77 78]
[24 24 87 85]	[12 12 78 80]
[24 24 87 85]	[12 12 80 78]
[24 24 87 85]	[12 12 78 80]
[24 24 87 85]	[12 12 80 82]
[24 24 87 85]	[12 12 82 83]
[24 24 87 85]	[12 12 83 82]
[24 24 87 85]	[12 12 82 83]
[24 24 87 85]	[12 12 83 82]
[24 24 87 85]	[12 12 82 80]
[24 24 87 85]	[12 12 80 78]
[24 24 87 85]	[12 12 78 75]
[24 24 87 85]	[12 12 75 78]
[24 24 87 85]	[12 12 78 80]
[24 24 87 85]	[12 13 80 80]
[24 24 87 85]	[13 13 80 73]
[24 24 87 85]	[13 13 73 75]
[24 24 87 85]	[13 13 75 73]
[24 24 87 85]	[13 13 73 71]
[24 24 87 85]	[13 13 71 68]
[24 24 87 85]	[13 13 68 71]
[24 24 87 85]	[13 13 71 73]
[24 24 87 85]	[13 13 73 75]
[24 24 87 85]	[13 13 75 76]
[24 24 87 85]	[13 13 76 73]
[24 24 87 85]	[13 13 73 80]
[24 24 87 85]	[13 13 80 73]
[24 24 87 85]	[13  1 73 75]
[24 24 87 85]	[ 1  1 75 77]
[24 24 87 85]	[ 1  1 77 77]
[24 24 87 85]	[ 1  1 77 78]
[24 24 87 85]	[ 1  1 78 80]
[24 24 87 85]	[ 1  1 80 78]
[24 24 87 85]	[ 1  1 78 80]
[24 24 87 85]	[ 1 12 80 82]
[-1 -1 -1 -1]	[12 12 82 83]
[24 24 87 85]	[12  1 83 75]
[24 24 87 85]	[ 1  6 75 73]
[24 24 87 85]	[ 6  6 73 73]
[24 24 87 85]	[ 6  6 73 75]
[24 24 87 85]	[ 6  1 75 73]
[24 24 87 85]	[ 1  1 73 73]
[24 24 87 85]	[ 1  1 73 71]
[24 24 87 85]	[ 1  1 71 70]
[24 24 87 85]	[ 1  1 70 68]
[24 24 87 85]	[ 1  1 68 66]
[24 24 87 85]	[ 1  6 66 65]
[24 24 87 85]	[ 6  6 65 66]
[24 24 87 85]	[ 6  6 66 73]
[24 24 87 85]	[ 6  6 73 78]
[24 24 87 85]	[ 6  6 78 80]
[24 24 87 85]	[ 6  6 80 82]
[24 24 87 85]	[ 6  6 82 83]
[24 24 87 85]	[ 6  6 83 82]
[24 24 87 85]	[ 6  6 82 80]
[24 24 87 85]	[ 6  6 80 78]
[24 24 87 85]	[ 6  1 78 77]
[24 24 87 85]	[ 1  1 77 78]
[24 24 87 85]	[ 1  1 78 73]
[24 24 87 85]	[ 1  6 73 73]
[24 24 87 85]	[ 6  6 73 78]
[24 24 87 85]	[ 6  6 78 80]
[24 24 87 85]	[ 6  6 80 82]
[24 24 87 85]	[ 6  6 82 83]
[24 24 87 85]	[ 6  6 83 82]
[24 24 87 85]	[ 6  6 82 80]
[24 24 87 85]	[ 6  6 80 78]
[24 24 87 85]	[ 6  1 78 77]
[24 24 87 85]	[ 1  1 77 78]
[24 24 87 85]	[ 1  1 78 73]
[24 24 87 85]	[ 1 12 73 73]
[24 24 87 85]	[12 12 73 75]
[24 24 87 85]	[12 12 75 73]
[24 24 87 85]	[12  6 73 71]
[24 24 87 85]	[ 6  6 71 70]
[24 24 87 85]	[ 6  6 70 66]
[24 24 87 85]	[ 6  6 66 66]
[24 24 87 85]	[ 6  6 66 68]
[24 24 87 85]	[ 6  6 68 66]
[24 24 87 85]	[ 6  6 66 65]
[24 24 87 85]	[ 6  6 65 66]
[24 24 87 85]	[ 6  6 66 61]
[24 24 87 85]	[ 6  6 61 63]
[24 24 87 85]	[ 6  6 63 65]
[24 24 87 85]	[ 6  6 65 66]
[24 24 87 85]	[ 6  6 66 68]
[24 24 87 85]	[ 6  6 68 66]
[24 24 87 85]	[ 6  6 66 78]
[24 24 87 85]	[ 6  1 78 78]
[24 24 87 85]	[ 1  1 78 73]
[24 24 87 85]	[ 1  1 73 80]
[24 24 87 85]	[ 1  6 80 80]
[24 24 87 85]	[ 6  6 80 73]
[24 24 87 85]	[ 6  6 73 82]
[24 24 87 85]	[ 6 12 82 82]
[24 24 87 85]	[12 12 82 73]
[24 24 87 85]	[12 12 73 83]
[24 24 87 85]	[12  6 83 83]
[24 24 87 85]	[ 6  6 83 82]
[24 24 87 85]	[ 6  6 82 80]
[24 24 87 85]	[ 6  6 80 78]
[24 24 87 85]	[ 6  6 78 80]
[24 24 87 85]	[ 6  6 80 78]
[24 24 87 85]	[ 6  6 78 77]
[24 24 87 85]	[ 6  6 77 78]
[24 24 87 85]	[ 6  6 78 80]
[24 24 87 85]	[ 6  6 80 78]
[24 24 87 85]	[ 6  6 78 78]
[24 24 87 85]	[ 6  6 78 77]
[24 24 87 85]	[ 6  6 77 75]
[24 24 87 85]	[ 6  6 75 78]
[24 24 87 85]	[ 6  6 78 78]
[24 24 87 85]	[ 6  6 78 78]
[24 24 87 85]	[ 6  6 78 76]
[24 24 87 85]	[ 6 18 76 74]
[24 24 87 85]	[18 18 74 73]
[24 24 87 85]	[18 18 73 82]
[24 24 87 85]	[18 18 82 82]
[24 24 87 85]	[18 18 82 83]
[24 24 87 85]	[18 18 83 82]
[24 24 87 85]	[18 18 82 73]
[24 24 87 85]	[18 18 73 82]
[24 24 87 85]	[18 18 82 82]
[24 24 87 85]	[18 18 82 83]
[24 24 87 85]	[18 18 83 82]
[24 24 87 85]	[18 18 82 73]
[24 24 87 85]	[18 18 73 82]
[24 24 87 85]	[18 18 82 82]
[24 24 87 85]	[18 18 82 73]
[24 24 87 85]	[18 18 73 83]
[24 24 87 85]	[18 18 83 83]
[24 24 87 85]	[18 18 83 73]
[24 24 87 85]	[18 18 73 85]
[24 24 87 85]	[18 18 85 85]
[24 24 87 85]	[18 18 85 73]
[24 24 87 85]	[18 18 73 87]
[24 24 87 85]	[18 18 87 87]
[24 24 87 85]	[18 18 87 73]
[24 24 87 85]	[18 18 73 82]
[24 24 87 85]	[18 18 82 82]
[24 24 87 85]	[18 18 82 83]
[24 24 87 85]	[18 18 83 82]
[24 24 87 85]	[18 18 82 73]
[24 24 87 85]	[18 18 73 82]
[24 24 87 85]	[18 18 82 82]
[24 24 87 85]	[18 18 82 83]
[24 24 87 85]	[18 18 83 82]
[24 24 87 85]	[18 18 82 82]
[24 24 87 85]	[18 18 82 80]
[24 24 87 85]	[18 18 80 78]
[24 24 87 85]	[18 18 78 80]
[24 24 87 85]	[18 18 80 78]
[24 24 87 85]	[18 18 78 77]
[24 24 87 85]	[18 18 77 78]
[24 24 87 85]	[18 18 78 80]
[24 24 87 85]	[18 18 80 78]
[24 24 87 85]	[18 18 78 78]
[24 24 87 85]	[18 18 78 75]
[24 24 87 85]	[18 18 75 78]
[24 24 87 85]	[18 18 78 80]
[24 24 87 85]	[18 18 80 78]
[24 24 87 85]	[18 18 78 78]
[24 24 87 85]	[18  6 78 80]
[24 24 87 85]	[ 6  6 80 82]
[24 24 87 85]	[ 6  6 82 83]
[24 24 87 85]	[ 6  6 83 82]
[24 24 87 85]	[ 6  6 82 80]
[24 24 87 85]	[ 6  6 80 78]
[24 24 87 85]	[ 6  6 78 77]
[24 24 87 85]	[ 6  6 77 78]
[24 24 87 85]	[ 6  6 78 73]
[24 24 87 85]	[ 6 12 73 73]
[24 24 87 85]	[12 12 73 75]
[24 24 87 85]	[12 12 75 73]
[24 24 87 85]	[12  6 73 71]
[24 24 87 85]	[ 6  6 71 70]
[24 24 87 85]	[ 6  6 70 66]
[24 24 87 85]	[ 6  6 66 66]
[24 24 87 85]	[ 6  6 66 68]
[24 24 87 85]	[ 6  6 68 66]
[24 24 87 85]	[ 6  6 66 65]
[24 24 87 85]	[ 6  6 65 66]
[24 24 87 85]	[ 6  6 66 61]
[24 24 87 85]	[ 6  6 61 63]
[24 24 87 85]	[ 6  6 63 65]
[24 24 87 85]	[ 6  6 65 66]
[24 24 87 85]	[ 6  6 66 68]
[24 24 87 85]	[ 6  6 68 66]
[24 24 87 85]	[ 6  6 66 78]
[24 24 87 85]	[ 6  1 78 78]
[24 24 87 85]	[ 1  1 78 73]
[24 24 87 85]	[ 1  1 73 80]
[24 24 87 85]	[ 1  6 80 80]
[24 24 87 85]	[ 6  6 80 73]
[24 24 87 85]	[ 6  6 73 82]
[24 24 87 85]	[ 6 12 82 82]
[24 24 87 85]	[12 12 82 73]
[24 24 87 85]	[12 12 73 83]
[24 24 87 85]	[12  6 83 83]
[24 24 87 85]	[ 6  6 83 82]
[24 24 87 85]	[ 6  6 82 80]
[24 24 87 85]	[ 6  6 80 78]
[24 24 87 85]	[ 6  6 78 80]
[24 24 87 85]	[ 6  6 80 78]
[24 24 87 85]	[ 6  6 78 77]
[24 24 87 85]	[ 6  6 77 78]
[24 24 87 85]	[ 6  6 78 80]
[24 24 87 85]	[ 6  6 80 78]
[24 24 87 85]	[ 6  6 78 78]
[24 24 87 85]	[ 6  6 78 80]
[24 24 87 85]	[ 6  6 80 78]
[-1 -1 -1 -1]	[ 6  6 78 80]
[24 24 87 85]	[ 6  6 80 78]
[24 24 87 85]	[ 6  1 78 78]
[24 24 87 85]	[ 1  1 78 80]
[24 24 87 85]	[ 1  1 80 80]
[24 24 87 85]	[ 1  1 80 77]
[24 24 87 85]	[ 1  6 77 80]
[24 24 87 85]	[ 6  6 80 82]
[24 24 87 85]	[ 6  1 82 78]
[24 24 87 85]	[ 1  1 78 80]
[24 24 87 85]	[ 1  1 80 80]
[24 24 87 85]	[ 1  1 80 77]
[24 24 87 85]	[ 1  1 77 77]
[24 24 87 85]	[ 1  1 77 75]
[24 24 87 85]	[ 1  1 75 73]
[24 24 87 85]	[ 1  1 73 80]
[24 24 87 85]	[ 1  1 80 80]
[24 24 87 85]	[ 1  1 80 77]
[24 24 87 85]	[ 1  6 77 78]
[24 24 87 85]	[ 6  6 78 82]
[24 24 87 85]	[ 6  6 82 78]
[24 24 87 85]	[ 6  6 78 82]
[24 24 87 85]	[ 6  1 82 83]
[24 24 87 85]	[ 1  1 83 85]
[24 24 87 85]	[ 1  1 85 82]
[24 24 87 85]	[ 1  1 82 80]
[24 24 87 85]	[ 1  1 80 77]
[24 24 87 85]	[ 1  1 77 75]
[24 24 87 85]	[ 1  1 75 73]
[24 24 87 85]	[ 1  1 73 73]
[24 24 87 85]	[ 1  1 73  0]
[24 24 87 85]	[ 1  1  0 73]
[24 24 87 85]	[ 1  1 73 73]
[24 24 87 85]	[ 1  1 73 68]
[24 24 87 85]	[ 1  6 68 68]
[24 24 87 85]	[ 6  6 68 66]
[24 24 87 85]	[ 6  7 66 66]
[24 24 87 85]	[ 7  7 66 67]
[24 24 87 85]	[ 7  6 67 68]
[24 24 87 85]	[ 6  6 68 66]
[24 24 87 85]	[ 6  7 66 66]
[24 24 87 85]	[ 7  7 66 67]
[24 24 87 85]	[ 7  6 67 68]
[24 24 87 85]	[ 6  6 68 66]
[24 24 87 85]	[ 6  7 66 66]
[24 24 87 85]	[ 7  7 66 67]
[24 24 87 85]	[ 7  1 67 68]
[24 24 87 85]	[ 1  1 68 73]
[24 24 87 85]	[ 1  1 73 73]
[24 24 87 85]	[ 1  1 73 68]
[24 24 87 85]	[ 1  6 68 68]
[24 24 87 85]	[ 6  6 68 66]
[24 24 87 85]	[ 6  7 66 66]
[24 24 87 85]	[ 7  7 66 67]
[24 24 87 85]	[ 7  6 67 68]
[24 24 87 85]	[ 6  6 68 66]
[24 24 87 85]	[ 6  7 66 66]
[24 24 87 85]	[ 7  7 66 67]
[24 24 87 85]	[ 7  6 67 68]
[-1 -1 -1 -1]	[ 6  6 68 70]
[24 24 87 85]	[ 6  6 70 70]
[24 24 87 85]	[ 6  1 70 68]
[24 24 87 85]	[ 1 12 68 83]
[24 24 87 85]	[12  1 83 83]
[24 24 87 85]	[ 1  1 83 80]
[24 24 87 85]	[ 1  1 80 82]
[24 24 87 85]	[ 1  1 82 80]
[24 24 87 85]	[ 1  1 80 78]
[24 24 87 85]	[ 1  1 78 77]
[24 24 87 85]	[ 1  1 77 77]
[24 24 87 85]	[ 1  1 77 78]
[24 24 87 85]	[ 1  1 78 80]
[24 24 87 85]	[ 1  1 80 77]
[24 24 87 85]	[ 1  1 77 80]
[24 24 87 85]	[ 1  1 80 82]
[24 24 87 85]	[ 1  1 82 83]
[24 24 87 85]	[ 1  1 83 85]
[24 24 87 85]	[ 1  1 85 87]
[24 24 87 85]	[ 1 20 87 85]
[24 24 87 85]	[20 20 85 83]
[24 24 87 85]	[20 20 83 80]
[24 24 87 85]	[20 20 80 80]
[24 24 87 85]	[20 20 80 80]
[24 24 87 85]	[20 20 80 82]
[24 24 87 85]	[20  1 82 83]
[24 24 87 85]	[ 1  1 83 85]
[24 24 87 85]	[ 1  1 85 83]
[24 24 87 85]	[ 1  1 83 85]
[24 24 87 85]	[ 1 12 85 82]
[24 24 87 85]	[12 12 82 83]
[24 24 87 85]	[12 12 83 85]
[24 24 87 85]	[12 12 85 83]
[24 24 87 85]	[12  1 83 83]
[24 24 87 85]	[ 1  1 83 80]
[24 24 87 85]	[ 1  1 80 82]
[24 24 87 85]	[ 1  1 82 80]
[24 24 87 85]	[ 1  1 80 78]
[24 24 87 85]	[ 1  1 78 77]
[24 24 87 85]	[ 1  1 77 78]
[24 24 87 85]	[ 1  1 78 80]
[24 24 87 85]	[ 1 12 80 82]
[24 24 87 85]	[12 12 82 83]
[24 24 87 85]	[12  8 83 78]
[24 24 87 85]	[ 8  8 78 80]
[24 24 87 85]	[ 8  8 80 82]
[24 24 87 85]	[ 8  8 82 80]
[24 24 87 85]	[ 8  1 80 78]
[24 24 87 85]	[ 1  1 78 77]
[24 24 87 85]	[ 1  1 77 73]
[24 24 87 85]	[ 1  1 73 73]
[24 24 87 85]	[ 1 13 73  0]
[24 24 87 85]	[13 13  0 73]
[24 24 87 85]	[13 13 73 75]
[24 24 87 85]	[13 13 75 76]
[24 24 87 85]	[13 12 76 73]
[24 24 87 85]	[12 12 73 75]
[24 24 87 85]	[12 12 75 73]
[24 24 87 85]	[12 12 73 71]
[24 24 87 85]	[12 13 71 75]
[24 24 87 85]	[13 13 75 73]
[24 24 87 85]	[13 13 73 75]
[24 24 87 85]	[13 13 75 73]
[24 24 87 85]	[13 13 73 71]
[24 24 87 85]	[13 13 71 68]
[24 24 87 85]	[13 13 68 66]
[24 24 87 85]	[13 13 66 68]
[24 24 87 85]	[13 13 68 71]
[24 24 87 85]	[13 13 71 73]
[24 24 87 85]	[13 13 73 73]
[24 24 87 85]	[13 13 73 75]
[24 24 87 85]	[13 13 75 77]
[24 24 87 85]	[13  8 77 78]
[24 24 87 85]	[ 8  8 78 80]
[24 24 87 85]	[ 8  8 80 82]
[24 24 87 85]	[ 8  8 82 80]
[24 24 87 85]	[ 8 13 80 73]
[24 24 87 85]	[13 13 73 73]
[24 24 87 85]	[13 13 73 75]
[24 24 87 85]	[13 13 75 77]
[24 24 87 85]	[13 12 77 73]
[24 24 87 85]	[12 12 73 75]
[24 24 87 85]	[12 12 75 73]
[24 24 87 85]	[12 12 73 71]
[24 24 87 85]	[12 13 71 75]
[24 24 87 85]	[13 13 75 73]
[24 24 87 85]	[13 13 73 75]
[24 24 87 85]	[13 13 75 73]
[24 24 87 85]	[13 13 73 71]
[24 24 87 85]	[13 13 71 68]
[24 24 87 85]	[13 13 68 71]
[24 24 87 85]	[13 13 71 73]
[24 24 87 85]	[13 13 73 75]
[24 24 87 85]	[13 13 75 77]
[24 24 87 85]	[13 12 77 73]
[24 24 87 85]	[12 12 73 75]
[24 24 87 85]	[12 12 75 73]
[24 24 87 85]	[12  1 73 71]
[-1 -1 -1 -1]	[ 1  1 71 73]
[24 24 87 85]	[ 1  1 73 75]
[24 24 87 85]	[ 1  1 75 73]
[24 24 87 85]	[ 1  1 73 73]
[24 24 87 85]	[ 1  1 73 75]
[24 24 87 85]	[ 1  1 75 73]
[24 24 87 85]	[ 1  1 73 77]
[24 24 87 85]	[ 1  1 77 78]
[24 24 87 85]	[ 1  1 78 80]
[24 24 87 85]	[ 1  1 80 85]
[24 24 87 85]	[ 1  1 85 82]
[24 24 87 85]	[ 1  1 82 83]
[24 24 87 85]	[ 1  1 83 80]
[24 24 87 85]	[ 1 12 80 77]
[24 24 87 85]	[12 12 77 78]
[24 24 87 85]	[12 12 78 82]
[24 24 87 85]	[12 12 82 80]
[24 24 87 85]	[12  1 80 78]
[24 24 87 85]	[ 1  6 78 77]
[24 24 87 85]	[ 6  6 77 78]
[24 24 87 85]	[ 6  6 78 75]
[24 24 87 85]	[ 6  1 75 80]
[24 24 87 85]	[ 1  1 80 73]
[24 24 87 85]	[ 1  1 73 75]
[24 24 87 85]	[ 1  1 75 73]
[24 24 87 85]	[ 1  1 73 77]
[24 24 87 85]	[ 1  1 77 78]
[24 24 87 85]	[ 1  1 78 80]
[24 24 87 85]	[ 1  1 80 85]
[24 24 87 85]	[ 1  1 85 82]
[24 24 87 85]	[ 1  1 82 83]
[24 24 87 85]	[ 1  1 83 80]
[24 24 87 85]	[ 1 12 80 77]
[24 24 87 85]	[12  6 77 78]
[24 24 87 85]	[ 6  6 78 82]
[24 24 87 85]	[ 6  6 82 80]
[24 24 87 85]	[ 6  8 80 78]
[24 24 87 85]	[ 8  8 78 80]
[24 24 87 85]	[ 8  8 80 77]
[24 24 87 85]	[ 8  1 77 73]
[24 24 87 85]	[ 1  1 73 73]
[24 24 87 85]	[ 1  8 73 75]
[24 24 87 85]	[ 8  8 75 80]
[24 24 87 85]	[ 8  8 80 77]
[24 24 87 85]	[ 8  1 77 73]
[24 24 87 85]	[ 1  1 73 73]
[24 24 87 85]	[ 1  1 73 77]
[24 24 87 85]	[ 1  1 77 80]
[24 24 87 85]	[ 1  1 80 80]
[24 24 87 85]	[ 1  1 80 85]
[24 24 87 85]	[ 1  1 85 87]
[24 24 87 85]	[ 1  1 87 89]
[24 24 87 85]	[ 1  1 89 87]
[24 24 87 85]	[ 1  1 87 85]
[24 24 87 85]	[ 1  1 85 89]
[24 24 87 85]	[ 1  1 89 90]
[24 24 87 85]	[ 1  1 90 92]
[24 24 87 85]	[ 1  6 92 89]
[24 24 87 85]	[ 6  6 89 90]
[24 24 87 85]	[ 6  6 90 89]
[24 24 87 85]	[ 6  1 89 87]
[24 24 87 85]	[ 1  1 87 85]
[24 24 87 85]	[ 1  1 85 87]
[24 24 87 85]	[ 1  1 87 89]
[24 24 87 85]	[ 1  1 89 87]
[24 24 87 85]	[ 1  8 87 85]
[24 24 87 85]	[ 8  8 85 85]
[24 24 87 85]	[ 8  8 85 83]
[24 24 87 85]	[ 8  8 83 80]
[24 24 87 85]	[ 8  8 80 85]
[24 24 87 85]	[ 8  8 85 83]
[24 24 87 85]	[ 8  1 83 80]
[24 24 87 85]	[ 1  1 80 85]
[24 24 87 85]	[ 1  1 85 87]
[24 24 87 85]	[ 1  1 87 89]
[24 24 87 85]	[ 1  1 89 87]
[24 24 87 85]	[ 1  1 87 85]
[24 24 87 85]	[ 1  1 85 89]
[24 24 87 85]	[ 1  1 89 90]
[24 24 87 85]	[ 1  1 90 92]
[24 24 87 85]	[ 1  6 92 89]
[24 24 87 85]	[ 6  6 89 90]
[24 24 87 85]	[ 6  6 90 89]
[24 24 87 85]	[ 6  1 89 87]
[24 24 87 85]	[ 1  1 87 85]
[24 24 87 85]	[ 1  6 85 80]
[24 24 87 85]	[ 6  6 80 82]
[24 24 87 85]	[ 6  6 82 80]
[24 24 87 85]	[ 6  8 80 78]
[24 24 87 85]	[ 8  8 78 80]
[24 24 87 85]	[ 8  8 80 77]
[24 24 87 85]	[ 8  1 77 73]
[24 24 87 85]	[ 1  1 73 73]
[24 24 87 85]	[ 1  1 73 77]
[24 24 87 85]	[ 1  8 77 80]
[24 24 87 85]	[ 8  8 80 80]
[24 24 87 85]	[ 8  8 80 77]
[-1 -1 -1 -1]	[ 8  1 77 73]
[24 24 87 85]	[ 1  1 73 73]
[24 24 87 85]	[ 1  1 73 75]
[24 24 87 85]	[ 1  1 75 85]
[24 24 87 85]	[ 1  1 85 87]
[24 24 87 85]	[ 1  1 87 85]
[24 24 87 85]	[ 1  1 85 83]
[24 24 87 85]	[ 1  1 83 80]
[24 24 87 85]	[ 1 12 80 82]
[24 24 87 85]	[12 12 82 83]
[24 24 87 85]	[12 12 83 85]
