Accuracy: 0.010119241920927821

n_chords: 2
n_melody: 2
t_prior: 0.5
e_prior: 0.0
dataset: The Session
keys: All
filter_train_set: True
filter_val_set: True

~ First 3000 predicted states ~
Predicted	True
[24 24 90 87]	[-1 -1 -1 -1]
[24 24 90 87]	[-1  1 -1 -1]
[24 24 90 87]	[ 1  1 -1 68]
[24 24 90 87]	[ 1  1 68 70]
[24 24 90 87]	[ 1  1 70 73]
[24 24 90 87]	[ 1  1 73 77]
[24 24 90 87]	[ 1  1 77 75]
[24 24 90 87]	[ 1  8 75 73]
[24 24 90 87]	[ 8  8 73 75]
[24 24 90 87]	[ 8  8 75 73]
[24 24 90 87]	[ 8  1 73 75]
[24 24 90 87]	[ 1  1 75 77]
[24 24 90 87]	[ 1  1 77 80]
[24 24 90 87]	[ 1  6 80 85]
[24 24 90 87]	[ 6  6 85 82]
[24 24 90 87]	[ 6  6 82 85]
[24 24 90 87]	[ 6 10 85 82]
[24 24 90 87]	[10 10 82 82]
[24 24 90 87]	[10 10 82 80]
[24 24 90 87]	[10  3 80 77]
[24 24 90 87]	[ 3  3 77 75]
[24 24 90 87]	[ 3  3 75 77]
[24 24 90 87]	[ 3  8 77 75]
[24 24 90 87]	[ 8  8 75 75]
[24 24 90 87]	[ 8  8 75 73]
[24 24 90 87]	[ 8  1 73 70]
[24 24 90 87]	[ 1  1 70 68]
[24 24 90 87]	[ 1  1 68 70]
[24 24 90 87]	[ 1  1 70 73]
[24 24 90 87]	[ 1  1 73 77]
[24 24 90 87]	[ 1  1 77 75]
[24 24 90 87]	[ 1  8 75 73]
[24 24 90 87]	[ 8  8 73 75]
[24 24 90 87]	[ 8  8 75 73]
[24 24 90 87]	[ 8  1 73 75]
[24 24 90 87]	[ 1  1 75 77]
[24 24 90 87]	[ 1  1 77 80]
[24 24 90 87]	[ 1  6 80 85]
[24 24 90 87]	[ 6  6 85 82]
[24 24 90 87]	[ 6  6 82 85]
[24 24 90 87]	[ 6  6 85 82]
[24 24 90 87]	[ 6  6 82 82]
[24 24 90 87]	[ 6  6 82 80]
[24 24 90 87]	[ 6  8 80 77]
[24 24 90 87]	[ 8  8 77 75]
[24 24 90 87]	[ 8  8 75 73]
[24 24 90 87]	[ 8  1 73 70]
[24 24 90 87]	[ 1 10 70 73]
[24 24 90 87]	[10 10 73 85]
[24 24 90 87]	[10 10 85 84]
[24 24 90 87]	[10 10 84 85]
[24 24 90 87]	[10 10 85 82]
[24 24 90 87]	[10 10 82 80]
[24 24 90 87]	[10 10 80 78]
[24 24 90 87]	[10 10 78 77]
[24 24 90 87]	[10 10 77 78]
[24 24 90 87]	[10  8 78 80]
[24 24 90 87]	[ 8  8 80 80]
[24 24 90 87]	[ 8  8 80 77]
[24 24 90 87]	[ 8  1 77 80]
[24 24 90 87]	[ 1  1 80 68]
[24 24 90 87]	[ 1  1 68 70]
[24 24 90 87]	[ 1  3 70 73]
[24 24 90 87]	[ 3  3 73 75]
[24 24 90 87]	[ 3  3 75 73]
[24 24 90 87]	[ 3  8 73 75]
[24 24 90 87]	[ 8  8 75 77]
[24 24 90 87]	[ 8  8 77 75]
[24 24 90 87]	[ 8  8 75 75]
[24 24 90 87]	[ 8  8 75 75]
[24 24 90 87]	[ 8  8 75 77]
[24 24 90 87]	[ 8 10 77 80]
[24 24 90 87]	[10 10 80 85]
[24 24 90 87]	[10 10 85 84]
[24 24 90 87]	[10 10 84 85]
[24 24 90 87]	[10 10 85 82]
[24 24 90 87]	[10 10 82 80]
[24 24 90 87]	[10 10 80 78]
[24 24 90 87]	[10 10 78 77]
[24 24 90 87]	[10 10 77 78]
[24 24 90 87]	[10  8 78 80]
[24 24 90 87]	[ 8  8 80 80]
[24 24 90 87]	[ 8  8 80 77]
[24 24 90 87]	[ 8  1 77 80]
[24 24 90 87]	[ 1  1 80 68]
[24 24 90 87]	[ 1  1 68 70]
[24 24 90 87]	[ 1  8 70 73]
[24 24 90 87]	[ 8  8 73 75]
[24 24 90 87]	[ 8  8 75 73]
[24 24 90 87]	[ 8  8 73 75]
[24 24 90 87]	[ 8  8 75 77]
[24 24 90 87]	[ 8  8 77 73]
[24 24 90 87]	[ 8  1 73 73]
[24 24 90 87]	[ 1  1 73 73]
[24 24 90 87]	[ 1  1 73 80]
[24 24 90 87]	[ 1  1 80 77]
[24 24 90 87]	[ 1  1 77 73]
[24 24 90 87]	[ 1  1 73 73]
[24 24 90 87]	[ 1  1 73 73]
[24 24 90 87]	[ 1  1 73 75]
[24 24 90 87]	[ 1  1 75 77]
[24 24 90 87]	[ 1  1 77 78]
[24 24 90 87]	[ 1  1 78 80]
[24 24 90 87]	[ 1  1 80 77]
[24 24 90 87]	[ 1  1 77 80]
[24 24 90 87]	[ 1  1 80 85]
[24 24 90 87]	[ 1  1 85 80]
[24 24 90 87]	[ 1  1 80 77]
[24 24 90 87]	[ 1  1 77 80]
[24 24 90 87]	[ 1  1 80 77]
[24 24 90 87]	[ 1  8 77 73]
[24 24 90 87]	[ 8  8 73 77]
[24 24 90 87]	[ 8  8 77 73]
[24 24 90 87]	[ 8  1 73 68]
[24 24 90 87]	[ 1  1 68 73]
[24 24 90 87]	[ 1  1 73 72]
[24 24 90 87]	[ 1  3 72 73]
[24 24 90 87]	[ 3  3 73 75]
[24 24 90 87]	[ 3  3 75 73]
[24 24 90 87]	[ 3  8 73 75]
[24 24 90 87]	[ 8  8 75 77]
[24 24 90 87]	[ 8  8 77 75]
[24 24 90 87]	[ 8  8 75 75]
[24 24 90 87]	[ 8  8 75 75]
[24 24 90 87]	[ 8  8 75 77]
[24 24 90 87]	[ 8  1 77 78]
[24 24 90 87]	[ 1  1 78 80]
[24 24 90 87]	[ 1  1 80 77]
[24 24 90 87]	[ 1  1 77 80]
[24 24 90 87]	[ 1  1 80 85]
[24 24 90 87]	[ 1  1 85 80]
[24 24 90 87]	[ 1  1 80 77]
[24 24 90 87]	[ 1  1 77 80]
[24 24 90 87]	[ 1  1 80 77]
[24 24 90 87]	[ 1  8 77 73]
[24 24 90 87]	[ 8  8 73 77]
[24 24 90 87]	[ 8  8 77 73]
[24 24 90 87]	[ 8  6 73 68]
[24 24 90 87]	[ 6  6 68 73]
[24 24 90 87]	[ 6  6 73 72]
[24 24 90 87]	[ 6  8 72 73]
[24 24 90 87]	[ 8  8 73 75]
[24 24 90 87]	[ 8  8 75 73]
[24 24 90 87]	[ 8  8 73 75]
[24 24 90 87]	[ 8  8 75 77]
[24 24 90 87]	[ 8  8 77 73]
[24 24 90 87]	[ 8  1 73 73]
[24 24 90 87]	[ 1  1 73 73]
[24 24 90 87]	[ 1  1 73 75]
[24 24 90 87]	[ 1  1 75 77]
[24 24 90 87]	[ 1  1 77 78]
[24 24 90 87]	[ 1  1 78 77]
[24 24 90 87]	[ 1  1 77 73]
[-1 -1 -1 -1]	[ 1  1 73 73]
[24 24 90 87]	[ 1  1 73 73]
[24 24 90 87]	[ 1 -1 73 80]
[24 24 90 87]	[-1 -1 80 73]
[24 24 90 87]	[-1 13 73 75]
[24 24 90 87]	[13 13 75 76]
[24 24 90 87]	[13 13 76 75]
[24 24 90 87]	[13 13 75 76]
[24 24 90 87]	[13 13 76 75]
[24 24 90 87]	[13 13 75 73]
[24 24 90 87]	[13 13 73 68]
[24 24 90 87]	[13 13 68 73]
[24 24 90 87]	[13 10 73 75]
[24 24 90 87]	[10 10 75 76]
[24 24 90 87]	[10 10 76 75]
[24 24 90 87]	[10 10 75 76]
[24 24 90 87]	[10 10 76 75]
[24 24 90 87]	[10 10 75 73]
[24 24 90 87]	[10 10 73 69]
[24 24 90 87]	[10 10 69 73]
[24 24 90 87]	[10 12 73 76]
[24 24 90 87]	[12 12 76 75]
[24 24 90 87]	[12 12 75 71]
[24 24 90 87]	[12 12 71 66]
[24 24 90 87]	[12 12 66 71]
[24 24 90 87]	[12 12 71 68]
[24 24 90 87]	[12 12 68 66]
[24 24 90 87]	[12 12 66 68]
[24 24 90 87]	[12 12 68 71]
[24 24 90 87]	[12 12 71 66]
[24 24 90 87]	[12 12 66 68]
[24 24 90 87]	[12 12 68 71]
[24 24 90 87]	[12 12 71 73]
[24 24 90 87]	[12 12 73 75]
[24 24 90 87]	[12 12 75 73]
[24 24 90 87]	[12 12 73 71]
[24 24 90 87]	[12 13 71 75]
[24 24 90 87]	[13 13 75 76]
[24 24 90 87]	[13 13 76 75]
[24 24 90 87]	[13 13 75 76]
[24 24 90 87]	[13 13 76 75]
[24 24 90 87]	[13 13 75 73]
[24 24 90 87]	[13 13 73 68]
[24 24 90 87]	[13 13 68 73]
[24 24 90 87]	[13 10 73 75]
[24 24 90 87]	[10 10 75 76]
[24 24 90 87]	[10 10 76 75]
[24 24 90 87]	[10 10 75 76]
[24 24 90 87]	[10 10 76 75]
[24 24 90 87]	[10 10 75 73]
[24 24 90 87]	[10 10 73 69]
[24 24 90 87]	[10 10 69 73]
[24 24 90 87]	[10 12 73 76]
[24 24 90 87]	[12 12 76 78]
[24 24 90 87]	[12 12 78 75]
[24 24 90 87]	[12 12 75 66]
[24 24 90 87]	[12 12 66 75]
[24 24 90 87]	[12 12 75 68]
[24 24 90 87]	[12 12 68 66]
[24 24 90 87]	[12 12 66 68]
[24 24 90 87]	[12 12 68 71]
[24 24 90 87]	[12 12 71 66]
[24 24 90 87]	[12 12 66 64]
[24 24 90 87]	[12 12 64 63]
[24 24 90 87]	[12 13 63 64]
[24 24 90 87]	[13 13 64 61]
[24 24 90 87]	[13 13 61 59]
[24 24 90 87]	[13 13 59 63]
[24 24 90 87]	[13 13 63 64]
[24 24 90 87]	[13 13 64 61]
[24 24 90 87]	[13 13 61 68]
[24 24 90 87]	[13 13 68 61]
[24 24 90 87]	[13 13 61 69]
[24 24 90 87]	[13 13 69 61]
[24 24 90 87]	[13 13 61 68]
[24 24 90 87]	[13 13 68 61]
[24 24 90 87]	[13 13 61 71]
[24 24 90 87]	[13 13 71 61]
[24 24 90 87]	[13 13 61 68]
[24 24 90 87]	[13 13 68 61]
[24 24 90 87]	[13 13 61 69]
[24 24 90 87]	[13 13 69 68]
[24 24 90 87]	[13 13 68 66]
[24 24 90 87]	[13 12 66 64]
[24 24 90 87]	[12 12 64 63]
[24 24 90 87]	[12 12 63 59]
[24 24 90 87]	[12 12 59 66]
[24 24 90 87]	[12 12 66 59]
[24 24 90 87]	[12 12 59 68]
[24 24 90 87]	[12 12 68 59]
[24 24 90 87]	[12 12 59 66]
[24 24 90 87]	[12 12 66 59]
[24 24 90 87]	[12 12 59 69]
[24 24 90 87]	[12 12 69 59]
[24 24 90 87]	[12 12 59 68]
[24 24 90 87]	[12 12 68 59]
[24 24 90 87]	[12 12 59 66]
[24 24 90 87]	[12 12 66 64]
[24 24 90 87]	[12 12 64 59]
[24 24 90 87]	[12 13 59 63]
[24 24 90 87]	[13 13 63 64]
[24 24 90 87]	[13 13 64 61]
[24 24 90 87]	[13 13 61 68]
[24 24 90 87]	[13 13 68 61]
[24 24 90 87]	[13 13 61 69]
[24 24 90 87]	[13 13 69 61]
[24 24 90 87]	[13 13 61 68]
[24 24 90 87]	[13 13 68 61]
[24 24 90 87]	[13 13 61 71]
[24 24 90 87]	[13 13 71 61]
[24 24 90 87]	[13 13 61 68]
[24 24 90 87]	[13 13 68 61]
[24 24 90 87]	[13 13 61 69]
[24 24 90 87]	[13 13 69 68]
[24 24 90 87]	[13 13 68 66]
[24 24 90 87]	[13 12 66 64]
[24 24 90 87]	[12 12 64 63]
[24 24 90 87]	[12 12 63 59]
[24 24 90 87]	[12 12 59 66]
[24 24 90 87]	[12 12 66 59]
[24 24 90 87]	[12 12 59 68]
[24 24 90 87]	[12 12 68 59]
[24 24 90 87]	[12 12 59 66]
[24 24 90 87]	[12 13 66 59]
[24 24 90 87]	[13 13 59 64]
[-1 -1 -1 -1]	[13 13 64 61]
[24 24 90 87]	[13 13 61 61]
[24 24 90 87]	[13 -1 61 59]
[24 24 90 87]	[-1 -1 59 85]
[24 24 90 87]	[-1  1 85 87]
[24 24 90 87]	[ 1  1 87 89]
[24 24 90 87]	[ 1  1 89 87]
[24 24 90 87]	[ 1  1 87 85]
[24 24 90 87]	[ 1 15 85 89]
[24 24 90 87]	[15 15 89 87]
[24 24 90 87]	[15 15 87 85]
[24 24 90 87]	[15  1 85 82]
[24 24 90 87]	[ 1  1 82 80]
[24 24 90 87]	[ 1  1 80 77]
[24 24 90 87]	[ 1  8 77 77]
[24 24 90 87]	[ 8  8 77 80]
[24 24 90 87]	[ 8  8 80 82]
[24 24 90 87]	[ 8  8 82 85]
[24 24 90 87]	[ 8  1 85 87]
[24 24 90 87]	[ 1  1 87 89]
[24 24 90 87]	[ 1  1 89 87]
[24 24 90 87]	[ 1  1 87 85]
[24 24 90 87]	[ 1 15 85 89]
[24 24 90 87]	[15 15 89 87]
[24 24 90 87]	[15 15 87 85]
[24 24 90 87]	[15 22 85 87]
[24 24 90 87]	[22 22 87 89]
[24 24 90 87]	[22 22 89 94]
[24 24 90 87]	[22 22 94 94]
[24 24 90 87]	[22 22 94 92]
[24 24 90 87]	[22 22 92 94]
[24 24 90 87]	[22 22 94 92]
[24 24 90 87]	[22  1 92 90]
[24 24 90 87]	[ 1  1 90 89]
[24 24 90 87]	[ 1  1 89 87]
[24 24 90 87]	[ 1  1 87 85]
[24 24 90 87]	[ 1 15 85 89]
[24 24 90 87]	[15 15 89 87]
[24 24 90 87]	[15 15 87 85]
[24 24 90 87]	[15  1 85 82]
[24 24 90 87]	[ 1  1 82 80]
[24 24 90 87]	[ 1  1 80 77]
[24 24 90 87]	[ 1  8 77 77]
[24 24 90 87]	[ 8  8 77 80]
[24 24 90 87]	[ 8  8 80 82]
[24 24 90 87]	[ 8  8 82 85]
[24 24 90 87]	[ 8  1 85 87]
[24 24 90 87]	[ 1  1 87 89]
[24 24 90 87]	[ 1  1 89 87]
[24 24 90 87]	[ 1  1 87 85]
[24 24 90 87]	[ 1 15 85 89]
[24 24 90 87]	[15 15 89 87]
[24 24 90 87]	[15 15 87 85]
[24 24 90 87]	[15 15 85 82]
[24 24 90 87]	[15 22 82 80]
[24 24 90 87]	[22 22 80 82]
[24 24 90 87]	[22 22 82 82]
[24 24 90 87]	[22 22 82 80]
[24 24 90 87]	[22 22 80 82]
[24 24 90 87]	[22 22 82 85]
[24 24 90 87]	[22  1 85 87]
[24 24 90 87]	[ 1  1 87 89]
[24 24 90 87]	[ 1  1 89 92]
[24 24 90 87]	[ 1  1 92 92]
[24 24 90 87]	[ 1  1 92 94]
[24 24 90 87]	[ 1  1 94 92]
[24 24 90 87]	[ 1  1 92 89]
[24 24 90 87]	[ 1  1 89 87]
[24 24 90 87]	[ 1  1 87 89]
[24 24 90 87]	[ 1  1 89 85]
[24 24 90 87]	[ 1  1 85 82]
[24 24 90 87]	[ 1  1 82 80]
[24 24 90 87]	[ 1  1 80 82]
[24 24 90 87]	[ 1  1 82 85]
[24 24 90 87]	[ 1 22 85 87]
[24 24 90 87]	[22 22 87 89]
[24 24 90 87]	[22 22 89 94]
[24 24 90 87]	[22 22 94 94]
[24 24 90 87]	[22 22 94 92]
[24 24 90 87]	[22 22 92 94]
[24 24 90 87]	[22 22 94 92]
[24 24 90 87]	[22  1 92 90]
[24 24 90 87]	[ 1  1 90 89]
[24 24 90 87]	[ 1  1 89 87]
[24 24 90 87]	[ 1  1 87 85]
[24 24 90 87]	[ 1  8 85 89]
[24 24 90 87]	[ 8  8 89 87]
[24 24 90 87]	[ 8  8 87 85]
[24 24 90 87]	[ 8  1 85 87]
[24 24 90 87]	[ 1  1 87 89]
[24 24 90 87]	[ 1  1 89 92]
[24 24 90 87]	[ 1  1 92 92]
[24 24 90 87]	[ 1  1 92 94]
[24 24 90 87]	[ 1  1 94 92]
[24 24 90 87]	[ 1  1 92 89]
[24 24 90 87]	[ 1  1 89 87]
[24 24 90 87]	[ 1 22 87 89]
[24 24 90 87]	[22 22 89 85]
[24 24 90 87]	[22 22 85 82]
[24 24 90 87]	[22 22 82 80]
[24 24 90 87]	[22 22 80 82]
[24 24 90 87]	[22 22 82 85]
[24 24 90 87]	[22  1 85 87]
[24 24 90 87]	[ 1  1 87 89]
[24 24 90 87]	[ 1  1 89 87]
[24 24 90 87]	[ 1  1 87 85]
[24 24 90 87]	[ 1 15 85 89]
[24 24 90 87]	[15 15 89 87]
[24 24 90 87]	[15 15 87 85]
[24 24 90 87]	[15 15 85 82]
[24 24 90 87]	[15 22 82 80]
[24 24 90 87]	[22 22 80 82]
[24 24 90 87]	[22 22 82 82]
[24 24 90 87]	[22 22 82 80]
[24 24 90 87]	[22 22 80 82]
[24 24 90 87]	[22 22 82 85]
[24 24 90 87]	[22 22 85 87]
[24 24 90 87]	[22 22 87 82]
[-1 -1 -1 -1]	[22 22 82 82]
[24 24 90 87]	[22 22 82 80]
[24 24 90 87]	[22 -1 80 82]
[24 24 90 87]	[-1 -1 82 73]
[24 24 90 87]	[-1 -1 73 77]
[24 24 90 87]	[-1  1 77 78]
[24 24 90 87]	[ 1  1 78 80]
[24 24 90 87]	[ 1  1 80 82]
[24 24 90 87]	[ 1  1 82 80]
[24 24 90 87]	[ 1  1 80 78]
[24 24 90 87]	[ 1  1 78 77]
[24 24 90 87]	[ 1  1 77 78]
[24 24 90 87]	[ 1  1 78 80]
[24 24 90 87]	[ 1  1 80 78]
[24 24 90 87]	[ 1  1 78 77]
[24 24 90 87]	[ 1  1 77 73]
[24 24 90 87]	[ 1  1 73 77]
[24 24 90 87]	[ 1  1 77 78]
[24 24 90 87]	[ 1  1 78 80]
[24 24 90 87]	[ 1  1 80 82]
[24 24 90 87]	[ 1  1 82 80]
[24 24 90 87]	[ 1  1 80 78]
[24 24 90 87]	[ 1  1 78 77]
[24 24 90 87]	[ 1  1 77 75]
[24 24 90 87]	[ 1  1 75 77]
[24 24 90 87]	[ 1  1 77 73]
[24 24 90 87]	[ 1  1 73 73]
[24 24 90 87]	[ 1  1 73 77]
[24 24 90 87]	[ 1  1 77 78]
[24 24 90 87]	[ 1  1 78 80]
[24 24 90 87]	[ 1  1 80 82]
[24 24 90 87]	[ 1  1 82 80]
[24 24 90 87]	[ 1  1 80 78]
[24 24 90 87]	[ 1  1 78 77]
[24 24 90 87]	[ 1  1 77 78]
[24 24 90 87]	[ 1  1 78 80]
[24 24 90 87]	[ 1  1 80 78]
[24 24 90 87]	[ 1  1 78 77]
[24 24 90 87]	[ 1  1 77 73]
[24 24 90 87]	[ 1  1 73 77]
[24 24 90 87]	[ 1  8 77 78]
[24 24 90 87]	[ 8  8 78 80]
[24 24 90 87]	[ 8  8 80 82]
[24 24 90 87]	[ 8  8 82 80]
[24 24 90 87]	[ 8  8 80 78]
[24 24 90 87]	[ 8  8 78 77]
[24 24 90 87]	[ 8  1 77 75]
[24 24 90 87]	[ 1  1 75 73]
[24 24 90 87]	[ 1  1 73 73]
[24 24 90 87]	[ 1  1 73 77]
[24 24 90 87]	[ 1  1 77 78]
[24 24 90 87]	[ 1  1 78 73]
[24 24 90 87]	[ 1  1 73 85]
[24 24 90 87]	[ 1  1 85 84]
[24 24 90 87]	[ 1  1 84 82]
[24 24 90 87]	[ 1  1 82 80]
[24 24 90 87]	[ 1  1 80 77]
[24 24 90 87]	[ 1  1 77 82]
[24 24 90 87]	[ 1  1 82 80]
[24 24 90 87]	[ 1  1 80 77]
[24 24 90 87]	[ 1  1 77 78]
[24 24 90 87]	[ 1  1 78 80]
[24 24 90 87]	[ 1  1 80 78]
[24 24 90 87]	[ 1  1 78 77]
[24 24 90 87]	[ 1  1 77 73]
[24 24 90 87]	[ 1  1 73 77]
[24 24 90 87]	[ 1  1 77 78]
[24 24 90 87]	[ 1  1 78 80]
[24 24 90 87]	[ 1  1 80 82]
[24 24 90 87]	[ 1 15 82 80]
[24 24 90 87]	[15 15 80 78]
[24 24 90 87]	[15 15 78 77]
[24 24 90 87]	[15  1 77 78]
[24 24 90 87]	[ 1  1 78 80]
[24 24 90 87]	[ 1  1 80 85]
[24 24 90 87]	[ 1  1 85 84]
[24 24 90 87]	[ 1  1 84 82]
[24 24 90 87]	[ 1  1 82 80]
[24 24 90 87]	[ 1  1 80 77]
[24 24 90 87]	[ 1  1 77 82]
[24 24 90 87]	[ 1  1 82 80]
[24 24 90 87]	[ 1  1 80 77]
[24 24 90 87]	[ 1  1 77 78]
[24 24 90 87]	[ 1  1 78 80]
[24 24 90 87]	[ 1  1 80 78]
[24 24 90 87]	[ 1  1 78 77]
[24 24 90 87]	[ 1  1 77 73]
[24 24 90 87]	[ 1  1 73 77]
[24 24 90 87]	[ 1  8 77 78]
[24 24 90 87]	[ 8  8 78 80]
[24 24 90 87]	[ 8  8 80 82]
[24 24 90 87]	[ 8  8 82 80]
[24 24 90 87]	[ 8  8 80 78]
[24 24 90 87]	[ 8  8 78 77]
[24 24 90 87]	[ 8  1 77 75]
[24 24 90 87]	[ 1  1 75 73]
[24 24 90 87]	[ 1  1 73 85]
[24 24 90 87]	[ 1  1 85 84]
[24 24 90 87]	[ 1  1 84 82]
[24 24 90 87]	[ 1  1 82 73]
[24 24 90 87]	[ 1  1 73 73]
[24 24 90 87]	[ 1  1 73 75]
[24 24 90 87]	[ 1  6 75 77]
[24 24 90 87]	[ 6  6 77 78]
[24 24 90 87]	[ 6  6 78 78]
[24 24 90 87]	[ 6  6 78 78]
[24 24 90 87]	[ 6  6 78 77]
[24 24 90 87]	[ 6  1 77 78]
[24 24 90 87]	[ 1  1 78 80]
[24 24 90 87]	[ 1  1 80 78]
[24 24 90 87]	[ 1  1 78 77]
[24 24 90 87]	[ 1  1 77 73]
[24 24 90 87]	[ 1  1 73 75]
[24 24 90 87]	[ 1  8 75 77]
[24 24 90 87]	[ 8  8 77 78]
[24 24 90 87]	[ 8  8 78 78]
[24 24 90 87]	[ 8  8 78 78]
[24 24 90 87]	[ 8  8 78 77]
[24 24 90 87]	[ 8  1 77 75]
[24 24 90 87]	[ 1  1 75 77]
[24 24 90 87]	[ 1  1 77 73]
[24 24 90 87]	[ 1  1 73 73]
[24 24 90 87]	[ 1  1 73 75]
[24 24 90 87]	[ 1  6 75 77]
[24 24 90 87]	[ 6  6 77 78]
[24 24 90 87]	[ 6  6 78 78]
[24 24 90 87]	[ 6  6 78 78]
[24 24 90 87]	[ 6  6 78 77]
[24 24 90 87]	[ 6  1 77 78]
[24 24 90 87]	[ 1  1 78 80]
[24 24 90 87]	[ 1  1 80 78]
[24 24 90 87]	[ 1  1 78 77]
[24 24 90 87]	[ 1  1 77 73]
[24 24 90 87]	[ 1  1 73 77]
[24 24 90 87]	[ 1  8 77 78]
[24 24 90 87]	[ 8  8 78 80]
[24 24 90 87]	[ 8  8 80 82]
[24 24 90 87]	[ 8  8 82 80]
[24 24 90 87]	[ 8  8 80 78]
[24 24 90 87]	[ 8  8 78 77]
[24 24 90 87]	[ 8  1 77 75]
[24 24 90 87]	[ 1  1 75 73]
[-1 -1 -1 -1]	[ 1  1 73 73]
[24 24 90 87]	[ 1  1 73 75]
[24 24 90 87]	[ 1 -1 75 77]
[24 24 90 87]	[-1 -1 77 68]
[24 24 90 87]	[-1 -1 68 67]
[24 24 90 87]	[-1 13 67 68]
[24 24 90 87]	[13 13 68 69]
[24 24 90 87]	[13 13 69 68]
[24 24 90 87]	[13 13 68 73]
[24 24 90 87]	[13 13 73 68]
[24 24 90 87]	[13 13 68 67]
[24 24 90 87]	[13  8 67 68]
[24 24 90 87]	[ 8  8 68 69]
[24 24 90 87]	[ 8  8 69 68]
[24 24 90 87]	[ 8  8 68 75]
[24 24 90 87]	[ 8  8 75 68]
[24 24 90 87]	[ 8  8 68 67]
[24 24 90 87]	[ 8  8 67 68]
[24 24 90 87]	[ 8  8 68 69]
[24 24 90 87]	[ 8  8 69 68]
[24 24 90 87]	[ 8  8 68 78]
[24 24 90 87]	[ 8  8 78 75]
[24 24 90 87]	[ 8  8 75 72]
[24 24 90 87]	[ 8  8 72 68]
[24 24 90 87]	[ 8  8 68 66]
[24 24 90 87]	[ 8 13 66 65]
[24 24 90 87]	[13 13 65 64]
[24 24 90 87]	[13 13 64 72]
[24 24 90 87]	[13 13 72 73]
[24 24 90 87]	[13 13 73 72]
[24 24 90 87]	[13 13 72 71]
[24 24 90 87]	[13 18 71 70]
[24 24 90 87]	[18 18 70 69]
[24 24 90 87]	[18 18 69 73]
[24 24 90 87]	[18 18 73 78]
[24 24 90 87]	[18 18 78 69]
[24 24 90 87]	[18 18 69 73]
[24 24 90 87]	[18 13 73 78]
[24 24 90 87]	[13 13 78 68]
[24 24 90 87]	[13 13 68 73]
[24 24 90 87]	[13 13 73 76]
[24 24 90 87]	[13 13 76 68]
[24 24 90 87]	[13 13 68 73]
[24 24 90 87]	[13  3 73 74]
[24 24 90 87]	[ 3  3 74 75]
[24 24 90 87]	[ 3  3 75 76]
[24 24 90 87]	[ 3  3 76 75]
[24 24 90 87]	[ 3  3 75 73]
[24 24 90 87]	[ 3  3 73 72]
[24 24 90 87]	[ 3  8 72 73]
[24 24 90 87]	[ 8  8 73 75]
[24 24 90 87]	[ 8  8 75 75]
[24 24 90 87]	[ 8  8 75 68]
[24 24 90 87]	[ 8  8 68 67]
[24 24 90 87]	[ 8 13 67 68]
[24 24 90 87]	[13 13 68 69]
[24 24 90 87]	[13 13 69 68]
[24 24 90 87]	[13 13 68 73]
[24 24 90 87]	[13 13 73 68]
[24 24 90 87]	[13 13 68 67]
[24 24 90 87]	[13  8 67 68]
[24 24 90 87]	[ 8  8 68 69]
[24 24 90 87]	[ 8  8 69 68]
[24 24 90 87]	[ 8  8 68 75]
[24 24 90 87]	[ 8  8 75 68]
[24 24 90 87]	[ 8  8 68 67]
[24 24 90 87]	[ 8  8 67 68]
[24 24 90 87]	[ 8  8 68 69]
[24 24 90 87]	[ 8  8 69 68]
[24 24 90 87]	[ 8  8 68 78]
[24 24 90 87]	[ 8  8 78 75]
[24 24 90 87]	[ 8  8 75 72]
[24 24 90 87]	[ 8  8 72 68]
[24 24 90 87]	[ 8  8 68 66]
[24 24 90 87]	[ 8 13 66 65]
[24 24 90 87]	[13 13 65 64]
[24 24 90 87]	[13 13 64 72]
[24 24 90 87]	[13 13 72 73]
[24 24 90 87]	[13 13 73 72]
[24 24 90 87]	[13 13 72 71]
[24 24 90 87]	[13 18 71 70]
[24 24 90 87]	[18 18 70 69]
[24 24 90 87]	[18 18 69 73]
[24 24 90 87]	[18 18 73 78]
[24 24 90 87]	[18 18 78 69]
[24 24 90 87]	[18 18 69 73]
[24 24 90 87]	[18 18 73 78]
[24 24 90 87]	[18 18 78 69]
[24 24 90 87]	[18 13 69 73]
[24 24 90 87]	[13 13 73 68]
[24 24 90 87]	[13 13 68 73]
[24 24 90 87]	[13 13 73 76]
[24 24 90 87]	[13 13 76 68]
[24 24 90 87]	[13 13 68 73]
[24 24 90 87]	[13 13 73 76]
[24 24 90 87]	[13 13 76 68]
[24 24 90 87]	[13 13 68 72]
[24 24 90 87]	[13  8 72 75]
[24 24 90 87]	[ 8  8 75 80]
[24 24 90 87]	[ 8  8 80 68]
[24 24 90 87]	[ 8  8 68 80]
[24 24 90 87]	[ 8  8 80 81]
[24 24 90 87]	[ 8  8 81 80]
[24 24 90 87]	[ 8  8 80 78]
[24 24 90 87]	[ 8  8 78 76]
[24 24 90 87]	[ 8 13 76 75]
[24 24 90 87]	[13 13 75 73]
[24 24 90 87]	[13 13 73 73]
[24 24 90 87]	[13 13 73 68]
[24 24 90 87]	[13 13 68 69]
[24 24 90 87]	[13  5 69 70]
[24 24 90 87]	[ 5  5 70 71]
[24 24 90 87]	[ 5  5 71 70]
[24 24 90 87]	[ 5  5 70 71]
[24 24 90 87]	[ 5  5 71 70]
[24 24 90 87]	[ 5  5 70 71]
[24 24 90 87]	[ 5 18 71 72]
[24 24 90 87]	[18 18 72 73]
[24 24 90 87]	[18 18 73 69]
[24 24 90 87]	[18 18 69 68]
[24 24 90 87]	[18 18 68 69]
[24 24 90 87]	[18 12 69 70]
[24 24 90 87]	[12 12 70 71]
[24 24 90 87]	[12 12 71 63]
[24 24 90 87]	[12 12 63 66]
[24 24 90 87]	[12 12 66 71]
[24 24 90 87]	[12 12 71 63]
[24 24 90 87]	[12 12 63 66]
[24 24 90 87]	[12 12 66 75]
[24 24 90 87]	[12  5 75 74]
[24 24 90 87]	[ 5  5 74 73]
[24 24 90 87]	[ 5  5 73 68]
[24 24 90 87]	[ 5  5 68 76]
[24 24 90 87]	[ 5  5 76 76]
[24 24 90 87]	[ 5  5 76 68]
[24 24 90 87]	[ 5  5 68 76]
[24 24 90 87]	[ 5  5 76 68]
[24 24 90 87]	[ 5  5 68 76]
[24 24 90 87]	[ 5  5 76 68]
[24 24 90 87]	[ 5  5 68 75]
[24 24 90 87]	[ 5  5 75 68]
[24 24 90 87]	[ 5  5 68 75]
[24 24 90 87]	[ 5 18 75 68]
[24 24 90 87]	[18 18 68 73]
[24 24 90 87]	[18 18 73 69]
[24 24 90 87]	[18 18 69 62]
[24 24 90 87]	[18 18 62 63]
[24 24 90 87]	[18 12 63 66]
[24 24 90 87]	[12 12 66 75]
[24 24 90 87]	[12 12 75 69]
[24 24 90 87]	[12 12 69 73]
[24 24 90 87]	[12 12 73 68]
[24 24 90 87]	[12 12 68 69]
[24 24 90 87]	[12  5 69 70]
[24 24 90 87]	[ 5  5 70 71]
[24 24 90 87]	[ 5  5 71 68]
[24 24 90 87]	[ 5  5 68 67]
[24 24 90 87]	[ 5  5 67 68]
[24 24 90 87]	[ 5  5 68 69]
[24 24 90 87]	[ 5  5 69 71]
[24 24 90 87]	[ 5  5 71 64]
[24 24 90 87]	[ 5  5 64 68]
[24 24 90 87]	[ 5  5 68 71]
[24 24 90 87]	[ 5  5 71 64]
[24 24 90 87]	[ 5  5 64 68]
[24 24 90 87]	[ 5  5 68 71]
[24 24 90 87]	[ 5 18 71 72]
[24 24 90 87]	[18 18 72 73]
[24 24 90 87]	[18 18 73 66]
[24 24 90 87]	[18 18 66 69]
[24 24 90 87]	[18 18 69 73]
[24 24 90 87]	[18 18 73 66]
[24 24 90 87]	[18 18 66 76]
[24 24 90 87]	[18 18 76 75]
[24 24 90 87]	[18 18 75 74]
[24 24 90 87]	[18 12 74 73]
[24 24 90 87]	[12 12 73 71]
[24 24 90 87]	[12 12 71 63]
[24 24 90 87]	[12 12 63 66]
[24 24 90 87]	[12 12 66 71]
[24 24 90 87]	[12 12 71 63]
[24 24 90 87]	[12 12 63 66]
[24 24 90 87]	[12 12 66 71]
[24 24 90 87]	[12  5 71 72]
[24 24 90 87]	[ 5  5 72 73]
[24 24 90 87]	[ 5  5 73 68]
[24 24 90 87]	[ 5  5 68 68]
[24 24 90 87]	[ 5  5 68 68]
[24 24 90 87]	[ 5  5 68 71]
[24 24 90 87]	[ 5  5 71 76]
[24 24 90 87]	[ 5 10 76 75]
[24 24 90 87]	[10 10 75 73]
[24 24 90 87]	[10 10 73 72]
[24 24 90 87]	[10 10 72 73]
[24 24 90 87]	[10 23 73 75]
[24 24 90 87]	[23 23 75 78]
[24 24 90 87]	[23 23 78 76]
[24 24 90 87]	[23 23 76 75]
[24 24 90 87]	[23  5 75 76]
[24 24 90 87]	[ 5  5 76 80]
[24 24 90 87]	[ 5  5 80 81]
[24 24 90 87]	[ 5  5 81 82]
[24 24 90 87]	[ 5  1 82 83]
[24 24 90 87]	[ 1  1 83 85]
[24 24 90 87]	[ 1  1 85 83]
[24 24 90 87]	[ 1  1 83 81]
[24 24 90 87]	[ 1 18 81 80]
[24 24 90 87]	[18 18 80 78]
[24 24 90 87]	[18 18 78 76]
[24 24 90 87]	[18 18 76 75]
[24 24 90 87]	[18 12 75 73]
[24 24 90 87]	[12 12 73 71]
[24 24 90 87]	[12 12 71 69]
[24 24 90 87]	[12 12 69 68]
[24 24 90 87]	[12  5 68 66]
[24 24 90 87]	[ 5  5 66 64]
[24 24 90 87]	[ 5  5 64 64]
[24 24 90 87]	[ 5  5 64 73]
[24 24 90 87]	[ 5  5 73 76]
[24 24 90 87]	[ 5  1 76 80]
[24 24 90 87]	[ 1  1 80 85]
[24 24 90 87]	[ 1  1 85 73]
[24 24 90 87]	[ 1  1 73 76]
[24 24 90 87]	[ 1  1 76 80]
[24 24 90 87]	[ 1  1 80 83]
[24 24 90 87]	[ 1  1 83 73]
[24 24 90 87]	[ 1  1 73 76]
[24 24 90 87]	[ 1  1 76 80]
[24 24 90 87]	[ 1  1 80 81]
[24 24 90 87]	[ 1  1 81 73]
[24 24 90 87]	[ 1  1 73 76]
[24 24 90 87]	[ 1  1 76 80]
[24 24 90 87]	[ 1  1 80 81]
[24 24 90 87]	[ 1  1 81 80]
[24 24 90 87]	[ 1  1 80 76]
[24 24 90 87]	[ 1  1 76 73]
[24 24 90 87]	[ 1  1 73 85]
[24 24 90 87]	[ 1  1 85 73]
[24 24 90 87]	[ 1  1 73 76]
[24 24 90 87]	[ 1  1 76 80]
[24 24 90 87]	[ 1  1 80 83]
[24 24 90 87]	[ 1  1 83 73]
[24 24 90 87]	[ 1  1 73 76]
[24 24 90 87]	[ 1 15 76 80]
[24 24 90 87]	[15 15 80 81]
[24 24 90 87]	[15 15 81 69]
[24 24 90 87]	[15 15 69 75]
[24 24 90 87]	[15 15 75 78]
[24 24 90 87]	[15 15 78 81]
[24 24 90 87]	[15 15 81 78]
[24 24 90 87]	[15 15 78 75]
[24 24 90 87]	[15 15 75 69]
[24 24 90 87]	[15 15 69 85]
[24 24 90 87]	[15 15 85 69]
[24 24 90 87]	[15 15 69 75]
[24 24 90 87]	[15 15 75 78]
[24 24 90 87]	[15 15 78 83]
[24 24 90 87]	[15 15 83 69]
[24 24 90 87]	[15 15 69 75]
[24 24 90 87]	[15  8 75 78]
[24 24 90 87]	[ 8  8 78 81]
[24 24 90 87]	[ 8  8 81 69]
[24 24 90 87]	[ 8  8 69 75]
[24 24 90 87]	[ 8  8 75 78]
[24 24 90 87]	[ 8  8 78 81]
[24 24 90 87]	[ 8  8 81 78]
[24 24 90 87]	[ 8  8 78 75]
[24 24 90 87]	[ 8  8 75 69]
[24 24 90 87]	[ 8  8 69 85]
[24 24 90 87]	[ 8  8 85 69]
[24 24 90 87]	[ 8  8 69 75]
[24 24 90 87]	[ 8  8 75 78]
[24 24 90 87]	[ 8  8 78 83]
[24 24 90 87]	[ 8  8 83 69]
[24 24 90 87]	[ 8  8 69 75]
[24 24 90 87]	[ 8  1 75 78]
[24 24 90 87]	[ 1  1 78 81]
[24 24 90 87]	[ 1  1 81 73]
[24 24 90 87]	[ 1  1 73 76]
[24 24 90 87]	[ 1  1 76 80]
[24 24 90 87]	[ 1  1 80 81]
[24 24 90 87]	[ 1  1 81 80]
[24 24 90 87]	[ 1  1 80 76]
[24 24 90 87]	[ 1  1 76 73]
[24 24 90 87]	[ 1  1 73 85]
[24 24 90 87]	[ 1  1 85 73]
[24 24 90 87]	[ 1  1 73 76]
[24 24 90 87]	[ 1  1 76 80]
[24 24 90 87]	[ 1  1 80 83]
[24 24 90 87]	[ 1  1 83 73]
[24 24 90 87]	[ 1  1 73 76]
[24 24 90 87]	[ 1  1 76 80]
[24 24 90 87]	[ 1  1 80 81]
[24 24 90 87]	[ 1  1 81 73]
[24 24 90 87]	[ 1  1 73 76]
[24 24 90 87]	[ 1  1 76 80]
[24 24 90 87]	[ 1  1 80 81]
[24 24 90 87]	[ 1  1 81 80]
[24 24 90 87]	[ 1  1 80 76]
[24 24 90 87]	[ 1 10 76 73]
[24 24 90 87]	[10 10 73 81]
[24 24 90 87]	[10 10 81 83]
[24 24 90 87]	[10 10 83 81]
[24 24 90 87]	[10 10 81 80]
[24 24 90 87]	[10 10 80 78]
[24 24 90 87]	[10 15 78 76]
[24 24 90 87]	[15 15 76 81]
[24 24 90 87]	[15 15 81 80]
[24 24 90 87]	[15 15 80 78]
[24 24 90 87]	[15 13 78 76]
[24 24 90 87]	[13 13 76 75]
[24 24 90 87]	[13 13 75 73]
[24 24 90 87]	[13 13 73 71]
[24 24 90 87]	[13  6 71 71]
[24 24 90 87]	[ 6  6 71 69]
[24 24 90 87]	[ 6  6 69 71]
[24 24 90 87]	[ 6  6 71 72]
[24 24 90 87]	[ 6 19 72 73]
[24 24 90 87]	[19 19 73 75]
[24 24 90 87]	[19 19 75 73]
[24 24 90 87]	[19 19 73 71]
[24 24 90 87]	[19  1 71 73]
[24 24 90 87]	[ 1  1 73 76]
[24 24 90 87]	[ 1  1 76 78]
[24 24 90 87]	[ 1  1 78 79]
[24 24 90 87]	[ 1 10 79 80]
[24 24 90 87]	[10 10 80 81]
[24 24 90 87]	[10 10 81 80]
[24 24 90 87]	[10 10 80 78]
[24 24 90 87]	[10 15 78 76]
[24 24 90 87]	[15 15 76 75]
[24 24 90 87]	[15 15 75 73]
[24 24 90 87]	[15 15 73 71]
[24 24 90 87]	[15  8 71 69]
[24 24 90 87]	[ 8  8 69 68]
[24 24 90 87]	[ 8  8 68 66]
[-1 -1 -1 -1]	[ 8  8 66 64]
[24 24 90 87]	[ 8  1 64 63]
[24 24 90 87]	[ 1  1 63 61]
[24 24 90 87]	[ 1  1 61 77]
[24 24 90 87]	[ 1  1 77 77]
[24 24 90 87]	[ 1  1 77 77]
[24 24 90 87]	[ 1  1 77 78]
[24 24 90 87]	[ 1  1 78 77]
[24 24 90 87]	[ 1  1 77 75]
[24 24 90 87]	[ 1 15 75 73]
[24 24 90 87]	[15 15 73 87]
[24 24 90 87]	[15 15 87 75]
[24 24 90 87]	[15 15 75 75]
[24 24 90 87]	[15  8 75 77]
[24 24 90 87]	[ 8  8 77 75]
[24 24 90 87]	[ 8  8 75 73]
[24 24 90 87]	[ 8  1 73 75]
[24 24 90 87]	[ 1  1 75 77]
[24 24 90 87]	[ 1  1 77 78]
[24 24 90 87]	[ 1  1 78 77]
[24 24 90 87]	[ 1  1 77 75]
[24 24 90 87]	[ 1  6 75 73]
[24 24 90 87]	[ 6  6 73 70]
[24 24 90 87]	[ 6  6 70 73]
[24 24 90 87]	[ 6  6 73 72]
[24 24 90 87]	[ 6  8 72 70]
[24 24 90 87]	[ 8  8 70 68]
[24 24 90 87]	[ 8  8 68 70]
[24 24 90 87]	[ 8  8 70 73]
[24 24 90 87]	[ 8  1 73 75]
[24 24 90 87]	[ 1  1 75 73]
[24 24 90 87]	[ 1  1 73 77]
[24 24 90 87]	[ 1  1 77 80]
[24 24 90 87]	[ 1  1 80 80]
[24 24 90 87]	[ 1  1 80 80]
[24 24 90 87]	[ 1  1 80 82]
[24 24 90 87]	[ 1  1 82 80]
[24 24 90 87]	[ 1  1 80 77]
[24 24 90 87]	[ 1  1 77 75]
[24 24 90 87]	[ 1  6 75 77]
[24 24 90 87]	[ 6  6 77 73]
[24 24 90 87]	[ 6  6 73 85]
[24 24 90 87]	[ 6  8 85 85]
[24 24 90 87]	[ 8  8 85 85]
[24 24 90 87]	[ 8  8 85 84]
[24 24 90 87]	[ 8  8 84 82]
[24 24 90 87]	[ 8  1 82 80]
[24 24 90 87]	[ 1  1 80 77]
[24 24 90 87]	[ 1  1 77 80]
[24 24 90 87]	[ 1  1 80 80]
[24 24 90 87]	[ 1  1 80 80]
[24 24 90 87]	[ 1  1 80 82]
[24 24 90 87]	[ 1  1 82 80]
[24 24 90 87]	[ 1  1 80 77]
[24 24 90 87]	[ 1  1 77 75]
[24 24 90 87]	[ 1  6 75 77]
[24 24 90 87]	[ 6  6 77 73]
[24 24 90 87]	[ 6  6 73 85]
[24 24 90 87]	[ 6  8 85 85]
[24 24 90 87]	[ 8  8 85 85]
[24 24 90 87]	[ 8  8 85 80]
[24 24 90 87]	[ 8 11 80 82]
[24 24 90 87]	[11 11 82 83]
[24 24 90 87]	[11 11 83 82]
[24 24 90 87]	[11 11 82 84]
[24 24 90 87]	[11 11 84 85]
[24 24 90 87]	[11 11 85 84]
[24 24 90 87]	[11  6 84 85]
[24 24 90 87]	[ 6  6 85 82]
[24 24 90 87]	[ 6  6 82 80]
[24 24 90 87]	[ 6  6 80 82]
[24 24 90 87]	[ 6  6 82 85]
[24 24 90 87]	[ 6  6 85 82]
[24 24 90 87]	[ 6  1 82 85]
[24 24 90 87]	[ 1  1 85 80]
[24 24 90 87]	[ 1  1 80 82]
[24 24 90 87]	[ 1  1 82 80]
[24 24 90 87]	[ 1  1 80 78]
[24 24 90 87]	[ 1  8 78 77]
[24 24 90 87]	[ 8  8 77 75]
[24 24 90 87]	[ 8  8 75 73]
[24 24 90 87]	[ 8  1 73 75]
[24 24 90 87]	[ 1  1 75 77]
[24 24 90 87]	[ 1  1 77 78]
[24 24 90 87]	[ 1  1 78 77]
[24 24 90 87]	[ 1  1 77 75]
[24 24 90 87]	[ 1  6 75 73]
[24 24 90 87]	[ 6  6 73 70]
[24 24 90 87]	[ 6  6 70 73]
[24 24 90 87]	[ 6  6 73 72]
[24 24 90 87]	[ 6  8 72 70]
[24 24 90 87]	[ 8  8 70 68]
[24 24 90 87]	[ 8  8 68 70]
[-1 -1 -1 -1]	[ 8  8 70 73]
[24 24 90 87]	[ 8  8 73 73]
[24 24 90 87]	[ 8  1 73 75]
[24 24 90 87]	[ 1  1 75 73]
[24 24 90 87]	[ 1  1 73 75]
[24 24 90 87]	[ 1  1 75 77]
[24 24 90 87]	[ 1  1 77 73]
[24 24 90 87]	[ 1  1 73 77]
[24 24 90 87]	[ 1 22 77 80]
[24 24 90 87]	[22 22 80 82]
[24 24 90 87]	[22 22 82 84]
[24 24 90 87]	[22 22 84 85]
[24 24 90 87]	[22  1 85 82]
[24 24 90 87]	[ 1  1 82 80]
[24 24 90 87]	[ 1  1 80 77]
[24 24 90 87]	[ 1  1 77 75]
[24 24 90 87]	[ 1 15 75 73]
[24 24 90 87]	[15 15 73 70]
[24 24 90 87]	[15 15 70 75]
[24 24 90 87]	[15 15 75 75]
[24 24 90 87]	[15  8 75 73]
[24 24 90 87]	[ 8  8 73 75]
[24 24 90 87]	[ 8  8 75 77]
[24 24 90 87]	[ 8  8 77 75]
[24 24 90 87]	[ 8 15 75 73]
[24 24 90 87]	[15 15 73 70]
[24 24 90 87]	[15 15 70 75]
[24 24 90 87]	[15 15 75 75]
[24 24 90 87]	[15  8 75 73]
[24 24 90 87]	[ 8  8 73 75]
[24 24 90 87]	[ 8  8 75 68]
[24 24 90 87]	[ 8  1 68 70]
[24 24 90 87]	[ 1  1 70 73]
[24 24 90 87]	[ 1  1 73 75]
[24 24 90 87]	[ 1  1 75 77]
[24 24 90 87]	[ 1  1 77 73]
[24 24 90 87]	[ 1  1 73 77]
[24 24 90 87]	[ 1 22 77 80]
[24 24 90 87]	[22 22 80 82]
[24 24 90 87]	[22 22 82 84]
[24 24 90 87]	[22 22 84 85]
[24 24 90 87]	[22  1 85 82]
[24 24 90 87]	[ 1  1 82 80]
[24 24 90 87]	[ 1  1 80 77]
[24 24 90 87]	[ 1  1 77 75]
[24 24 90 87]	[ 1 22 75 73]
[24 24 90 87]	[22 22 73 70]
[24 24 90 87]	[22 22 70 73]
[24 24 90 87]	[22  1 73 73]
[24 24 90 87]	[ 1  1 73 77]
[24 24 90 87]	[ 1  1 77 73]
[24 24 90 87]	[ 1  1 73 75]
[24 24 90 87]	[ 1  1 75 73]
[24 24 90 87]	[ 1  1 73 70]
[24 24 90 87]	[ 1  1 70 73]
[24 24 90 87]	[ 1  1 73 73]
[24 24 90 87]	[ 1  1 73 72]
[24 24 90 87]	[ 1  1 72 73]
[24 24 90 87]	[ 1  1 73 68]
[24 24 90 87]	[ 1  1 68 70]
[24 24 90 87]	[ 1  1 70 70]
[24 24 90 87]	[ 1  1 70 73]
[24 24 90 87]	[ 1  1 73 73]
[24 24 90 87]	[ 1  1 73 72]
[24 24 90 87]	[ 1  1 72 73]
[24 24 90 87]	[ 1  1 73 85]
[24 24 90 87]	[ 1  1 85 87]
[24 24 90 87]	[ 1  1 87 89]
[24 24 90 87]	[ 1  8 89 85]
[24 24 90 87]	[ 8  8 85 87]
[24 24 90 87]	[ 8  6 87 84]
[24 24 90 87]	[ 6  6 84 85]
[24 24 90 87]	[ 6  6 85 87]
[24 24 90 87]	[ 6  6 87 85]
[24 24 90 87]	[ 6  1 85 82]
[24 24 90 87]	[ 1  1 82 80]
[24 24 90 87]	[ 1  1 80 77]
[24 24 90 87]	[ 1 15 77 80]
[24 24 90 87]	[15 15 80 82]
[24 24 90 87]	[15 15 82 87]
[24 24 90 87]	[15 15 87 87]
[24 24 90 87]	[15  8 87 85]
[24 24 90 87]	[ 8  8 85 87]
[24 24 90 87]	[ 8  8 87 89]
[24 24 90 87]	[ 8  8 89 87]
[24 24 90 87]	[ 8 15 87 85]
[24 24 90 87]	[15 15 85 82]
[24 24 90 87]	[15 15 82 87]
[24 24 90 87]	[15 15 87 87]
[24 24 90 87]	[15  8 87 85]
[24 24 90 87]	[ 8  8 85 87]
[24 24 90 87]	[ 8  8 87 85]
[24 24 90 87]	[ 8  1 85 87]
[24 24 90 87]	[ 1  1 87 89]
[24 24 90 87]	[ 1  1 89 85]
[24 24 90 87]	[ 1  8 85 85]
[24 24 90 87]	[ 8  8 85 87]
[24 24 90 87]	[ 8  8 87 84]
[24 24 90 87]	[ 8  6 84 84]
[24 24 90 87]	[ 6  6 84 85]
[24 24 90 87]	[ 6  6 85 87]
[24 24 90 87]	[ 6  6 87 85]
[24 24 90 87]	[ 6  1 85 82]
[24 24 90 87]	[ 1  1 82 80]
[24 24 90 87]	[ 1  1 80 77]
[24 24 90 87]	[ 1 22 77 80]
[24 24 90 87]	[22 22 80 82]
[24 24 90 87]	[22 22 82 85]
[24 24 90 87]	[22  1 85 85]
[24 24 90 87]	[ 1  1 85 89]
[24 24 90 87]	[ 1  1 89 85]
[24 24 90 87]	[ 1  1 85 87]
[24 24 90 87]	[ 1  1 87 85]
[24 24 90 87]	[ 1  1 85 82]
[24 24 90 87]	[ 1  1 82 85]
[24 24 90 87]	[ 1  1 85 85]
[24 24 90 87]	[ 1  1 85 84]
[24 24 90 87]	[ 1  1 84 85]
[24 24 90 87]	[ 1  1 85 85]
[24 24 90 87]	[ 1  1 85 87]
[24 24 90 87]	[ 1  1 87 82]
[24 24 90 87]	[ 1  1 82 85]
[24 24 90 87]	[ 1  1 85 85]
[24 24 90 87]	[ 1  1 85 84]
[24 24 90 87]	[ 1  1 84 85]
[24 24 90 87]	[ 1  1 85 77]
[24 24 90 87]	[ 1  6 77 80]
[24 24 90 87]	[ 6  6 80 82]
[24 24 90 87]	[ 6  1 82 78]
[24 24 90 87]	[ 1  1 78 80]
[24 24 90 87]	[ 1  1 80 80]
[24 24 90 87]	[ 1 15 80 77]
[24 24 90 87]	[15 15 77 78]
[24 24 90 87]	[15 15 78 78]
[24 24 90 87]	[15  1 78 75]
[24 24 90 87]	[ 1  1 75 77]
[24 24 90 87]	[ 1  1 77 75]
[24 24 90 87]	[ 1 15 75 73]
[24 24 90 87]	[15 15 73 70]
[24 24 90 87]	[15 15 70 75]
[24 24 90 87]	[15 15 75 75]
[24 24 90 87]	[15  8 75 73]
[24 24 90 87]	[ 8  8 73 75]
[24 24 90 87]	[ 8  8 75 77]
[24 24 90 87]	[ 8  8 77 75]
[24 24 90 87]	[ 8 15 75 73]
[24 24 90 87]	[15 15 73 70]
[24 24 90 87]	[15 15 70 75]
[24 24 90 87]	[15 15 75 75]
[24 24 90 87]	[15  8 75 73]
[24 24 90 87]	[ 8  8 73 75]
[24 24 90 87]	[ 8  8 75 77]
[24 24 90 87]	[ 8  8 77 78]
[24 24 90 87]	[ 8  6 78 80]
[24 24 90 87]	[ 6  6 80 82]
[24 24 90 87]	[ 6  1 82 78]
[24 24 90 87]	[ 1  1 78 80]
[24 24 90 87]	[ 1  1 80 82]
[24 24 90 87]	[ 1  1 82 80]
[24 24 90 87]	[ 1 15 80 77]
[24 24 90 87]	[15 15 77 78]
[24 24 90 87]	[15 15 78 75]
[24 24 90 87]	[15  1 75 75]
[24 24 90 87]	[ 1  1 75 77]
[24 24 90 87]	[ 1  1 77 75]
[24 24 90 87]	[ 1 22 75 73]
[24 24 90 87]	[22 22 73 70]
[24 24 90 87]	[22 22 70 73]
[24 24 90 87]	[22  1 73 73]
[24 24 90 87]	[ 1  1 73 77]
[24 24 90 87]	[ 1  1 77 73]
[24 24 90 87]	[ 1  1 73 75]
[24 24 90 87]	[ 1  1 75 73]
[24 24 90 87]	[ 1  1 73 70]
[24 24 90 87]	[ 1  1 70 73]
[24 24 90 87]	[ 1  1 73 73]
[24 24 90 87]	[ 1  1 73 72]
[24 24 90 87]	[ 1  1 72 73]
[24 24 90 87]	[ 1  1 73 77]
[24 24 90 87]	[ 1  1 77 80]
[24 24 90 87]	[ 1  1 80 70]
[24 24 90 87]	[ 1  1 70 73]
[-1 -1 -1 -1]	[ 1  1 73 73]
[24 24 90 87]	[ 1  1 73 72]
[24 24 90 87]	[ 1 -1 72 73]
[24 24 90 87]	[-1  1 73 85]
[24 24 90 87]	[ 1  1 85 85]
[24 24 90 87]	[ 1  1 85 80]
[24 24 90 87]	[ 1  1 80 80]
[24 24 90 87]	[ 1  1 80 85]
[24 24 90 87]	[ 1  1 85 85]
[24 24 90 87]	[ 1  1 85 80]
[24 24 90 87]	[ 1  1 80 80]
[24 24 90 87]	[ 1  1 80 87]
[24 24 90 87]	[ 1  1 87 89]
[24 24 90 87]	[ 1  1 89 90]
[24 24 90 87]	[ 1  1 90 89]
[24 24 90 87]	[ 1  1 89 87]
[24 24 90 87]	[ 1  1 87 89]
[24 24 90 87]	[ 1  8 89 85]
[24 24 90 87]	[ 8  8 85 87]
[24 24 90 87]	[ 8  8 87 87]
[24 24 90 87]	[ 8  8 87 80]
[24 24 90 87]	[ 8  6 80 80]
[24 24 90 87]	[ 6  6 80 82]
[24 24 90 87]	[ 6  6 82 82]
[24 24 90 87]	[ 6  6 82 80]
[24 24 90 87]	[ 6  1 80 78]
[24 24 90 87]	[ 1  1 78 80]
[24 24 90 87]	[ 1  1 80 80]
[24 24 90 87]	[ 1  1 80 78]
[24 24 90 87]	[ 1  6 78 77]
[24 24 90 87]	[ 6  6 77 78]
[24 24 90 87]	[ 6  6 78 80]
[24 24 90 87]	[ 6  1 80 78]
[24 24 90 87]	[ 1  1 78 77]
[24 24 90 87]	[ 1  1 77 75]
[24 24 90 87]	[ 1  8 75 73]
[24 24 90 87]	[ 8  8 73 75]
[24 24 90 87]	[ 8  8 75 75]
[24 24 90 87]	[ 8  8 75 80]
[24 24 90 87]	[ 8  8 80 80]
[24 24 90 87]	[ 8  8 80 80]
[24 24 90 87]	[ 8  8 80 75]
[24 24 90 87]	[ 8  8 75 75]
[24 24 90 87]	[ 8  8 75 77]
[24 24 90 87]	[ 8  1 77 78]
[24 24 90 87]	[ 1  1 78 77]
[24 24 90 87]	[ 1  1 77 75]
[24 24 90 87]	[ 1  1 75 73]
[24 24 90 87]	[ 1  1 73 85]
[24 24 90 87]	[ 1  1 85 85]
[24 24 90 87]	[ 1  1 85 85]
[24 24 90 87]	[ 1  1 85 80]
[24 24 90 87]	[ 1  1 80 80]
[24 24 90 87]	[ 1  1 80 82]
[24 24 90 87]	[ 1  6 82 83]
[24 24 90 87]	[ 6  6 83 82]
[24 24 90 87]	[ 6  6 82 82]
[24 24 90 87]	[ 6 15 82 89]
[24 24 90 87]	[15 15 89 90]
[24 24 90 87]	[15 15 90 89]
[24 24 90 87]	[15 15 89 87]
[24 24 90 87]	[15  8 87 85]
[24 24 90 87]	[ 8  8 85 84]
[24 24 90 87]	[ 8  8 84 84]
[24 24 90 87]	[ 8  8 84 85]
[24 24 90 87]	[ 8  8 85 87]
[24 24 90 87]	[ 8  8 87 80]
[24 24 90 87]	[ 8  6 80 80]
[24 24 90 87]	[ 6  6 80 82]
[24 24 90 87]	[ 6  6 82 84]
[24 24 90 87]	[ 6  8 84 85]
[24 24 90 87]	[ 8  8 85 87]
[-1 -1 -1 -1]	[ 8  8 87 84]
[24 24 90 87]	[ 8  1 84 80]
[24 24 90 87]	[ 1 -1 80 85]
[24 24 90 87]	[-1 -1 85 80]
[24 24 90 87]	[-1 -1 80 80]
[24 24 90 87]	[-1  1 80 77]
[24 24 90 87]	[ 1  1 77 73]
[24 24 90 87]	[ 1  1 73 85]
[24 24 90 87]	[ 1  1 85 85]
[24 24 90 87]	[ 1  1 85 84]
[24 24 90 87]	[ 1  8 84 85]
[24 24 90 87]	[ 8  8 85 87]
[24 24 90 87]	[ 8  8 87 84]
[24 24 90 87]	[ 8  8 84 80]
[24 24 90 87]	[ 8  1 80 84]
[24 24 90 87]	[ 1  1 84 85]
[24 24 90 87]	[ 1  1 85 85]
[24 24 90 87]	[ 1  1 85 87]
[24 24 90 87]	[ 1  1 87 89]
[24 24 90 87]	[ 1  1 89 89]
[24 24 90 87]	[ 1  8 89 85]
[24 24 90 87]	[ 8  8 85 90]
[24 24 90 87]	[ 8  8 90 90]
[24 24 90 87]	[ 8  1 90 87]
[24 24 90 87]	[ 1  1 87 92]
[24 24 90 87]	[ 1  1 92 89]
[24 24 90 87]	[ 1  1 89 85]
[24 24 90 87]	[ 1  8 85 89]
[24 24 90 87]	[ 8  8 89 87]
[24 24 90 87]	[ 8  8 87 84]
[24 24 90 87]	[ 8  8 84 80]
[24 24 90 87]	[ 8  1 80 77]
[24 24 90 87]	[ 1  1 77 73]
[24 24 90 87]	[ 1  1 73 85]
[24 24 90 87]	[ 1  1 85 85]
[24 24 90 87]	[ 1  1 85 84]
[24 24 90 87]	[ 1  8 84 85]
[24 24 90 87]	[ 8  8 85 87]
[24 24 90 87]	[ 8  8 87 84]
[24 24 90 87]	[ 8  8 84 80]
[24 24 90 87]	[ 8  1 80 84]
[24 24 90 87]	[ 1  1 84 85]
[24 24 90 87]	[ 1  1 85 85]
[24 24 90 87]	[ 1  1 85 87]
[24 24 90 87]	[ 1  1 87 89]
[24 24 90 87]	[ 1  1 89 90]
[24 24 90 87]	[ 1  1 90 92]
[24 24 90 87]	[ 1  1 92 89]
[24 24 90 87]	[ 1  1 89 87]
[24 24 90 87]	[ 1  1 87 85]
[24 24 90 87]	[ 1  1 85 84]
[24 24 90 87]	[ 1  8 84 82]
[24 24 90 87]	[ 8  8 82 80]
[24 24 90 87]	[ 8  8 80 80]
[24 24 90 87]	[ 8  1 80 82]
[24 24 90 87]	[ 1  1 82 80]
[24 24 90 87]	[ 1  1 80 78]
[24 24 90 87]	[ 1  1 78 77]
[24 24 90 87]	[ 1  8 77 75]
[24 24 90 87]	[ 8  8 75 80]
[24 24 90 87]	[ 8  8 80 80]
[24 24 90 87]	[ 8  8 80 80]
[24 24 90 87]	[ 8  8 80 89]
[24 24 90 87]	[ 8  8 89 89]
[24 24 90 87]	[ 8  1 89 90]
[24 24 90 87]	[ 1  1 90 92]
[24 24 90 87]	[ 1  1 92 90]
[24 24 90 87]	[ 1  1 90 89]
[24 24 90 87]	[ 1  1 89 87]
[24 24 90 87]	[ 1  1 87 85]
[24 24 90 87]	[ 1  1 85 84]
[24 24 90 87]	[ 1  1 84 82]
[24 24 90 87]	[ 1  6 82 80]
[24 24 90 87]	[ 6  6 80 82]
[24 24 90 87]	[ 6  6 82 82]
[24 24 90 87]	[ 6  6 82 78]
[24 24 90 87]	[ 6  6 78 78]
[24 24 90 87]	[ 6  6 78 90]
[24 24 90 87]	[ 6 15 90 92]
[24 24 90 87]	[15 15 92 94]
[24 24 90 87]	[15 15 94 92]
[24 24 90 87]	[15 15 92 90]
[24 24 90 87]	[15 15 90 89]
[24 24 90 87]	[15 15 89 90]
[24 24 90 87]	[15 15 90 89]
[24 24 90 87]	[15 15 89 87]
[24 24 90 87]	[15  8 87 85]
[24 24 90 87]	[ 8  8 85 84]
[24 24 90 87]	[ 8  8 84 84]
[24 24 90 87]	[ 8  8 84 80]
[24 24 90 87]	[ 8  8 80 80]
[24 24 90 87]	[ 8  8 80 89]
[24 24 90 87]	[ 8  1 89 90]
[24 24 90 87]	[ 1  1 90 92]
[24 24 90 87]	[ 1  1 92 89]
[24 24 90 87]	[ 1  1 89 92]
[24 24 90 87]	[ 1  6 92 89]
[24 24 90 87]	[ 6  6 89 90]
[24 24 90 87]	[ 6  6 90 94]
[24 24 90 87]	[ 6  6 94 90]
[24 24 90 87]	[ 6  1 90 94]
[24 24 90 87]	[ 1  1 94 92]
[24 24 90 87]	[ 1  1 92 89]
[24 24 90 87]	[ 1  1 89 92]
[24 24 90 87]	[ 1  6 92 89]
[24 24 90 87]	[ 6  6 89 90]
[24 24 90 87]	[ 6  6 90 94]
[24 24 90 87]	[ 6  6 94 90]
[24 24 90 87]	[ 6  1 90 94]
[24 24 90 87]	[ 1  1 94 92]
[24 24 90 87]	[ 1  1 92 89]
[24 24 90 87]	[ 1  1 89 85]
[24 24 90 87]	[ 1  8 85 89]
[24 24 90 87]	[ 8  8 89 90]
[24 24 90 87]	[ 8  8 90 87]
[24 24 90 87]	[ 8  8 87 84]
[24 24 90 87]	[ 8  1 84 87]
[24 24 90 87]	[ 1  1 87 85]
[24 24 90 87]	[ 1  1 85 85]
[24 24 90 87]	[ 1  1 85 85]
[24 24 90 87]	[ 1  1 85 85]
[24 24 90 87]	[ 1  8 85 85]
[24 24 90 87]	[ 8  8 85 85]
[-1 -1 -1 -1]	[ 8  8 85 82]
[24 24 90 87]	[ 8  8 82 80]
[24 24 90 87]	[ 8 13 80 77]
[24 24 90 87]	[13 13 77 68]
[24 24 90 87]	[13 13 68 73]
[24 24 90 87]	[13 13 73 75]
[24 24 90 87]	[13 13 75 76]
[24 24 90 87]	[13 13 76 75]
[24 24 90 87]	[13 10 75 73]
[24 24 90 87]	[10 10 73 69]
[24 24 90 87]	[10 10 69 73]
[24 24 90 87]	[10 10 73 75]
[24 24 90 87]	[10 10 75 76]
[24 24 90 87]	[10 10 76 75]
[24 24 90 87]	[10  6 75 73]
[24 24 90 87]	[ 6  6 73 70]
[24 24 90 87]	[ 6  6 70 73]
[24 24 90 87]	[ 6  6 73 75]
[24 24 90 87]	[ 6  6 75 76]
[24 24 90 87]	[ 6  6 76 75]
[24 24 90 87]	[ 6 12 75 73]
[24 24 90 87]	[12 12 73 75]
[24 24 90 87]	[12 12 75 75]
[24 24 90 87]	[12 12 75 76]
[24 24 90 87]	[12 12 76 78]
[24 24 90 87]	[12 12 78 75]
[24 24 90 87]	[12 12 75 71]
[24 24 90 87]	[12 12 71 73]
[24 24 90 87]	[12 13 73 75]
[24 24 90 87]	[13 13 75 68]
[24 24 90 87]	[13 13 68 73]
[24 24 90 87]	[13 13 73 75]
[24 24 90 87]	[13 13 75 76]
[24 24 90 87]	[13 13 76 75]
[24 24 90 87]	[13 10 75 73]
[24 24 90 87]	[10 10 73 69]
[24 24 90 87]	[10 10 69 73]
[24 24 90 87]	[10 10 73 75]
[24 24 90 87]	[10 10 75 76]
[24 24 90 87]	[10 10 76 75]
[24 24 90 87]	[10 12 75 73]
[24 24 90 87]	[12 12 73 75]
[24 24 90 87]	[12 12 75 75]
[24 24 90 87]	[12 12 75 76]
[24 24 90 87]	[12 12 76 78]
[24 24 90 87]	[12 12 78 75]
[24 24 90 87]	[12 12 75 71]
[24 24 90 87]	[12 12 71 75]
[24 24 90 87]	[12 20 75 78]
[24 24 90 87]	[20 20 78 78]
[24 24 90 87]	[20 20 78 76]
[24 24 90 87]	[20 13 76 75]
[24 24 90 87]	[13 13 75 73]
[24 24 90 87]	[13 13 73  0]
[24 24 90 87]	[13 13  0 73]
[24 24 90 87]	[13 13 73 76]
[24 24 90 87]	[13 13 76 80]
[24 24 90 87]	[13 13 80 85]
[24 24 90 87]	[13 13 85 80]
[24 24 90 87]	[13 18 80 76]
[24 24 90 87]	[18 18 76 78]
[24 24 90 87]	[18 18 78 80]
[24 24 90 87]	[18 18 80 81]
[24 24 90 87]	[18 18 81 80]
[24 24 90 87]	[18 18 80 76]
[24 24 90 87]	[18 10 76 73]
[24 24 90 87]	[10 10 73 69]
[24 24 90 87]	[10 10 69 73]
[24 24 90 87]	[10 10 73 76]
[24 24 90 87]	[10 10 76 68]
[24 24 90 87]	[10 10 68 73]
[24 24 90 87]	[10  8 73 76]
[24 24 90 87]	[ 8  8 76 76]
[24 24 90 87]	[ 8  8 76 75]
[24 24 90 87]	[ 8  8 75 73]
[24 24 90 87]	[ 8  8 73 72]
[24 24 90 87]	[ 8  8 72 73]
[24 24 90 87]	[ 8 13 73 75]
[24 24 90 87]	[13 13 75 73]
[24 24 90 87]	[13 13 73 76]
[24 24 90 87]	[13 13 76 80]
[24 24 90 87]	[13 13 80 85]
[24 24 90 87]	[13 13 85 80]
[24 24 90 87]	[13 18 80 76]
[24 24 90 87]	[18 18 76 78]
[24 24 90 87]	[18 18 78 80]
[24 24 90 87]	[18 18 80 81]
[24 24 90 87]	[18 18 81 80]
[24 24 90 87]	[18 18 80 76]
[24 24 90 87]	[18 10 76 73]
[24 24 90 87]	[10 10 73 69]
[24 24 90 87]	[10 10 69 73]
[24 24 90 87]	[10 10 73 76]
[24 24 90 87]	[10 10 76 68]
[24 24 90 87]	[10 10 68 73]
[24 24 90 87]	[10  8 73 76]
[24 24 90 87]	[ 8  8 76 75]
[24 24 90 87]	[ 8  8 75 73]
[24 24 90 87]	[ 8 13 73 72]
[24 24 90 87]	[13 13 72 73]
[24 24 90 87]	[13 13 73 68]
[24 24 90 87]	[13 13 68 73]
[24 24 90 87]	[13 13 73 75]
[24 24 90 87]	[13 13 75 76]
[24 24 90 87]	[13 13 76 75]
[24 24 90 87]	[13 10 75 73]
[24 24 90 87]	[10 10 73 69]
[24 24 90 87]	[10 10 69 73]
[24 24 90 87]	[10 10 73 75]
[24 24 90 87]	[10 10 75 76]
[24 24 90 87]	[10 10 76 75]
[24 24 90 87]	[10  6 75 73]
[24 24 90 87]	[ 6  6 73 70]
[24 24 90 87]	[ 6  6 70 73]
[24 24 90 87]	[ 6  6 73 75]
[24 24 90 87]	[ 6  6 75 76]
[24 24 90 87]	[ 6  6 76 75]
[24 24 90 87]	[ 6 12 75 73]
[24 24 90 87]	[12 12 73 75]
[24 24 90 87]	[12 12 75 75]
[24 24 90 87]	[12 12 75 76]
[24 24 90 87]	[12 12 76 78]
[24 24 90 87]	[12 12 78 75]
[24 24 90 87]	[12 12 75 71]
[24 24 90 87]	[12 12 71 73]
[24 24 90 87]	[12 13 73 75]
[24 24 90 87]	[13 13 75 68]
[24 24 90 87]	[13 13 68 73]
[24 24 90 87]	[13 13 73 75]
[24 24 90 87]	[13 13 75 76]
[24 24 90 87]	[13 13 76 75]
[24 24 90 87]	[13 10 75 73]
[24 24 90 87]	[10 10 73 69]
[24 24 90 87]	[10 10 69 73]
[24 24 90 87]	[10 10 73 75]
[24 24 90 87]	[10 10 75 76]
[24 24 90 87]	[10 10 76 75]
[24 24 90 87]	[10 12 75 73]
[24 24 90 87]	[12 12 73 75]
[24 24 90 87]	[12 12 75 75]
[24 24 90 87]	[12 12 75 76]
[24 24 90 87]	[12 12 76 78]
[24 24 90 87]	[12 12 78 75]
[24 24 90 87]	[12 12 75 71]
[24 24 90 87]	[12 12 71 75]
[24 24 90 87]	[12 20 75 78]
[24 24 90 87]	[20 20 78 78]
[24 24 90 87]	[20 20 78 76]
[24 24 90 87]	[20 13 76 75]
[24 24 90 87]	[13 13 75 73]
[24 24 90 87]	[13 13 73  0]
[24 24 90 87]	[13 13  0 80]
[24 24 90 87]	[13 13 80 85]
[24 24 90 87]	[13 13 85 88]
[24 24 90 87]	[13 13 88 92]
[24 24 90 87]	[13 13 92 88]
[24 24 90 87]	[13 18 88 92]
[24 24 90 87]	[18 18 92 93]
[24 24 90 87]	[18 18 93 92]
[24 24 90 87]	[18 18 92 90]
[24 24 90 87]	[18 18 90 92]
[24 24 90 87]	[18 18 92 88]
[24 24 90 87]	[18 10 88 85]
[24 24 90 87]	[10 10 85 81]
[24 24 90 87]	[10 10 81 85]
[24 24 90 87]	[10 10 85 88]
[24 24 90 87]	[10 10 88 80]
[24 24 90 87]	[10 10 80 85]
[24 24 90 87]	[10  8 85 88]
[24 24 90 87]	[ 8  8 88 88]
[24 24 90 87]	[ 8  8 88 87]
[24 24 90 87]	[ 8  8 87 85]
[24 24 90 87]	[ 8  8 85 84]
[24 24 90 87]	[ 8  8 84 85]
[24 24 90 87]	[ 8 13 85 87]
[24 24 90 87]	[13 13 87 80]
[24 24 90 87]	[13 13 80 85]
[24 24 90 87]	[13 13 85 88]
[24 24 90 87]	[13 13 88 92]
[24 24 90 87]	[13 18 92 92]
[24 24 90 87]	[18 18 92 93]
[24 24 90 87]	[18 18 93 92]
[24 24 90 87]	[18 18 92 90]
[24 24 90 87]	[18 18 90 92]
[24 24 90 87]	[18 18 92 88]
[24 24 90 87]	[18 10 88 85]
[24 24 90 87]	[10 10 85 81]
[24 24 90 87]	[10 10 81 85]
[24 24 90 87]	[10 10 85 88]
[24 24 90 87]	[10 10 88 80]
[24 24 90 87]	[10 10 80 85]
[24 24 90 87]	[10  8 85 88]
[24 24 90 87]	[ 8  8 88 87]
[24 24 90 87]	[ 8  8 87 85]
[24 24 90 87]	[ 8  8 85 84]
[24 24 90 87]	[ 8  8 84 85]
[24 24 90 87]	[ 8 13 85 85]
[24 24 90 87]	[13 13 85 80]
[24 24 90 87]	[13 13 80 85]
[24 24 90 87]	[13 13 85 88]
[24 24 90 87]	[13 13 88 92]
[24 24 90 87]	[13 13 92 88]
[24 24 90 87]	[13 18 88 92]
[24 24 90 87]	[18 18 92 93]
[24 24 90 87]	[18 18 93 92]
[24 24 90 87]	[18 18 92 90]
[24 24 90 87]	[18 18 90 92]
[24 24 90 87]	[18 18 92 88]
[24 24 90 87]	[18 10 88 85]
[24 24 90 87]	[10 10 85 81]
[24 24 90 87]	[10 10 81 85]
[24 24 90 87]	[10 10 85 88]
[24 24 90 87]	[10 10 88 80]
[24 24 90 87]	[10 10 80 85]
[24 24 90 87]	[10  8 85 88]
[24 24 90 87]	[ 8  8 88 88]
[24 24 90 87]	[ 8  8 88 87]
[24 24 90 87]	[ 8  8 87 85]
[24 24 90 87]	[ 8  8 85 84]
[24 24 90 87]	[ 8  8 84 85]
[24 24 90 87]	[ 8 13 85 87]
[24 24 90 87]	[13 13 87 80]
[24 24 90 87]	[13 13 80 85]
[24 24 90 87]	[13 13 85 87]
[24 24 90 87]	[13 13 87 88]
[24 24 90 87]	[13 13 88 87]
[24 24 90 87]	[13 10 87 85]
[24 24 90 87]	[10 10 85 81]
[24 24 90 87]	[10 10 81 85]
[24 24 90 87]	[10 10 85 87]
[24 24 90 87]	[10 10 87 88]
[24 24 90 87]	[10 10 88 87]
[24 24 90 87]	[10 12 87 85]
[24 24 90 87]	[12 12 85 87]
[24 24 90 87]	[12 12 87 90]
[24 24 90 87]	[12 12 90 87]
[24 24 90 87]	[12 12 87 83]
[24 24 90 87]	[12 12 83 87]
[24 24 90 87]	[12 20 87 90]
[24 24 90 87]	[20 20 90 90]
[-1 -1 -1 -1]	[20 20 90 88]
[24 24 90 87]	[20 13 88 87]
[24 24 90 87]	[13  1 87 85]
[24 24 90 87]	[ 1  1 85 75]
[24 24 90 87]	[ 1  1 75 77]
[24 24 90 87]	[ 1  1 77 75]
[24 24 90 87]	[ 1  1 75 75]
[24 24 90 87]	[ 1  1 75 77]
[24 24 90 87]	[ 1  1 77 80]
[24 24 90 87]	[ 1  1 80 82]
[24 24 90 87]	[ 1  1 82 80]
[24 24 90 87]	[ 1  1 80 77]
[24 24 90 87]	[ 1  1 77 75]
[24 24 90 87]	[ 1  6 75 68]
[24 24 90 87]	[ 6  6 68 73]
[24 24 90 87]	[ 6  6 73 77]
[24 24 90 87]	[ 6  6 77 75]
[24 24 90 87]	[ 6  6 75 77]
[24 24 90 87]	[ 6  6 77 77]
[24 24 90 87]	[ 6  1 77 75]
[24 24 90 87]	[ 1  1 75 77]
[24 24 90 87]	[ 1  1 77 73]
[24 24 90 87]	[ 1  1 73 73]
[24 24 90 87]	[ 1  1 73 68]
[24 24 90 87]	[ 1  1 68 73]
[24 24 90 87]	[ 1  1 73 77]
[24 24 90 87]	[ 1  1 77 75]
[24 24 90 87]	[ 1  1 75 75]
[24 24 90 87]	[ 1  1 75 77]
[24 24 90 87]	[ 1  1 77 80]
[24 24 90 87]	[ 1  1 80 82]
[24 24 90 87]	[ 1  1 82 80]
[24 24 90 87]	[ 1  1 80 77]
[24 24 90 87]	[ 1  1 77 75]
[24 24 90 87]	[ 1  6 75 68]
[24 24 90 87]	[ 6  6 68 73]
[24 24 90 87]	[ 6  6 73 77]
[24 24 90 87]	[ 6  6 77 75]
[24 24 90 87]	[ 6  6 75 77]
[24 24 90 87]	[ 6  6 77 77]
[24 24 90 87]	[ 6  1 77 75]
[24 24 90 87]	[ 1  1 75 77]
[24 24 90 87]	[ 1  1 77 73]
[24 24 90 87]	[ 1  1 73 73]
[24 24 90 87]	[ 1  6 73 68]
[24 24 90 87]	[ 6  6 68 82]
[24 24 90 87]	[ 6  6 82 78]
[24 24 90 87]	[ 6  6 78 82]
[24 24 90 87]	[ 6  6 82 85]
[24 24 90 87]	[ 6  6 85 82]
[24 24 90 87]	[ 6  6 82 85]
[24 24 90 87]	[ 6  6 85 82]
[24 24 90 87]	[ 6  6 82 82]
[24 24 90 87]	[ 6  6 82 80]
[24 24 90 87]	[ 6  1 80 77]
[24 24 90 87]	[ 1  1 77 80]
[24 24 90 87]	[ 1  1 80 80]
[24 24 90 87]	[ 1  1 80 80]
[24 24 90 87]	[ 1  1 80 85]
[24 24 90 87]	[ 1  1 85 80]
[24 24 90 87]	[ 1  1 80 80]
[24 24 90 87]	[ 1  1 80 77]
[24 24 90 87]	[ 1  6 77 73]
[24 24 90 87]	[ 6  6 73 78]
[24 24 90 87]	[ 6  6 78 80]
[24 24 90 87]	[ 6  6 80 82]
[24 24 90 87]	[ 6  1 82 78]
[24 24 90 87]	[ 1  1 78 82]
[24 24 90 87]	[ 1  1 82 82]
[24 24 90 87]	[ 1  1 82 84]
[24 24 90 87]	[ 1  1 84 85]
[24 24 90 87]	[ 1  1 85 73]
[24 24 90 87]	[ 1  1 73 75]
[24 24 90 87]	[ 1  6 75 68]
[24 24 90 87]	[ 6  6 68 73]
[24 24 90 87]	[ 6  6 73 77]
[24 24 90 87]	[ 6  6 77 75]
[24 24 90 87]	[ 6  6 75 77]
[24 24 90 87]	[ 6  6 77 77]
[24 24 90 87]	[ 6  1 77 75]
[24 24 90 87]	[ 1  1 75 77]
[24 24 90 87]	[ 1  1 77 73]
[24 24 90 87]	[ 1 15 73 73]
[24 24 90 87]	[15 15 73 73]
[24 24 90 87]	[15 15 73 85]
[24 24 90 87]	[15  1 85 85]
[24 24 90 87]	[ 1  1 85 77]
[24 24 90 87]	[ 1 15 77 73]
[-1 -1 -1 -1]	[15 15 73 73]
[24 24 90 87]	[15 15 73 73]
[24 24 90 87]	[15 13 73 68]
[24 24 90 87]	[13 13 68 80]
[24 24 90 87]	[13 13 80 78]
[24 24 90 87]	[13 13 78 76]
[24 24 90 87]	[13 13 76 75]
[24 24 90 87]	[13 13 75 76]
[24 24 90 87]	[13 13 76 73]
[24 24 90 87]	[13 13 73 73]
[24 24 90 87]	[13 13 73 76]
[24 24 90 87]	[13 13 76 73]
[24 24 90 87]	[13 13 73 80]
[24 24 90 87]	[13 13 80 73]
[24 24 90 87]	[13 13 73 76]
[24 24 90 87]	[13 13 76 73]
[24 24 90 87]	[13 13 73 73]
[24 24 90 87]	[13 13 73 80]
[24 24 90 87]	[13 13 80 78]
[24 24 90 87]	[13 13 78 76]
[24 24 90 87]	[13 13 76 75]
[24 24 90 87]	[13 13 75 76]
[24 24 90 87]	[13 13 76 73]
[24 24 90 87]	[13 12 73 73]
[24 24 90 87]	[12 12 73 75]
[24 24 90 87]	[12 12 75 71]
[24 24 90 87]	[12 12 71 78]
[24 24 90 87]	[12 12 78 76]
[24 24 90 87]	[12 12 76 75]
[24 24 90 87]	[12 12 75 71]
[24 24 90 87]	[12 13 71 71]
[24 24 90 87]	[13 13 71 80]
[24 24 90 87]	[13 13 80 78]
[24 24 90 87]	[13 13 78 76]
[24 24 90 87]	[13 13 76 75]
[24 24 90 87]	[13 13 75 76]
[24 24 90 87]	[13 13 76 73]
[24 24 90 87]	[13 13 73 73]
[24 24 90 87]	[13 13 73 76]
[24 24 90 87]	[13 13 76 73]
[24 24 90 87]	[13 13 73 80]
[24 24 90 87]	[13 13 80 73]
[24 24 90 87]	[13 13 73 76]
[24 24 90 87]	[13 13 76 73]
[24 24 90 87]	[13  5 73 73]
[24 24 90 87]	[ 5  5 73 80]
[24 24 90 87]	[ 5  5 80 78]
[24 24 90 87]	[ 5  5 78 76]
[24 24 90 87]	[ 5  5 76 75]
[24 24 90 87]	[ 5  5 75 76]
[24 24 90 87]	[ 5  5 76 78]
[24 24 90 87]	[ 5  5 78 80]
[24 24 90 87]	[ 5 12 80 82]
[24 24 90 87]	[12 12 82 83]
[24 24 90 87]	[12 12 83 80]
[24 24 90 87]	[12 12 80 78]
[24 24 90 87]	[12 12 78 76]
[24 24 90 87]	[12 12 76 75]
[24 24 90 87]	[12 12 75 71]
[24 24 90 87]	[12 12 71 71]
[24 24 90 87]	[12 12 71 83]
[24 24 90 87]	[12 12 83 83]
[24 24 90 87]	[12 12 83 85]
[24 24 90 87]	[12 12 85 87]
[24 24 90 87]	[12  6 87 88]
[24 24 90 87]	[ 6  6 88 87]
[24 24 90 87]	[ 6  6 87 83]
[24 24 90 87]	[ 6  6 83 85]
[24 24 90 87]	[ 6 12 85 82]
[24 24 90 87]	[12 12 82 83]
[24 24 90 87]	[12 12 83 83]
[24 24 90 87]	[12 12 83 85]
[24 24 90 87]	[12 12 85 87]
[24 24 90 87]	[12 20 87 88]
[24 24 90 87]	[20 20 88 87]
[24 24 90 87]	[20 20 87 80]
[24 24 90 87]	[20 12 80 80]
[24 24 90 87]	[12 12 80 83]
[24 24 90 87]	[12 12 83 83]
[24 24 90 87]	[12 12 83 85]
[24 24 90 87]	[12 12 85 87]
[24 24 90 87]	[12  6 87 88]
[24 24 90 87]	[ 6  6 88 87]
[24 24 90 87]	[ 6  6 87 83]
[24 24 90 87]	[ 6  6 83 85]
[24 24 90 87]	[ 6  6 85 82]
[24 24 90 87]	[ 6  6 82 83]
[24 24 90 87]	[ 6  6 83 80]
[24 24 90 87]	[ 6  6 80 78]
[24 24 90 87]	[ 6 12 78 76]
[24 24 90 87]	[12 12 76 75]
[24 24 90 87]	[12 12 75 71]
[24 24 90 87]	[12 12 71 71]
[24 24 90 87]	[12 12 71 83]
[24 24 90 87]	[12 12 83 83]
[24 24 90 87]	[12 12 83 85]
[24 24 90 87]	[12 12 85 87]
[24 24 90 87]	[12  5 87 88]
[24 24 90 87]	[ 5  5 88 87]
[24 24 90 87]	[ 5  5 87 83]
[24 24 90 87]	[ 5  5 83 85]
[24 24 90 87]	[ 5 12 85 82]
[24 24 90 87]	[12 12 82 83]
[24 24 90 87]	[12 12 83 87]
[24 24 90 87]	[12 12 87 90]
[24 24 90 87]	[12  6 90 87]
[24 24 90 87]	[ 6  6 87 88]
[24 24 90 87]	[ 6  6 88 87]
[24 24 90 87]	[ 6 12 87 88]
[24 24 90 87]	[12 12 88 90]
[24 24 90 87]	[12 12 90 87]
[24 24 90 87]	[12 12 87 88]
[24 24 90 87]	[12 12 88 87]
[24 24 90 87]	[12  5 87 85]
[24 24 90 87]	[ 5  5 85 87]
[24 24 90 87]	[ 5  5 87 83]
[24 24 90 87]	[ 5  5 83 85]
[24 24 90 87]	[ 5  6 85 82]
[24 24 90 87]	[ 6  6 82 83]
[24 24 90 87]	[ 6  6 83 80]
[24 24 90 87]	[ 6  6 80 78]
[24 24 90 87]	[ 6 12 78 76]
[24 24 90 87]	[12 12 76 75]
[24 24 90 87]	[12 12 75 71]
[24 24 90 87]	[12 12 71 71]
[24 24 90 87]	[12 12 71 75]
[24 24 90 87]	[12 12 75 78]
[24 24 90 87]	[12 12 78 83]
[24 24 90 87]	[12 12 83 78]
[24 24 90 87]	[12 12 78 75]
[24 24 90 87]	[12 12 75 78]
[24 24 90 87]	[12 12 78 83]
[24 24 90 87]	[12 12 83 78]
[24 24 90 87]	[12 12 78 75]
[24 24 90 87]	[12 12 75 78]
[24 24 90 87]	[12 12 78 83]
[24 24 90 87]	[12  6 83 78]
[24 24 90 87]	[ 6  6 78 75]
[24 24 90 87]	[ 6  6 75 73]
[24 24 90 87]	[ 6 12 73 73]
[24 24 90 87]	[12 12 73 75]
[24 24 90 87]	[12 12 75 78]
[24 24 90 87]	[12 12 78 83]
[24 24 90 87]	[12  5 83 78]
[24 24 90 87]	[ 5  5 78 80]
[24 24 90 87]	[ 5  5 80 78]
[24 24 90 87]	[ 5  5 78 80]
[24 24 90 87]	[ 5  6 80 82]
[24 24 90 87]	[ 6  6 82 83]
[24 24 90 87]	[ 6  6 83 80]
[24 24 90 87]	[ 6  6 80 78]
[24 24 90 87]	[ 6 12 78 76]
[24 24 90 87]	[12 12 76 75]
[24 24 90 87]	[12 12 75 71]
[24 24 90 87]	[12 12 71 71]
[24 24 90 87]	[12 12 71 75]
[24 24 90 87]	[12 12 75 78]
[24 24 90 87]	[12 12 78 83]
[24 24 90 87]	[12 12 83 78]
[24 24 90 87]	[12 12 78 75]
[24 24 90 87]	[12 12 75 78]
[24 24 90 87]	[12 12 78 83]
[24 24 90 87]	[12 12 83 78]
[24 24 90 87]	[12 12 78 75]
[24 24 90 87]	[12 12 75 78]
[24 24 90 87]	[12 12 78 83]
[24 24 90 87]	[12  6 83 85]
[24 24 90 87]	[ 6  6 85 87]
[24 24 90 87]	[ 6  6 87 85]
[24 24 90 87]	[ 6  5 85 85]
[24 24 90 87]	[ 5  5 85 87]
[24 24 90 87]	[ 5  5 87 83]
[24 24 90 87]	[ 5  5 83 85]
[24 24 90 87]	[ 5  5 85 82]
[24 24 90 87]	[ 5  5 82 83]
[24 24 90 87]	[ 5  5 83 80]
[24 24 90 87]	[ 5  5 80 78]
[24 24 90 87]	[ 5  6 78 75]
[24 24 90 87]	[ 6  6 75 76]
[24 24 90 87]	[ 6  6 76 80]
[24 24 90 87]	[ 6  6 80 78]
[-1 -1 -1 -1]	[ 6 12 78 76]
[24 24 90 87]	[12 12 76 75]
[24 24 90 87]	[12 -1 75 71]
[24 24 90 87]	[-1 -1 71 85]
[24 24 90 87]	[-1  1 85 82]
[24 24 90 87]	[ 1  1 82 80]
[24 24 90 87]	[ 1  1 80 73]
[24 24 90 87]	[ 1  1 73 78]
[24 24 90 87]	[ 1  1 78 77]
[24 24 90 87]	[ 1  1 77 75]
[24 24 90 87]	[ 1  1 75 73]
[24 24 90 87]	[ 1  1 73 80]
[24 24 90 87]	[ 1  1 80 73]
[24 24 90 87]	[ 1  1 73 78]
[24 24 90 87]	[ 1  1 78 77]
[24 24 90 87]	[ 1  1 77 75]
[24 24 90 87]	[ 1 15 75 73]
[24 24 90 87]	[15 15 73 82]
[24 24 90 87]	[15 15 82 75]
[24 24 90 87]	[15 15 75 75]
[24 24 90 87]	[15 15 75 77]
[24 24 90 87]	[15 15 77 78]
[24 24 90 87]	[15 15 78 80]
[24 24 90 87]	[15 15 80 82]
[24 24 90 87]	[15  8 82 75]
[24 24 90 87]	[ 8  8 75 75]
[24 24 90 87]	[ 8  8 75 77]
[24 24 90 87]	[ 8  1 77 78]
[24 24 90 87]	[ 1  1 78 80]
[24 24 90 87]	[ 1  1 80 78]
[24 24 90 87]	[ 1  6 78 77]
[24 24 90 87]	[ 6  6 77 85]
[24 24 90 87]	[ 6  6 85 84]
[24 24 90 87]	[ 6  1 84 82]
[24 24 90 87]	[ 1  1 82 82]
[24 24 90 87]	[ 1  1 82 80]
[24 24 90 87]	[ 1  1 80 78]
[24 24 90 87]	[ 1  1 78 77]
[24 24 90 87]	[ 1  1 77 78]
[24 24 90 87]	[ 1  1 78 77]
[24 24 90 87]	[ 1  1 77 75]
[24 24 90 87]	[ 1  1 75 73]
[24 24 90 87]	[ 1  1 73 77]
[24 24 90 87]	[ 1  1 77 75]
[24 24 90 87]	[ 1  1 75 73]
[24 24 90 87]	[ 1  8 73 70]
[24 24 90 87]	[ 8  8 70 68]
[24 24 90 87]	[ 8  8 68 70]
[24 24 90 87]	[ 8  8 70 73]
[24 24 90 87]	[ 8  1 73 75]
[24 24 90 87]	[ 1  1 75 77]
[24 24 90 87]	[ 1  1 77 73]
[24 24 90 87]	[ 1  1 73 73]
[24 24 90 87]	[ 1  1 73 85]
[24 24 90 87]	[ 1  1 85 87]
[24 24 90 87]	[ 1  1 87 89]
[24 24 90 87]	[ 1  1 89 85]
[24 24 90 87]	[ 1  8 85 89]
[24 24 90 87]	[ 8  8 89 87]
[24 24 90 87]	[ 8  8 87 84]
[24 24 90 87]	[ 8 22 84 87]
[24 24 90 87]	[22 22 87 85]
[24 24 90 87]	[22 22 85 82]
[24 24 90 87]	[22 22 82 85]
[24 24 90 87]	[22 22 85 82]
[24 24 90 87]	[22 22 82 80]
[24 24 90 87]	[22 22 80 78]
[24 24 90 87]	[22 15 78 77]
[24 24 90 87]	[15 15 77 82]
[24 24 90 87]	[15 15 82 75]
[24 24 90 87]	[15 15 75 75]
[24 24 90 87]	[15 15 75 77]
[24 24 90 87]	[15 15 77 78]
[24 24 90 87]	[15  8 78 80]
[24 24 90 87]	[ 8  8 80 82]
[24 24 90 87]	[ 8  8 82 75]
[24 24 90 87]	[ 8  8 75 75]
[24 24 90 87]	[ 8  8 75 85]
[24 24 90 87]	[ 8  1 85 87]
[24 24 90 87]	[ 1  1 87 89]
[24 24 90 87]	[ 1  1 89 85]
[24 24 90 87]	[ 1  8 85 89]
[24 24 90 87]	[ 8  8 89 87]
[24 24 90 87]	[ 8  8 87 84]
[24 24 90 87]	[ 8 22 84 87]
[24 24 90 87]	[22 22 87 85]
[24 24 90 87]	[22 22 85 82]
[24 24 90 87]	[22 22 82 85]
[24 24 90 87]	[22 22 85 82]
[24 24 90 87]	[22 22 82 80]
[24 24 90 87]	[22 22 80 78]
[24 24 90 87]	[22 15 78 77]
[24 24 90 87]	[15 15 77 78]
[24 24 90 87]	[15 15 78 77]
[24 24 90 87]	[15 15 77 75]
[24 24 90 87]	[15  8 75 73]
[24 24 90 87]	[ 8  8 73 68]
[24 24 90 87]	[ 8  8 68 70]
[24 24 90 87]	[ 8  8 70 73]
[24 24 90 87]	[ 8  1 73 75]
[24 24 90 87]	[ 1  1 75 77]
[24 24 90 87]	[ 1  1 77 73]
[24 24 90 87]	[ 1  8 73 73]
[24 24 90 87]	[ 8  8 73 82]
[24 24 90 87]	[ 8  8 82 75]
[24 24 90 87]	[ 8  8 75 75]
[24 24 90 87]	[ 8  8 75 77]
[24 24 90 87]	[ 8  1 77 78]
[24 24 90 87]	[ 1  1 78 80]
[24 24 90 87]	[ 1  1 80 78]
[24 24 90 87]	[ 1  6 78 77]
[24 24 90 87]	[ 6  6 77 85]
[24 24 90 87]	[ 6  6 85 84]
[24 24 90 87]	[ 6  1 84 82]
[24 24 90 87]	[ 1  1 82 82]
[24 24 90 87]	[ 1  1 82 80]
[24 24 90 87]	[ 1  1 80 78]
[24 24 90 87]	[ 1  1 78 77]
[24 24 90 87]	[ 1  1 77 78]
[24 24 90 87]	[ 1  1 78 77]
[24 24 90 87]	[ 1  1 77 75]
[24 24 90 87]	[ 1  1 75 73]
[24 24 90 87]	[ 1  1 73 77]
[24 24 90 87]	[ 1  1 77 75]
[24 24 90 87]	[ 1  1 75 73]
[24 24 90 87]	[ 1  8 73 70]
[24 24 90 87]	[ 8  8 70 68]
[24 24 90 87]	[ 8  8 68 70]
[24 24 90 87]	[ 8  8 70 73]
[24 24 90 87]	[ 8  1 73 75]
[-1 -1 -1 -1]	[ 1  1 75 77]
[24 24 90 87]	[ 1  1 77 73]
[24 24 90 87]	[ 1 -1 73 73]
[24 24 90 87]	[-1 -1 73 73]
[24 24 90 87]	[-1 -1 73 77]
[24 24 90 87]	[-1  1 77 80]
[24 24 90 87]	[ 1  8 80 85]
[24 24 90 87]	[ 8  8 85 84]
[24 24 90 87]	[ 8  1 84 82]
[24 24 90 87]	[ 1  1 82 80]
[24 24 90 87]	[ 1  1 80 82]
[24 24 90 87]	[ 1  1 82 80]
[24 24 90 87]	[ 1  1 80 77]
[24 24 90 87]	[ 1 22 77 73]
[24 24 90 87]	[22  1 73 68]
[24 24 90 87]	[ 1  1 68 73]
[24 24 90 87]	[ 1  1 73 72]
[24 24 90 87]	[ 1  1 72 73]
[24 24 90 87]	[ 1 22 73 77]
[24 24 90 87]	[22 22 77 82]
[24 24 90 87]	[22  8 82 80]
[24 24 90 87]	[ 8  8 80 72]
[24 24 90 87]	[ 8  8 72 72]
[24 24 90 87]	[ 8  8 72 68]
[24 24 90 87]	[ 8  8 68 72]
[24 24 90 87]	[ 8  8 72 75]
[24 24 90 87]	[ 8 22 75 84]
[24 24 90 87]	[22  8 84 82]
[24 24 90 87]	[ 8  8 82 80]
[24 24 90 87]	[ 8  8 80 78]
[24 24 90 87]	[ 8  8 78 75]
[24 24 90 87]	[ 8  8 75 72]
[24 24 90 87]	[ 8  8 72 68]
[24 24 90 87]	[ 8  8 68 68]
[24 24 90 87]	[ 8  8 68 72]
[24 24 90 87]	[ 8  8 72 75]
[24 24 90 87]	[ 8  8 75 80]
[24 24 90 87]	[ 8  8 80 82]
[24 24 90 87]	[ 8  1 82 80]
[24 24 90 87]	[ 1  1 80 77]
[24 24 90 87]	[ 1  1 77 77]
[24 24 90 87]	[ 1  1 77 73]
[24 24 90 87]	[ 1  1 73 77]
[24 24 90 87]	[ 1  1 77 80]
[24 24 90 87]	[ 1  8 80 85]
[24 24 90 87]	[ 8  8 85 84]
[24 24 90 87]	[ 8  1 84 82]
[24 24 90 87]	[ 1  1 82 80]
[24 24 90 87]	[ 1  1 80 82]
[24 24 90 87]	[ 1  1 82 80]
[24 24 90 87]	[ 1  1 80 77]
[24 24 90 87]	[ 1 22 77 73]
[24 24 90 87]	[22  1 73 68]
[24 24 90 87]	[ 1  1 68 73]
[24 24 90 87]	[ 1  1 73 72]
[24 24 90 87]	[ 1  1 72 73]
[24 24 90 87]	[ 1 15 73 77]
[24 24 90 87]	[15 15 77 82]
[24 24 90 87]	[15  6 82 80]
[24 24 90 87]	[ 6  6 80 78]
[24 24 90 87]	[ 6  6 78 78]
[24 24 90 87]	[ 6  6 78 73]
[24 24 90 87]	[ 6 15 73 71]
[24 24 90 87]	[15 15 71 70]
[24 24 90 87]	[15 15 70 73]
[24 24 90 87]	[15 15 73 77]
[24 24 90 87]	[15 15 77 78]
[24 24 90 87]	[15  6 78 82]
[24 24 90 87]	[ 6  6 82 85]
[24 24 90 87]	[ 6  6 85 85]
[24 24 90 87]	[ 6  6 85 84]
[24 24 90 87]	[ 6  1 84 85]
[24 24 90 87]	[ 1  1 85 80]
[24 24 90 87]	[ 1  1 80 85]
[24 24 90 87]	[ 1  1 85 84]
[24 24 90 87]	[ 1 17 84 85]
[24 24 90 87]	[17 17 85 77]
[24 24 90 87]	[17 17 77 68]
[24 24 90 87]	[17  6 68 69]
[24 24 90 87]	[ 6  6 69 70]
[24 24 90 87]	[ 6  6 70 68]
[24 24 90 87]	[ 6  6 68 70]
[24 24 90 87]	[ 6  8 70 71]
[24 24 90 87]	[ 8  8 71 72]
[24 24 90 87]	[ 8  8 72 70]
[24 24 90 87]	[ 8  1 70 68]
[24 24 90 87]	[ 1  1 68 73]
[24 24 90 87]	[ 1  1 73 73]
[24 24 90 87]	[ 1  1 73 68]
[24 24 90 87]	[ 1  1 68 73]
[24 24 90 87]	[ 1  1 73 77]
[24 24 90 87]	[ 1  1 77 80]
[24 24 90 87]	[ 1  8 80 89]
[24 24 90 87]	[ 8  1 89 87]
[24 24 90 87]	[ 1  1 87 85]
[24 24 90 87]	[ 1  1 85 87]
[24 24 90 87]	[ 1  1 87 85]
[24 24 90 87]	[ 1  1 85 80]
[24 24 90 87]	[ 1 22 80 78]
[24 24 90 87]	[22  1 78 77]
[24 24 90 87]	[ 1  1 77 68]
[24 24 90 87]	[ 1  1 68 73]
[24 24 90 87]	[ 1  1 73 77]
[24 24 90 87]	[ 1 22 77 80]
[24 24 90 87]	[22 22 80 85]
[24 24 90 87]	[22 22 85 82]
[24 24 90 87]	[22  8 82 83]
[24 24 90 87]	[ 8  8 83 84]
[24 24 90 87]	[ 8  8 84 84]
[24 24 90 87]	[ 8 22 84 90]
[24 24 90 87]	[22  8 90 89]
[24 24 90 87]	[ 8  8 89 87]
[24 24 90 87]	[ 8  8 87 84]
[24 24 90 87]	[ 8  8 84 80]
[24 24 90 87]	[ 8  8 80 77]
[24 24 90 87]	[ 8  8 77 75]
[24 24 90 87]	[ 8  8 75 68]
[24 24 90 87]	[ 8  8 68 72]
[24 24 90 87]	[ 8  8 72 75]
[24 24 90 87]	[ 8  8 75 80]
[24 24 90 87]	[ 8  8 80 82]
[24 24 90 87]	[ 8  1 82 80]
[24 24 90 87]	[ 1  1 80 77]
[24 24 90 87]	[ 1  1 77 77]
[24 24 90 87]	[ 1  1 77 68]
[24 24 90 87]	[ 1  1 68 73]
[24 24 90 87]	[ 1  1 73 77]
[24 24 90 87]	[ 1  1 77 80]
[24 24 90 87]	[ 1  8 80 89]
[24 24 90 87]	[ 8  1 89 87]
[24 24 90 87]	[ 1  1 87 85]
[24 24 90 87]	[ 1  1 85 87]
[24 24 90 87]	[ 1  1 87 85]
[24 24 90 87]	[ 1  1 85 80]
[24 24 90 87]	[ 1 22 80 78]
[24 24 90 87]	[22  1 78 77]
[24 24 90 87]	[ 1  1 77 68]
[24 24 90 87]	[ 1  1 68 73]
[24 24 90 87]	[ 1  1 73 77]
[24 24 90 87]	[ 1 15 77 80]
[24 24 90 87]	[15 15 80 85]
[24 24 90 87]	[15 15 85 84]
[24 24 90 87]	[15  6 84 83]
[24 24 90 87]	[ 6  6 83 82]
[24 24 90 87]	[ 6  6 82 82]
[24 24 90 87]	[ 6  6 82 73]
[24 24 90 87]	[ 6  6 73 72]
[24 24 90 87]	[ 6 15 72 71]
[24 24 90 87]	[15 15 71 70]
[24 24 90 87]	[15 15 70 73]
[24 24 90 87]	[15 15 73 78]
[24 24 90 87]	[15 15 78 81]
[24 24 90 87]	[15  6 81 82]
[24 24 90 87]	[ 6  6 82 85]
[24 24 90 87]	[ 6  6 85 85]
[24 24 90 87]	[ 6  6 85 84]
[24 24 90 87]	[ 6  1 84 85]
[24 24 90 87]	[ 1  1 85 80]
[24 24 90 87]	[ 1  1 80 85]
[24 24 90 87]	[ 1  1 85 84]
[24 24 90 87]	[ 1 17 84 85]
[24 24 90 87]	[17 17 85 77]
[24 24 90 87]	[17 17 77 68]
[24 24 90 87]	[17  6 68 69]
[24 24 90 87]	[ 6  6 69 70]
[24 24 90 87]	[ 6  6 70 68]
[24 24 90 87]	[ 6  6 68 70]
[24 24 90 87]	[ 6  8 70 71]
[24 24 90 87]	[ 8  8 71 72]
[24 24 90 87]	[ 8  8 72 70]
[24 24 90 87]	[ 8  1 70 68]
[24 24 90 87]	[ 1  1 68 73]
[-1 -1 -1 -1]	[ 1  1 73 73]
[24 24 90 87]	[ 1  1 73  0]
[24 24 90 87]	[1 8 0 0]
[24 24 90 87]	[ 8  8  0 77]
[24 24 90 87]	[ 8  1 77 78]
[24 24 90 87]	[ 1  1 78 80]
[24 24 90 87]	[ 1  1 80 77]
[24 24 90 87]	[ 1  1 77 78]
[24 24 90 87]	[ 1  1 78 80]
[24 24 90 87]	[ 1  1 80 78]
[24 24 90 87]	[ 1  1 78 77]
[24 24 90 87]	[ 1  6 77 73]
[24 24 90 87]	[ 6  6 73 82]
[24 24 90 87]	[ 6  6 82 78]
[24 24 90 87]	[ 6  6 78 80]
[24 24 90 87]	[ 6  6 80 82]
[24 24 90 87]	[ 6  8 82 85]
[24 24 90 87]	[ 8  8 85 84]
[24 24 90 87]	[ 8  1 84 87]
[24 24 90 87]	[ 1  1 87 80]
[24 24 90 87]	[ 1  1 80 77]
[24 24 90 87]	[ 1 22 77 78]
[24 24 90 87]	[22 22 78 80]
[24 24 90 87]	[22 22 80 78]
[24 24 90 87]	[22 22 78 77]
[24 24 90 87]	[22 15 77 73]
[24 24 90 87]	[15 15 73 70]
[24 24 90 87]	[15 15 70 75]
[24 24 90 87]	[15 15 75 75]
[24 24 90 87]	[15 15 75 77]
[24 24 90 87]	[15  8 77 78]
[24 24 90 87]	[ 8  8 78 77]
[24 24 90 87]	[ 8  1 77 78]
[24 24 90 87]	[ 1  1 78 80]
[24 24 90 87]	[ 1  1 80 77]
[24 24 90 87]	[ 1  1 77 78]
[24 24 90 87]	[ 1  1 78 80]
[24 24 90 87]	[ 1  1 80 78]
[24 24 90 87]	[ 1  1 78 77]
[24 24 90 87]	[ 1  6 77 73]
[24 24 90 87]	[ 6  6 73 82]
[24 24 90 87]	[ 6  6 82 78]
[24 24 90 87]	[ 6  6 78 80]
[24 24 90 87]	[ 6  6 80 82]
[24 24 90 87]	[ 6  8 82 85]
[24 24 90 87]	[ 8  8 85 84]
[24 24 90 87]	[ 8  1 84 87]
[24 24 90 87]	[ 1  1 87 80]
[24 24 90 87]	[ 1  8 80 89]
[24 24 90 87]	[ 8  8 89 87]
[24 24 90 87]	[ 8 22 87 84]
[24 24 90 87]	[22 22 84 85]
[24 24 90 87]	[22 22 85 82]
[24 24 90 87]	[22 22 82 80]
[24 24 90 87]	[22 15 80 77]
[24 24 90 87]	[15 15 77 70]
[24 24 90 87]	[15 15 70 75]
[24 24 90 87]	[15 15 75 75]
[24 24 90 87]	[15  8 75 77]
[24 24 90 87]	[ 8  8 77 78]
[24 24 90 87]	[ 8  8 78 78]
[24 24 90 87]	[ 8  8 78 77]
[24 24 90 87]	[ 8  1 77 75]
[24 24 90 87]	[ 1  1 75 73]
[24 24 90 87]	[ 1  1 73 85]
[24 24 90 87]	[ 1 22 85 87]
[24 24 90 87]	[22 22 87 89]
[24 24 90 87]	[22 22 89 87]
[24 24 90 87]	[22 22 87 85]
[24 24 90 87]	[22  6 85 80]
[24 24 90 87]	[ 6  6 80 82]
[24 24 90 87]	[ 6  1 82 85]
[24 24 90 87]	[ 1  1 85 80]
[24 24 90 87]	[ 1 15 80 77]
[24 24 90 87]	[15 15 77 77]
[24 24 90 87]	[15  8 77 75]
[24 24 90 87]	[ 8  8 75 75]
[24 24 90 87]	[ 8  1 75 77]
[24 24 90 87]	[ 1  1 77 73]
[24 24 90 87]	[ 1  1 73 85]
[24 24 90 87]	[ 1 22 85 87]
[24 24 90 87]	[22 22 87 89]
[24 24 90 87]	[22 22 89 87]
[24 24 90 87]	[22 22 87 85]
[24 24 90 87]	[22 22 85 87]
[24 24 90 87]	[22  6 87 89]
[24 24 90 87]	[ 6  6 89 90]
[24 24 90 87]	[ 6  6 90 89]
[24 24 90 87]	[ 6  6 89 87]
[24 24 90 87]	[ 6 15 87 85]
[24 24 90 87]	[15 15 85 82]
[24 24 90 87]	[15  8 82 80]
[24 24 90 87]	[ 8  8 80 82]
[24 24 90 87]	[ 8  1 82 85]
[24 24 90 87]	[ 1  1 85 73]
[24 24 90 87]	[ 1  1 73 85]
[24 24 90 87]	[ 1 22 85 87]
[24 24 90 87]	[22 22 87 89]
[24 24 90 87]	[22 22 89 87]
[24 24 90 87]	[22 22 87 85]
[24 24 90 87]	[22  6 85 80]
[24 24 90 87]	[ 6  6 80 82]
[24 24 90 87]	[ 6  6 82 80]
[24 24 90 87]	[ 6  6 80 82]
[24 24 90 87]	[ 6  8 82 85]
[24 24 90 87]	[ 8  8 85 87]
[24 24 90 87]	[ 8  8 87 85]
[24 24 90 87]	[ 8  1 85 87]
[24 24 90 87]	[ 1  1 87 89]
[24 24 90 87]	[ 1  1 89 87]
[24 24 90 87]	[ 1  1 87 85]
[24 24 90 87]	[ 1 22 85 82]
[24 24 90 87]	[22 22 82 80]
[24 24 90 87]	[22 22 80 82]
[24 24 90 87]	[22 22 82 85]
[24 24 90 87]	[22 15 85 77]
[24 24 90 87]	[15 15 77 70]
[24 24 90 87]	[15 15 70 75]
[-1 -1 -1 -1]	[15 15 75 75]
[24 24 90 87]	[15  8 75 77]
[24 24 90 87]	[ 8  1 77 78]
[24 24 90 87]	[ 1  1 78 79]
[24 24 90 87]	[ 1  1 79 80]
[24 24 90 87]	[ 1  1 80 80]
[24 24 90 87]	[ 1  1 80 80]
[24 24 90 87]	[ 1  1 80 82]
[24 24 90 87]	[ 1  1 82 80]
[24 24 90 87]	[ 1  1 80 79]
[24 24 90 87]	[ 1  1 79 80]
[24 24 90 87]	[ 1  1 80 77]
[24 24 90 87]	[ 1  1 77 73]
[24 24 90 87]	[ 1  1 73 68]
[24 24 90 87]	[ 1  1 68 68]
[24 24 90 87]	[ 1  1 68 68]
[24 24 90 87]	[ 1  1 68 68]
[24 24 90 87]	[ 1  1 68 73]
[24 24 90 87]	[ 1 15 73 77]
[24 24 90 87]	[15 15 77 77]
[24 24 90 87]	[15 15 77 78]
[24 24 90 87]	[15  8 78 78]
[24 24 90 87]	[ 8  8 78 79]
[24 24 90 87]	[ 8  8 79 80]
[24 24 90 87]	[ 8  8 80 80]
[24 24 90 87]	[ 8  8 80 80]
[24 24 90 87]	[ 8  8 80 82]
[24 24 90 87]	[ 8  8 82 80]
[24 24 90 87]	[ 8  8 80 84]
[24 24 90 87]	[ 8  8 84 82]
[24 24 90 87]	[ 8  8 82 80]
[24 24 90 87]	[ 8  8 80 82]
[24 24 90 87]	[ 8  8 82 84]
[24 24 90 87]	[ 8  8 84 82]
[24 24 90 87]	[ 8  8 82 80]
[24 24 90 87]	[ 8  8 80 78]
[24 24 90 87]	[ 8  8 78 77]
[24 24 90 87]	[ 8  1 77 75]
[24 24 90 87]	[ 1  1 75 73]
[24 24 90 87]	[ 1  8 73 70]
[24 24 90 87]	[ 8  8 70 70]
[24 24 90 87]	[ 8  1 70 68]
[24 24 90 87]	[ 1  1 68 79]
[24 24 90 87]	[ 1  1 79 80]
[24 24 90 87]	[ 1  1 80 80]
[24 24 90 87]	[ 1  1 80 80]
[24 24 90 87]	[ 1  1 80 82]
[24 24 90 87]	[ 1  1 82 80]
[24 24 90 87]	[ 1  1 80 79]
[24 24 90 87]	[ 1  1 79 80]
[24 24 90 87]	[ 1  1 80 77]
[24 24 90 87]	[ 1  1 77 73]
[24 24 90 87]	[ 1  1 73 68]
[24 24 90 87]	[ 1  1 68 68]
[24 24 90 87]	[ 1  1 68 68]
[24 24 90 87]	[ 1  1 68 68]
[24 24 90 87]	[ 1  1 68 73]
[24 24 90 87]	[ 1 15 73 77]
[24 24 90 87]	[15 15 77 77]
[24 24 90 87]	[15 15 77 78]
[24 24 90 87]	[15  8 78 78]
[24 24 90 87]	[ 8  8 78 77]
[24 24 90 87]	[ 8  8 77 78]
[24 24 90 87]	[ 8  8 78 78]
[24 24 90 87]	[ 8  8 78 78]
[24 24 90 87]	[ 8  8 78 74]
[24 24 90 87]	[ 8  8 74 75]
[24 24 90 87]	[ 8  8 75 71]
[24 24 90 87]	[ 8  8 71 72]
[24 24 90 87]	[ 8  8 72 67]
[24 24 90 87]	[ 8  8 67 68]
[24 24 90 87]	[ 8  8 68 68]
[24 24 90 87]	[ 8  8 68 70]
[24 24 90 87]	[ 8  8 70 72]
[24 24 90 87]	[ 8  8 72 73]
[24 24 90 87]	[ 8  8 73 77]
[24 24 90 87]	[ 8  1 77 75]
[24 24 90 87]	[ 1  1 75 73]
[24 24 90 87]	[ 1  1 73 73]
[24 24 90 87]	[ 1  1 73 68]
[24 24 90 87]	[ 1  1 68 68]
[24 24 90 87]	[ 1  1 68 68]
[24 24 90 87]	[ 1  1 68 68]
[24 24 90 87]	[ 1  1 68 70]
[24 24 90 87]	[ 1  1 70 68]
[24 24 90 87]	[ 1  1 68 67]
[24 24 90 87]	[ 1  1 67 68]
[24 24 90 87]	[ 1  1 68 70]
[24 24 90 87]	[ 1  1 70 68]
[24 24 90 87]	[ 1  1 68 68]
[24 24 90 87]	[ 1  1 68 68]
[24 24 90 87]	[ 1  1 68 68]
[24 24 90 87]	[ 1  1 68 68]
[24 24 90 87]	[ 1  1 68 73]
[24 24 90 87]	[ 1 15 73 77]
[24 24 90 87]	[15 15 77 74]
[24 24 90 87]	[15 15 74 75]
[24 24 90 87]	[15  8 75 75]
[24 24 90 87]	[ 8  8 75 72]
[24 24 90 87]	[ 8  8 72 72]
[24 24 90 87]	[ 8  8 72 72]
[24 24 90 87]	[ 8  8 72 72]
[24 24 90 87]	[ 8  8 72 73]
[24 24 90 87]	[ 8  8 73 72]
[24 24 90 87]	[ 8  8 72 71]
[24 24 90 87]	[ 8  8 71 72]
[24 24 90 87]	[ 8  8 72 67]
[24 24 90 87]	[ 8  8 67 68]
[24 24 90 87]	[ 8  8 68 72]
[24 24 90 87]	[ 8  8 72 70]
[24 24 90 87]	[ 8  8 70 68]
[24 24 90 87]	[ 8  1 68 67]
[24 24 90 87]	[ 1  1 67 70]
[24 24 90 87]	[ 1  1 70 68]
[24 24 90 87]	[ 1  1 68 65]
[24 24 90 87]	[ 1  1 65 68]
[24 24 90 87]	[ 1  1 68 68]
[24 24 90 87]	[ 1  1 68 68]
[24 24 90 87]	[ 1  1 68 68]
[24 24 90 87]	[ 1  1 68 70]
[24 24 90 87]	[ 1  1 70 68]
[24 24 90 87]	[ 1  1 68 67]
[24 24 90 87]	[ 1  1 67 68]
[24 24 90 87]	[ 1  1 68 70]
[24 24 90 87]	[ 1  1 70 68]
[24 24 90 87]	[ 1  1 68 68]
[24 24 90 87]	[ 1  1 68 68]
[24 24 90 87]	[ 1  1 68 68]
[24 24 90 87]	[ 1  1 68 68]
[24 24 90 87]	[ 1  1 68 73]
[24 24 90 87]	[ 1 15 73 77]
[24 24 90 87]	[15 15 77 74]
[24 24 90 87]	[15 15 74 75]
[24 24 90 87]	[15  8 75 75]
[24 24 90 87]	[ 8  8 75 77]
[24 24 90 87]	[ 8  8 77 78]
[24 24 90 87]	[ 8  8 78 78]
[24 24 90 87]	[ 8  8 78 78]
[24 24 90 87]	[ 8  8 78 74]
[24 24 90 87]	[ 8  8 74 75]
[24 24 90 87]	[ 8  8 75 71]
[24 24 90 87]	[ 8  8 71 72]
[24 24 90 87]	[ 8  8 72 67]
[24 24 90 87]	[ 8  8 67 68]
[24 24 90 87]	[ 8  8 68 68]
[24 24 90 87]	[ 8  8 68 70]
[24 24 90 87]	[ 8  8 70 72]
[24 24 90 87]	[ 8  8 72 73]
[-1 -1 -1 -1]	[ 8  8 73 77]
[24 24 90 87]	[ 8  1 77 75]
[24 24 90 87]	[ 1 -1 75 73]
[24 24 90 87]	[-1 -1 73 68]
[24 24 90 87]	[-1 -1 68 73]
[24 24 90 87]	[-1  1 73 75]
[24 24 90 87]	[ 1  1 75 77]
[24 24 90 87]	[ 1  1 77 77]
[24 24 90 87]	[ 1  1 77 75]
[24 24 90 87]	[ 1  6 75 73]
[24 24 90 87]	[ 6  6 73 70]
[24 24 90 87]	[ 6  6 70 70]
[24 24 90 87]	[ 6  6 70 73]
[24 24 90 87]	[ 6  1 73 75]
[24 24 90 87]	[ 1  1 75 77]
[24 24 90 87]	[ 1  6 77 80]
[24 24 90 87]	[ 6  6 80 78]
[24 24 90 87]	[ 6  8 78 82]
[24 24 90 87]	[ 8  8 82 80]
[24 24 90 87]	[ 8  8 80 80]
[24 24 90 87]	[ 8  8 80 82]
[24 24 90 87]	[ 8  8 82 84]
[24 24 90 87]	[ 8  8 84 85]
[24 24 90 87]	[ 8  8 85 84]
[24 24 90 87]	[ 8  8 84 82]
[24 24 90 87]	[ 8  8 82 80]
[24 24 90 87]	[ 8  8 80 80]
[24 24 90 87]	[ 8  8 80 78]
[24 24 90 87]	[ 8  8 78 77]
[24 24 90 87]	[ 8  3 77 78]
[24 24 90 87]	[ 3  3 78 80]
[24 24 90 87]	[ 3  3 80 85]
[24 24 90 87]	[ 3  3 85 77]
[24 24 90 87]	[ 3  8 77 73]
[24 24 90 87]	[ 8  8 73 75]
[24 24 90 87]	[ 8  8 75 75]
[24 24 90 87]	[ 8  8 75 73]
[24 24 90 87]	[ 8  1 73 75]
[24 24 90 87]	[ 1  1 75 77]
[24 24 90 87]	[ 1  1 77 77]
[24 24 90 87]	[ 1  1 77 75]
[24 24 90 87]	[ 1  6 75 73]
[24 24 90 87]	[ 6  6 73 70]
[24 24 90 87]	[ 6  6 70 70]
[24 24 90 87]	[ 6  6 70 73]
[24 24 90 87]	[ 6  1 73 75]
[24 24 90 87]	[ 1  1 75 77]
[24 24 90 87]	[ 1  6 77 80]
[24 24 90 87]	[ 6  6 80 78]
[24 24 90 87]	[ 6  8 78 82]
[24 24 90 87]	[ 8  8 82 80]
[24 24 90 87]	[ 8  8 80 80]
[24 24 90 87]	[ 8  8 80 82]
[24 24 90 87]	[ 8  8 82 84]
[24 24 90 87]	[ 8  8 84 85]
[24 24 90 87]	[ 8  8 85 84]
[24 24 90 87]	[ 8  8 84 82]
[24 24 90 87]	[ 8  8 82 80]
[24 24 90 87]	[ 8  8 80 80]
[24 24 90 87]	[ 8  8 80 78]
[24 24 90 87]	[ 8  8 78 77]
[24 24 90 87]	[ 8  1 77 78]
[24 24 90 87]	[ 1  1 78 80]
[24 24 90 87]	[ 1  8 80 85]
[24 24 90 87]	[ 8  8 85 77]
[24 24 90 87]	[ 8  1 77 75]
[24 24 90 87]	[ 1  1 75 73]
[24 24 90 87]	[ 1  1 73 85]
[24 24 90 87]	[ 1  1 85 87]
[24 24 90 87]	[ 1  1 87 89]
[24 24 90 87]	[ 1  1 89 80]
[24 24 90 87]	[ 1  1 80 85]
[24 24 90 87]	[ 1  8 85 89]
[24 24 90 87]	[ 8  8 89 87]
[24 24 90 87]	[ 8  8 87 80]
[24 24 90 87]	[ 8  8 80 84]
[24 24 90 87]	[ 8  8 84 87]
[24 24 90 87]	[ 8  8 87 85]
[24 24 90 87]	[ 8  8 85 84]
[24 24 90 87]	[ 8  8 84 82]
[24 24 90 87]	[ 8  8 82 85]
[24 24 90 87]	[ 8  8 85 80]
[24 24 90 87]	[ 8  8 80 78]
[24 24 90 87]	[ 8  8 78 77]
[24 24 90 87]	[ 8  8 77 82]
[24 24 90 87]	[ 8  8 82 80]
[24 24 90 87]	[ 8  8 80 78]
[24 24 90 87]	[ 8  1 78 82]
[24 24 90 87]	[ 1  1 82 80]
[24 24 90 87]	[ 1  1 80 78]
[24 24 90 87]	[ 1  1 78 77]
[24 24 90 87]	[ 1  3 77 78]
[24 24 90 87]	[ 3  3 78 80]
[24 24 90 87]	[ 3  3 80 85]
[24 24 90 87]	[ 3  3 85 77]
[24 24 90 87]	[ 3  8 77 73]
[24 24 90 87]	[ 8  8 73 75]
[24 24 90 87]	[ 8  8 75 85]
[24 24 90 87]	[ 8  1 85 87]
[24 24 90 87]	[ 1  1 87 89]
[24 24 90 87]	[ 1  1 89 80]
[24 24 90 87]	[ 1  1 80 85]
[24 24 90 87]	[ 1  8 85 89]
[24 24 90 87]	[ 8  8 89 87]
[24 24 90 87]	[ 8  8 87 80]
[24 24 90 87]	[ 8  8 80 84]
[24 24 90 87]	[ 8  8 84 87]
[24 24 90 87]	[ 8  8 87 85]
[24 24 90 87]	[ 8  8 85 84]
[24 24 90 87]	[ 8  8 84 82]
[24 24 90 87]	[ 8  8 82 85]
[24 24 90 87]	[ 8  8 85 80]
[24 24 90 87]	[ 8  8 80 78]
[24 24 90 87]	[ 8  8 78 77]
[24 24 90 87]	[ 8  8 77 82]
[24 24 90 87]	[ 8  8 82 73]
[24 24 90 87]	[ 8  8 73 78]
[24 24 90 87]	[ 8  1 78 82]
[24 24 90 87]	[ 1  1 82 80]
[24 24 90 87]	[ 1  1 80 78]
[24 24 90 87]	[ 1  1 78 77]
[24 24 90 87]	[ 1  1 77 78]
[24 24 90 87]	[ 1  1 78 80]
[24 24 90 87]	[ 1  8 80 85]
[24 24 90 87]	[ 8  8 85 77]
[24 24 90 87]	[ 8  1 77 75]
[24 24 90 87]	[ 1  1 75 73]
[24 24 90 87]	[ 1  1 73 85]
[24 24 90 87]	[ 1  1 85 87]
[24 24 90 87]	[ 1  1 87 89]
[24 24 90 87]	[ 1  1 89 80]
[24 24 90 87]	[ 1  1 80 85]
[24 24 90 87]	[ 1  8 85 89]
[24 24 90 87]	[ 8  8 89 87]
[24 24 90 87]	[ 8  8 87 80]
[24 24 90 87]	[ 8  8 80 84]
[24 24 90 87]	[ 8  8 84 87]
[24 24 90 87]	[ 8  8 87 85]
[24 24 90 87]	[ 8  8 85 84]
[24 24 90 87]	[ 8  8 84 82]
[24 24 90 87]	[ 8  8 82 85]
[24 24 90 87]	[ 8  8 85 80]
[24 24 90 87]	[ 8  8 80 78]
[24 24 90 87]	[ 8  8 78 77]
[24 24 90 87]	[ 8  8 77 82]
[24 24 90 87]	[ 8  8 82 80]
[24 24 90 87]	[ 8  8 80 78]
[24 24 90 87]	[ 8  1 78 82]
[24 24 90 87]	[ 1  1 82 80]
[24 24 90 87]	[ 1  1 80 78]
[24 24 90 87]	[ 1  1 78 77]
[24 24 90 87]	[ 1  3 77 78]
[24 24 90 87]	[ 3  3 78 80]
[24 24 90 87]	[ 3  3 80 85]
[24 24 90 87]	[ 3  3 85 77]
[24 24 90 87]	[ 3  8 77 73]
[24 24 90 87]	[ 8  8 73 75]
[24 24 90 87]	[ 8  8 75 75]
[24 24 90 87]	[ 8  8 75 73]
[24 24 90 87]	[ 8  1 73 75]
[24 24 90 87]	[ 1  1 75 77]
[24 24 90 87]	[ 1  1 77 77]
[24 24 90 87]	[ 1  1 77 75]
[24 24 90 87]	[ 1  6 75 73]
[24 24 90 87]	[ 6  6 73 70]
[24 24 90 87]	[ 6  6 70 70]
[24 24 90 87]	[ 6  6 70 73]
[24 24 90 87]	[ 6  1 73 75]
[24 24 90 87]	[ 1  1 75 77]
[24 24 90 87]	[ 1  6 77 80]
[24 24 90 87]	[ 6  6 80 78]
[24 24 90 87]	[ 6  8 78 82]
[24 24 90 87]	[ 8  8 82 80]
[24 24 90 87]	[ 8  8 80 80]
[24 24 90 87]	[ 8  8 80 82]
[24 24 90 87]	[ 8  8 82 84]
[24 24 90 87]	[ 8  8 84 85]
[24 24 90 87]	[ 8  8 85 84]
[24 24 90 87]	[ 8  8 84 82]
[24 24 90 87]	[ 8  8 82 80]
[24 24 90 87]	[ 8  8 80 80]
[24 24 90 87]	[ 8  8 80 78]
[24 24 90 87]	[ 8  8 78 77]
[24 24 90 87]	[ 8  1 77 78]
[24 24 90 87]	[ 1  1 78 80]
[24 24 90 87]	[ 1  8 80 85]
[-1 -1 -1 -1]	[ 8  8 85 77]
[24 24 90 87]	[ 8  1 77 75]
[24 24 90 87]	[ 1  1 75 73]
[24 24 90 87]	[ 1  1 73 73]
[24 24 90 87]	[ 1  1 73 80]
[24 24 90 87]	[ 1  1 80 80]
[24 24 90 87]	[ 1  1 80 80]
[24 24 90 87]	[ 1  1 80 78]
[24 24 90 87]	[ 1 12 78 75]
[24 24 90 87]	[12 12 75 78]
[24 24 90 87]	[12 12 78 75]
[24 24 90 87]	[12 12 75 78]
[24 24 90 87]	[12 12 78 80]
[24 24 90 87]	[12 12 80 78]
[24 24 90 87]	[12  1 78 75]
[24 24 90 87]	[ 1  1 75 73]
[24 24 90 87]	[ 1  1 73 80]
[24 24 90 87]	[ 1  1 80 80]
[24 24 90 87]	[ 1  1 80 80]
[24 24 90 87]	[ 1  1 80 78]
[24 24 90 87]	[ 1 12 78 75]
[24 24 90 87]	[12 12 75 78]
[24 24 90 87]	[12 12 78 75]
[24 24 90 87]	[12 12 75 71]
[24 24 90 87]	[12 12 71 71]
[24 24 90 87]	[12 12 71 71]
[24 24 90 87]	[12  1 71 80]
[24 24 90 87]	[ 1  1 80 73]
[24 24 90 87]	[ 1  1 73 80]
[24 24 90 87]	[ 1  1 80 80]
[24 24 90 87]	[ 1  1 80 80]
[24 24 90 87]	[ 1  1 80 78]
[24 24 90 87]	[ 1 12 78 75]
[24 24 90 87]	[12 12 75 78]
[24 24 90 87]	[12 12 78 75]
[24 24 90 87]	[12 12 75 78]
[24 24 90 87]	[12 12 78 80]
[24 24 90 87]	[12 12 80 78]
[24 24 90 87]	[12 12 78 80]
[24 24 90 87]	[12 12 80 83]
[24 24 90 87]	[12 12 83 82]
[24 24 90 87]	[12 12 82 80]
[24 24 90 87]	[12 12 80 78]
[24 24 90 87]	[12 12 78 75]
[24 24 90 87]	[12  1 75 78]
[24 24 90 87]	[ 1  1 78 80]
[24 24 90 87]	[ 1  1 80 80]
[24 24 90 87]	[ 1  1 80 85]
[24 24 90 87]	[ 1  1 85 80]
[24 24 90 87]	[ 1 12 80 80]
[24 24 90 87]	[12 12 80 83]
[24 24 90 87]	[12 12 83 80]
[24 24 90 87]	[12  1 80 78]
[24 24 90 87]	[ 1  1 78 85]
[24 24 90 87]	[ 1  1 85 80]
[24 24 90 87]	[ 1 12 80 80]
[24 24 90 87]	[12 12 80 83]
[24 24 90 87]	[12  1 83 80]
[24 24 90 87]	[ 1  1 80 85]
[24 24 90 87]	[ 1  1 85 80]
[24 24 90 87]	[ 1 12 80 80]
[24 24 90 87]	[12 12 80 83]
[24 24 90 87]	[12 12 83 80]
[24 24 90 87]	[12 12 80 78]
[24 24 90 87]	[12 12 78 78]
[24 24 90 87]	[12 12 78 75]
[24 24 90 87]	[12 12 75 71]
[24 24 90 87]	[12 12 71 71]
[24 24 90 87]	[12 12 71 71]
[24 24 90 87]	[12  1 71 80]
[24 24 90 87]	[ 1  1 80 85]
[24 24 90 87]	[ 1  1 85 80]
[24 24 90 87]	[ 1 12 80 80]
[24 24 90 87]	[12 12 80 83]
[24 24 90 87]	[12 12 83 80]
[24 24 90 87]	[12  1 80 78]
[24 24 90 87]	[ 1  1 78 85]
[24 24 90 87]	[ 1  1 85 80]
[24 24 90 87]	[ 1 12 80 80]
[24 24 90 87]	[12 12 80 83]
[24 24 90 87]	[12 12 83 80]
[24 24 90 87]	[12 12 80 83]
[24 24 90 87]	[12 12 83 82]
[24 24 90 87]	[12 12 82 80]
[24 24 90 87]	[12 12 80 78]
[24 24 90 87]	[12 12 78 75]
[24 24 90 87]	[12  1 75 78]
[24 24 90 87]	[ 1  1 78 80]
[24 24 90 87]	[ 1  1 80 80]
[24 24 90 87]	[ 1  1 80 73]
[24 24 90 87]	[ 1 12 73 80]
[24 24 90 87]	[12 12 80 80]
[24 24 90 87]	[12 12 80 78]
[24 24 90 87]	[12 12 78 75]
[24 24 90 87]	[12 12 75 78]
[24 24 90 87]	[12 12 78 75]
[24 24 90 87]	[12  1 75 78]
[24 24 90 87]	[ 1  1 78 80]
[24 24 90 87]	[ 1  1 80 78]
[24 24 90 87]	[ 1  1 78 80]
[24 24 90 87]	[ 1  1 80 73]
[24 24 90 87]	[ 1 12 73 80]
[24 24 90 87]	[12 12 80 80]
[24 24 90 87]	[12 12 80 78]
[24 24 90 87]	[12 12 78 75]
[24 24 90 87]	[12 12 75 78]
[24 24 90 87]	[12 12 78 75]
[24 24 90 87]	[12 12 75 71]
[24 24 90 87]	[12 12 71 71]
[24 24 90 87]	[12 12 71 71]
[24 24 90 87]	[12  1 71 75]
[24 24 90 87]	[ 1  1 75 73]
[24 24 90 87]	[ 1 12 73 80]
[24 24 90 87]	[12 12 80 80]
[24 24 90 87]	[12 12 80 78]
[24 24 90 87]	[12 12 78 87]
[24 24 90 87]	[12 12 87 78]
[24 24 90 87]	[12 12 78 87]
[24 24 90 87]	[12  1 87 78]
[24 24 90 87]	[ 1  1 78 80]
[24 24 90 87]	[ 1  1 80 78]
[24 24 90 87]	[ 1 12 78 80]
[24 24 90 87]	[12 12 80 83]
[24 24 90 87]	[12 12 83 82]
[24 24 90 87]	[12 12 82 80]
[24 24 90 87]	[12 12 80 78]
[24 24 90 87]	[12 12 78 75]
[24 24 90 87]	[12  1 75 78]
[24 24 90 87]	[ 1  1 78 80]
[24 24 90 87]	[ 1  1 80 80]
[24 24 90 87]	[ 1  1 80 80]
[24 24 90 87]	[ 1  1 80 85]
[24 24 90 87]	[ 1 12 85 85]
[24 24 90 87]	[12 12 85 83]
[24 24 90 87]	[12 12 83 80]
[24 24 90 87]	[12  1 80 78]
[24 24 90 87]	[ 1  1 78 80]
[24 24 90 87]	[ 1  1 80 85]
[24 24 90 87]	[ 1 12 85 85]
[24 24 90 87]	[12 12 85 83]
[24 24 90 87]	[12  1 83 78]
[24 24 90 87]	[ 1  1 78 80]
[24 24 90 87]	[ 1  1 80 85]
[24 24 90 87]	[ 1 12 85 85]
[24 24 90 87]	[12 12 85 83]
[24 24 90 87]	[12 12 83 80]
[24 24 90 87]	[12 12 80 78]
[24 24 90 87]	[12 12 78 78]
[24 24 90 87]	[12 12 78 75]
[24 24 90 87]	[12 12 75 71]
[24 24 90 87]	[12 12 71 71]
[24 24 90 87]	[12 12 71 71]
[24 24 90 87]	[12  1 71 80]
[24 24 90 87]	[ 1  1 80 80]
[24 24 90 87]	[ 1  1 80 85]
[24 24 90 87]	[ 1 12 85 85]
[24 24 90 87]	[12 12 85 83]
[24 24 90 87]	[12 12 83 80]
[24 24 90 87]	[12  1 80 78]
[24 24 90 87]	[ 1  1 78 80]
[24 24 90 87]	[ 1  1 80 85]
[24 24 90 87]	[ 1 12 85 85]
[24 24 90 87]	[12 12 85 83]
[24 24 90 87]	[12 12 83 80]
[24 24 90 87]	[12 12 80 83]
[24 24 90 87]	[12 12 83 82]
[24 24 90 87]	[12 12 82 80]
[24 24 90 87]	[12 12 80 78]
[-1 -1 -1 -1]	[12 12 78 75]
[24 24 90 87]	[12  1 75 78]
[24 24 90 87]	[ 1 -1 78 80]
[24 24 90 87]	[-1  1 80 68]
[24 24 90 87]	[ 1  1 68 73]
[24 24 90 87]	[ 1  8 73 73]
[24 24 90 87]	[ 8  8 73 72]
[24 24 90 87]	[ 8  8 72 73]
[24 24 90 87]	[ 8  1 73 75]
[24 24 90 87]	[ 1  1 75 73]
[24 24 90 87]	[ 1  1 73 73]
[24 24 90 87]	[ 1  1 73 73]
[24 24 90 87]	[ 1  1 73 68]
[24 24 90 87]	[ 1  1 68 77]
[24 24 90 87]	[ 1  8 77 77]
[24 24 90 87]	[ 8  8 77 75]
[24 24 90 87]	[ 8  8 75 77]
[24 24 90 87]	[ 8  1 77 78]
[24 24 90 87]	[ 1  1 78 77]
[24 24 90 87]	[ 1  1 77 77]
[24 24 90 87]	[ 1  6 77 77]
[24 24 90 87]	[ 6  6 77 78]
[24 24 90 87]	[ 6  8 78 78]
[24 24 90 87]	[ 8  8 78 75]
[24 24 90 87]	[ 8  1 75 78]
[24 24 90 87]	[ 1  1 78 77]
[24 24 90 87]	[ 1  1 77 77]
[24 24 90 87]	[ 1  1 77 73]
[24 24 90 87]	[ 1 15 73 77]
[24 24 90 87]	[15 15 77 75]
[24 24 90 87]	[15 15 75 77]
[24 24 90 87]	[15  3 77 75]
[24 24 90 87]	[ 3  3 75 73]
[24 24 90 87]	[ 3  3 73 72]
[24 24 90 87]	[ 3  8 72 70]
[24 24 90 87]	[ 8  8 70 68]
[24 24 90 87]	[ 8  1 68 80]
[24 24 90 87]	[ 1  1 80 73]
[24 24 90 87]	[ 1  8 73 73]
[24 24 90 87]	[ 8  8 73 72]
[24 24 90 87]	[ 8  8 72 73]
[24 24 90 87]	[ 8  1 73 75]
[24 24 90 87]	[ 1  1 75 73]
[24 24 90 87]	[ 1  1 73 73]
[24 24 90 87]	[ 1  1 73 73]
[24 24 90 87]	[ 1  1 73 68]
[24 24 90 87]	[ 1  1 68 77]
[24 24 90 87]	[ 1  8 77 77]
[24 24 90 87]	[ 8  8 77 75]
[24 24 90 87]	[ 8  8 75 77]
[24 24 90 87]	[ 8  1 77 78]
[24 24 90 87]	[ 1  1 78 77]
[24 24 90 87]	[ 1 22 77 77]
[24 24 90 87]	[22  6 77 77]
[24 24 90 87]	[ 6  6 77 78]
[24 24 90 87]	[ 6  8 78 75]
[24 24 90 87]	[ 8  8 75 72]
[24 24 90 87]	[ 8  1 72 82]
[24 24 90 87]	[ 1  1 82 80]
[24 24 90 87]	[ 1  5 80 78]
[24 24 90 87]	[ 5  5 78 77]
[24 24 90 87]	[ 5  6 77 80]
[24 24 90 87]	[ 6  6 80 80]
[24 24 90 87]	[ 6  6 80 82]
[24 24 90 87]	[ 6  8 82 80]
[24 24 90 87]	[ 8  8 80 78]
[24 24 90 87]	[ 8  8 78 77]
[24 24 90 87]	[ 8  8 77 75]
[24 24 90 87]	[ 8  8 75 73]
[24 24 90 87]	[ 8  8 73  0]
[24 24 90 87]	[8 8 0 0]
[24 24 90 87]	[ 8  8  0 75]
[24 24 90 87]	[ 8  8 75 75]
[24 24 90 87]	[ 8  3 75 77]
[24 24 90 87]	[ 3  3 77 77]
[24 24 90 87]	[ 3  8 77 75]
[24 24 90 87]	[ 8  8 75 75]
[24 24 90 87]	[ 8  8 75 84]
[24 24 90 87]	[ 8  3 84 80]
[24 24 90 87]	[ 3  3 80 75]
[24 24 90 87]	[ 3  8 75 75]
[24 24 90 87]	[ 8  8 75 75]
[24 24 90 87]	[ 8  3 75 84]
[24 24 90 87]	[ 3  3 84 84]
[24 24 90 87]	[ 3  3 84 82]
[24 24 90 87]	[ 3  3 82 84]
[24 24 90 87]	[ 3  3 84 85]
[24 24 90 87]	[ 3  3 85 85]
[24 24 90 87]	[ 3  3 85 85]
[24 24 90 87]	[ 3  3 85 75]
[24 24 90 87]	[ 3  3 75 75]
[24 24 90 87]	[ 3  3 75 78]
[24 24 90 87]	[ 3  3 78 78]
[24 24 90 87]	[ 3  3 78 77]
[24 24 90 87]	[ 3  3 77 77]
[24 24 90 87]	[ 3  3 77 75]
[24 24 90 87]	[ 3  3 75 75]
[24 24 90 87]	[ 3  3 75 75]
[24 24 90 87]	[ 3  3 75 80]
[24 24 90 87]	[ 3  3 80 82]
[24 24 90 87]	[ 3  3 82 80]
[24 24 90 87]	[ 3  3 80 78]
[24 24 90 87]	[ 3  8 78 77]
[24 24 90 87]	[ 8  8 77 77]
[24 24 90 87]	[ 8  8 77 76]
[24 24 90 87]	[ 8  8 76 75]
[24 24 90 87]	[ 8  8 75 75]
[24 24 90 87]	[ 8  8 75 75]
[24 24 90 87]	[ 8  8 75 77]
[24 24 90 87]	[ 8  8 77 77]
[24 24 90 87]	[ 8  8 77 75]
[24 24 90 87]	[ 8  8 75 75]
[24 24 90 87]	[ 8  8 75 84]
[24 24 90 87]	[ 8  8 84 80]
[24 24 90 87]	[ 8  8 80 75]
[24 24 90 87]	[ 8  8 75 75]
[24 24 90 87]	[ 8  8 75 87]
[24 24 90 87]	[ 8  8 87 80]
[24 24 90 87]	[ 8  8 80 80]
[24 24 90 87]	[ 8  1 80 78]
[24 24 90 87]	[ 1  1 78 77]
[24 24 90 87]	[ 1  1 77 77]
[24 24 90 87]	[ 1  1 77 77]
[24 24 90 87]	[ 1  1 77 77]
[24 24 90 87]	[ 1  1 77 77]
[24 24 90 87]	[ 1  1 77 85]
[24 24 90 87]	[ 1  1 85 85]
[24 24 90 87]	[ 1  8 85 77]
[24 24 90 87]	[ 8  8 77 75]
[24 24 90 87]	[ 8  8 75 84]
[24 24 90 87]	[ 8  8 84 84]
[24 24 90 87]	[ 8  3 84 80]
[24 24 90 87]	[ 3  3 80 78]
[24 24 90 87]	[ 3  3 78 75]
[24 24 90 87]	[ 3  3 75 75]
[24 24 90 87]	[ 3  3 75 77]
[24 24 90 87]	[ 3  3 77 78]
[24 24 90 87]	[ 3  3 78 80]
[24 24 90 87]	[ 3  3 80  0]
[24 24 90 87]	[3 3 0 0]
[24 24 90 87]	[ 3  1  0 68]
[24 24 90 87]	[ 1  1 68 73]
[24 24 90 87]	[ 1  8 73 73]
[24 24 90 87]	[ 8  8 73 72]
[24 24 90 87]	[ 8  8 72 73]
[24 24 90 87]	[ 8  1 73 75]
[24 24 90 87]	[ 1  1 75 73]
[24 24 90 87]	[ 1  1 73 73]
[24 24 90 87]	[ 1  1 73 73]
[24 24 90 87]	[ 1  1 73 68]
[24 24 90 87]	[ 1  1 68 77]
[24 24 90 87]	[ 1  8 77 77]
[24 24 90 87]	[ 8  8 77 75]
[24 24 90 87]	[ 8  8 75 77]
[24 24 90 87]	[ 8  1 77 78]
[24 24 90 87]	[ 1  1 78 77]
[24 24 90 87]	[ 1 22 77 77]
[24 24 90 87]	[22  6 77 77]
[24 24 90 87]	[ 6  6 77 78]
[24 24 90 87]	[ 6  8 78 75]
[24 24 90 87]	[ 8  8 75 72]
[24 24 90 87]	[ 8  1 72 82]
[24 24 90 87]	[ 1  1 82 80]
[24 24 90 87]	[ 1  5 80 78]
[24 24 90 87]	[ 5  5 78 77]
[24 24 90 87]	[ 5  6 77 80]
[24 24 90 87]	[ 6  6 80 80]
[24 24 90 87]	[ 6  6 80 82]
[24 24 90 87]	[ 6  8 82 80]
[24 24 90 87]	[ 8  8 80 78]
[24 24 90 87]	[ 8  8 78 77]
[24 24 90 87]	[ 8  8 77 75]
[24 24 90 87]	[ 8  8 75 73]
[24 24 90 87]	[ 8  8 73  0]
[24 24 90 87]	[8 8 0 0]
[24 24 90 87]	[ 8  6  0 71]
[24 24 90 87]	[ 6  6 71 70]
[24 24 90 87]	[ 6  6 70 65]
[24 24 90 87]	[ 6  6 65 66]
[24 24 90 87]	[ 6  6 66 70]
[24 24 90 87]	[ 6  6 70 75]
[24 24 90 87]	[ 6  6 75 73]
[24 24 90 87]	[ 6  6 73 73]
[24 24 90 87]	[ 6  6 73 72]
[24 24 90 87]	[ 6  6 72 73]
[24 24 90 87]	[ 6  6 73 73]
[24 24 90 87]	[ 6  6 73 70]
[24 24 90 87]	[ 6  6 70 65]
[24 24 90 87]	[ 6  6 65 66]
[24 24 90 87]	[ 6  6 66 70]
[24 24 90 87]	[ 6  6 70 75]
[24 24 90 87]	[ 6  6 75 73]
[24 24 90 87]	[ 6  6 73 73]
[24 24 90 87]	[ 6  6 73 73]
[24 24 90 87]	[ 6  6 73 65]
[24 24 90 87]	[ 6  6 65 65]
[24 24 90 87]	[ 6 20 65 66]
[24 24 90 87]	[20  3 66 68]
[24 24 90 87]	[ 3 20 68 67]
[24 24 90 87]	[20 20 67 68]
[24 24 90 87]	[20 20 68 63]
[24 24 90 87]	[20 20 63 72]
[24 24 90 87]	[20 20 72 70]
[24 24 90 87]	[20 20 70 68]
[24 24 90 87]	[20  3 68 68]
[24 24 90 87]	[ 3  3 68 67]
[24 24 90 87]	[ 3  3 67 68]
[24 24 90 87]	[ 3 20 68 70]
[24 24 90 87]	[20 20 70 68]
[24 24 90 87]	[20  1 68 68]
[24 24 90 87]	[ 1  1 68 68]
[24 24 90 87]	[ 1  1 68 69]
[24 24 90 87]	[ 1  1 69 70]
[24 24 90 87]	[ 1  8 70 72]
[24 24 90 87]	[ 8  8 72 72]
[24 24 90 87]	[ 8  8 72 78]
[24 24 90 87]	[ 8  8 78 77]
[24 24 90 87]	[ 8  1 77 75]
[24 24 90 87]	[ 1  1 75 73]
[24 24 90 87]	[ 1  8 73 73]
[24 24 90 87]	[ 8  8 73 75]
[24 24 90 87]	[ 8  8 75 73]
[24 24 90 87]	[ 8  1 73 72]
[24 24 90 87]	[ 1  1 72 73]
[24 24 90 87]	[ 1  1 73 73]
