Accuracy: 0.13963536080894745

n_chords: 2
n_melody: 2
t_prior: 0.0
e_prior: 0.5
dataset: JSB Chorales
keys: All
filter_train_set: True
filter_val_set: True

~ First 3000 predicted states ~
Predicted	True
[-1 -1 -1 -1]	[-1 -1 -1 -1]
[-1 22 -1 -1]	[-1  1 -1 -1]
[22 19 -1 85]	[ 1 13 -1 68]
[19 19 85 84]	[13 13 68 66]
[19  5 84 82]	[13  6 66 65]
[ 5  5 82 81]	[ 6  8 65 70]
[ 5  5 81 79]	[ 8 22 70 72]
[ 5 22 79 77]	[22  1 72 73]
[22  3 77 77]	[ 1  8 73 73]
[ 3  8 77 70]	[ 8 15 73 72]
[ 8  3 70 72]	[15 15 72 70]
[ 3  8 72 70]	[15  1 70 72]
[ 8  8 70 68]	[ 1  8 72 73]
[ 8  1 68 66]	[ 8  8 73 68]
[ 1  6 66 65]	[ 8  1 68 66]
[ 6  1 65 66]	[ 1  6 66 65]
[ 1 15 66 65]	[ 6  1 65 66]
[15 15 65 63]	[ 1 20 66 65]
[15  8 63 63]	[20  1 65 63]
[ 8 13 63 68]	[ 1  1 63 61]
[13  1 68 68]	[ 1 13 61 68]
[ 1 22 68 65]	[13 13 68 66]
[22  5 65 70]	[13  6 66 65]
[ 5 22 70 72]	[ 6  8 65 70]
[22 22 72 70]	[ 8 22 70 72]
[22 24 70 73]	[22  1 72 73]
[24 24 73 72]	[ 1  8 73 73]
[24  8 72 70]	[ 8 15 73 72]
[ 8  3 70 72]	[15 15 72 70]
[ 3  8 72 70]	[15  1 70 72]
[ 8  8 70 68]	[ 1  8 72 73]
[ 8  1 68 66]	[ 8  8 73 68]
[ 1  6 66 65]	[ 8  1 68 66]
[ 6  1 65 66]	[ 1  6 66 65]
[ 1 20 66 65]	[ 6  1 65 66]
[20  1 65 63]	[ 1 20 66 65]
[ 1  1 63 61]	[20  1 65 63]
[ 1  3 61 65]	[ 1 10 63 61]
[ 3 21 65 67]	[10  3 61 65]
[21 22 67 69]	[ 3  5 65 67]
[22 22 69 70]	[ 5  6 67 69]
[22 22 70 72]	[ 6  6 69 70]
[22 24 72 73]	[ 6 22 70 72]
[24 22 73 72]	[22  5 72 73]
[22  5 72 70]	[ 5 22 73 72]
[ 5 22 70 72]	[22 24 72 70]
[22  8 72 73]	[24  1 70 72]
[ 8  1 73 75]	[ 1 13 72 73]
[ 1  8 75 77]	[13  1 73 75]
[ 8  8 77 75]	[ 1 15 75 77]
[ 8  1 75 75]	[15  8 77 75]
[-1 -1 -1 -1]	[ 8  1 75 75]
[-1 22 -1 -1]	[ 1  1 75 73]
[22 19 -1 85]	[ 1  6 73 85]
[19 19 85 84]	[ 6  1 85 85]
[19 22 84 82]	[ 1  8 85 85]
[22 22 82 89]	[ 8 22 85 87]
[22 17 89 89]	[22  6 87 85]
[17  6 89 89]	[ 6  1 85 90]
[ 6  1 89 90]	[ 1  6 90 92]
[ 1  6 90 89]	[ 6 22 92 90]
[ 6 20 89 90]	[22 22 90 89]
[20  6 90 92]	[22 17 89 90]
[ 6  1 92 94]	[17  6 90 92]
[ 1  6 94 92]	[ 6  8 92 94]
[ 6  1 92 90]	[ 8  8 94 92]
[ 1  8 90 89]	[ 8  1 92 90]
[ 8  1 89 87]	[ 1  8 90 89]
[ 1  1 87 85]	[ 8  1 89 87]
[ 1  8 85 89]	[ 1  1 87 85]
[ 8  1 89 92]	[ 1 24 85 85]
[ 1  6 92 89]	[24  1 85 90]
[ 6  1 89 90]	[ 1  1 90 89]
[ 1  8 90 89]	[ 1  1 89 90]
[ 8 22 89 87]	[ 1  8 90 92]
[22  8 87 85]	[ 8  1 92 87]
[ 8  3 85 84]	[ 1  1 87 85]
[ 3  8 84 82]	[ 1  3 85 84]
[ 8  8 82 80]	[ 3  8 84 82]
[ 8  8 80  0]	[ 8  8 82 80]
[ 8  3  0 87]	[ 8  8 80 80]
[ 3  8 87 87]	[ 8  3 80 87]
[ 8  1 87 87]	[ 3  8 87 87]
[ 1  6 87 89]	[ 8  1 87 87]
[ 6  1 89 90]	[ 1 15 87 89]
[ 1  3 90 89]	[15 15 89 90]
[ 3 22 89 87]	[15 15 90 89]
[22 22 87 85]	[15 22 89 87]
[22  1 85 87]	[22 22 87 85]
[ 1 20 87 89]	[22  1 85 87]
[20 22 89 87]	[ 1  8 87 89]
[22  1 87 85]	[ 8  1 89 87]
[ 1  6 85 85]	[ 1  1 87 85]
[ 6  6 85 85]	[ 1  6 85 85]
[-1 -1 -1 -1]	[ 6  1 85 85]
[-1 22 -1 -1]	[ 1  1 85 85]
[22 19 -1 85]	[ 1  6 85 77]
[19 19 85 84]	[ 6 24 77 73]
[19  5 84 82]	[24  1 73 75]
[ 5  5 82 81]	[ 1  8 75 77]
[ 5  5 81 79]	[ 8  6 77 80]
[ 5 14 79 77]	[ 6  8 80 78]
[14 10 77 80]	[ 8  1 78 78]
[10 15 80 80]	[ 1  1 78 77]
[15 22 80 78]	[ 1  6 77 80]
[22 15 78 77]	[ 6  1 80 78]
[15  8 77 75]	[ 1 15 78 77]
[ 8  1 75 75]	[15  8 77 75]
[ 1  1 75 77]	[ 8  1 75 75]
[ 1  8 77 77]	[ 1  8 75 77]
[ 8  8 77 75]	[ 8  8 77 75]
[ 8  1 75 75]	[ 8  8 75 75]
[ 1  8 75 77]	[ 8  1 75 75]
[ 8 22 77 75]	[ 1  8 75 77]
[22  3 75 73]	[ 8 22 77 75]
[ 3  8 73 73]	[22 24 75 73]
[ 8  8 73 72]	[24  5 73 75]
[ 8  1 72 68]	[ 5  5 75 72]
[ 1 15 68 73]	[ 5 22 72 72]
[15  1 73 75]	[22  8 72 73]
[ 1  8 75 77]	[ 8  1 73 75]
[ 8  8 77 75]	[ 1  8 75 77]
[ 8  6 75 77]	[ 8  8 77 75]
[ 6  1 77 78]	[ 8  6 75 77]
[ 1  8 78 77]	[ 6  1 77 78]
[ 8  1 77 75]	[ 1  8 78 77]
[-1 -1 -1 -1]	[ 8  1 77 75]
[-1 22 -1 -1]	[ 1 22 75 73]
[22 19 -1 85]	[22 22 73 70]
[19 19 85 84]	[22 22 70 70]
[19  5 84 82]	[22 22 70 72]
[ 5 22 82 84]	[22 24 72 73]
[22 12 84 85]	[24  6 73 72]
[12 22 85 84]	[ 6 19 72 70]
[22  6 84 65]	[19 19 70 69]
[ 6  5 65 70]	[19 22 69 70]
[ 5 22 70 72]	[22 22 70 70]
[22 22 72 70]	[22 22 70 68]
[22 24 70 73]	[22  5 68 70]
[24 24 73 72]	[ 5  5 70 72]
[24 22 72 70]	[ 5  5 72 72]
[22 22 70 70]	[ 5 22 72 73]
[22 22 70 72]	[22 22 73 73]
[22 15 72 73]	[22 22 73 72]
[15  5 73 75]	[22  3 72 73]
[ 5 22 75 77]	[ 3  5 73 75]
[22  5 77 73]	[ 5 22 75 77]
[ 5  6 73 72]	[22 24 77 73]
[ 6 24 72 70]	[24 22 73 72]
[24  5 70 72]	[22 17 72 70]
[ 5  5 72 72]	[17 17 70 72]
[ 5  5 72 73]	[17  1 72 72]
[ 5 22 73 75]	[ 1 24 72 73]
[22  8 75 73]	[24 19 73 75]
[ 8  8 73 72]	[19  8 75 73]
[ 8  1 72 68]	[ 8 22 73 72]
[ 1 15 68 73]	[22  8 72 70]
[15  1 73 75]	[ 8  8 70 68]
[ 1  1 75 77]	[ 8 10 68 75]
[ 1 17 77 79]	[10 14 75 77]
[17 19 79 80]	[14 17 77 79]
[19  1 80 79]	[17 19 79 80]
[ 1 12 79 77]	[19  1 80 79]
[12  5 77 76]	[ 1 12 79 77]
[ 5  1 76 77]	[12  5 77 76]
[ 1  1 77 77]	[ 5  1 76 77]
[ 1  8 77 77]	[ 1  1 77 77]
[ 8 22 77 75]	[ 1  8 77 77]
[22  8 75 73]	[ 8  8 77 75]
[ 8  8 73 72]	[ 8  8 75 73]
[ 8  8 72 73]	[ 8  8 73 72]
[ 8  1 73 75]	[ 8  8 72 73]
[ 1  8 75 77]	[ 8 17 73 75]
[ 8 22 77 75]	[17  5 75 77]
[22  8 75 73]	[ 5 22 77 75]
[ 8  1 73 75]	[22  5 75 73]
[ 1 22 75 77]	[ 5 22 73 72]
[22  8 77 77]	[22 22 72 77]
[ 8  1 77 80]	[22 24 77 77]
[ 1 15 80 77]	[24 24 77 75]
[15  1 77 78]	[24 19 75 77]
[ 1  8 78 77]	[19 22 77 78]
[ 8 22 77 75]	[22 19 78 77]
[22 24 75 73]	[19 15 77 75]
[24  5 73 72]	[15  5 75 73]
[ 5  5 72 72]	[ 5  5 73 72]
[ 5 22 72 72]	[ 5  5 72 72]
[22 22 72 70]	[ 5 22 72 73]
[22 22 70 72]	[22 22 73 73]
[22 15 72 73]	[22 22 73 72]
[15  5 73 75]	[22 24 72 73]
[ 5 22 75 77]	[24 17 73 75]
[22 22 77 73]	[17 22 75 77]
[-1 -1 -1 -1]	[22  5 77 73]
[-1 22 -1 -1]	[ 5  1 73 72]
[22 19 -1 85]	[ 1  1 72 80]
[19 19 85 84]	[ 1  8 80 77]
[19  5 84 82]	[ 8  1 77 75]
[ 5 22 82 84]	[ 1  8 75 73]
[22  8 84 82]	[ 8 15 73 80]
[ 8  1 82 84]	[15  8 80 82]
[ 1  3 84 85]	[ 8 22 82 80]
[ 3  3 85 87]	[22 15 80 85]
[ 3  8 87 85]	[15  8 85 85]
[ 8  3 85 84]	[ 8 17 85 84]
[ 3  8 84 82]	[17 22 84 84]
[ 8  8 82 80]	[22 22 84 82]
[ 8  1 80  0]	[22  8 82 80]
[ 1  6  0 80]	[ 8  1 80 80]
[ 6  8 80 82]	[ 1  6 80 80]
[ 8  6 82 80]	[ 6  8 80 82]
[ 6  1 80 78]	[ 8  6 82 80]
[ 1  1 78 77]	[ 6  1 80 78]
[ 1  8 77  0]	[ 1  1 78 77]
[ 8  1  0 75]	[ 1  8 77  0]
[ 1 19 75 77]	[ 8  1  0 75]
[19 17 77 79]	[ 1  1 75 77]
[17 22 79 80]	[ 1 17 77 79]
[22  3 80 80]	[17 22 79 80]
[ 3  8 80 79]	[22  3 80 80]
[ 8  8 79 80]	[ 3  8 80 79]
[ 8 15 80 80]	[ 8  1 79 80]
[15  8 80 78]	[ 1 22 80 80]
[ 8  8 78 80]	[22 15 80 82]
[ 8  1 80 78]	[15  8 82 78]
[ 1  6 78 77]	[ 8  1 78 78]
[ 6  1 77 78]	[ 1  6 78 77]
[ 1  8 78 77]	[ 6  1 77 78]
[ 8  1 77 75]	[ 1  8 78 77]
[ 1  1 75 73]	[ 8  1 77 75]
[ 1  1 73 75]	[ 1  1 75 73]
[ 1  8 75 77]	[ 1  1 73  0]
[ 8 22 77 75]	[ 1 20  0 77]
[22  8 75 73]	[20 22 77 75]
[ 8 22 73 80]	[22  8 75 73]
[22  3 80 80]	[ 8 22 73 80]
[ 3 17 80 79]	[22  3 80 80]
[17  1 79 80]	[ 3 17 80 79]
[ 1  3 80 85]	[17  1 79 80]
[ 3  8 85 85]	[ 1 15 80 85]
[ 8  3 85 84]	[15  8 85 85]
[ 3  8 84 82]	[ 8 18 85 84]
[ 8  1 82 80]	[18  8 84 82]
[ 1  6 80 80]	[ 8  1 82 80]
[ 6 13 80 82]	[ 1 22 80 80]
[13 15 82 80]	[22 22 80 82]
[15  6 80 78]	[22 15 82 80]
[ 6  1 78 78]	[15  8 80 78]
[ 1  6 78 77]	[ 8  1 78 78]
[ 6  1 77 78]	[ 1  6 78 77]
[ 1  8 78 77]	[ 6  6 77 78]
[ 8  1 77 75]	[ 6 15 78 77]
[-1 -1 -1 -1]	[15  1 77 75]
[-1 22 -1 -1]	[ 1  1 75 73]
[22 19 -1 85]	[ 1  8 73 73]
[19 19 85 84]	[ 8  8 73 80]
[19  5 84 82]	[ 8  1 80 80]
[ 5 22 82 84]	[ 1  1 80 80]
[22  8 84 82]	[ 1  6 80 80]
[ 8  6 82 80]	[ 6  8 80 82]
[ 6  1 80 78]	[ 8  8 82 80]
[ 1  8 78 77]	[ 8  1 80 78]
[ 8  1 77 75]	[ 1  8 78 77]
[ 1 19 75 77]	[ 8  1 77 75]
[19  8 77 79]	[ 1  1 75 77]
[ 8  1 79 80]	[ 1  8 77 79]
[ 1 22 80 77]	[ 8 15 79 80]
[22 22 77 77]	[15 15 80 80]
[22  8 77 78]	[15 24 80 82]
[ 8  1 78 80]	[24  8 82 78]
[ 1  1 80 77]	[ 8  8 78 80]
[ 1  1 77 78]	[ 8  1 80 80]
[ 1  1 78 80]	[ 1  8 80 80]
[ 1  6 80 78]	[ 8  8 80 80]
[ 6  1 78 78]	[ 8  8 80 80]
[ 1  6 78 77]	[ 8  1 80 78]
[ 6  8 77 82]	[ 1  1 78 77]
[ 8  6 82 80]	[ 1  1 77 78]
[ 6  1 80 78]	[ 1  6 78 80]
[ 1  8 78 77]	[ 6  6 80 78]
[ 8 17 77 75]	[ 6  8 78 77]
[17  6 75 80]	[ 8 17 77 75]
[ 6  1 80 78]	[17  6 75 80]
[ 1 15 78 77]	[ 6  1 80 78]
[15  8 77 75]	[ 1 15 78 77]
[ 8  1 75 75]	[15 24 77 75]
[ 1  6 75 73]	[24 24 75 75]
[ 6  6 73 73]	[24 22 75 77]
[ 6  1 73 75]	[22 22 77 73]
[ 1  6 75 77]	[22 22 73 75]
[ 6  8 77 78]	[22 22 75 77]
[ 8 17 78 80]	[22 17 77 78]
[17  6 80 80]	[17 10 78 80]
[ 6  1 80 78]	[10 15 80 80]
[ 1 15 78 77]	[15 22 80 78]
[15  8 77 75]	[22 15 78 77]
[ 8  1 75 75]	[15  8 77 75]
[-1 -1 -1 -1]	[ 8  1 75 75]
[-1 22 -1 -1]	[ 1 15 75 73]
[22 19 -1 85]	[15 15 73 75]
[19 19 85 84]	[15 15 75 70]
[19  5 84 82]	[15 17 70 75]
[ 5  5 82 81]	[17 10 75 75]
[ 5 22 81 77]	[10 10 75 77]
[22 22 77 82]	[10 10 77  0]
[22 22 82 82]	[10 15  0 77]
[22 22 82 80]	[15 15 77 78]
[22  5 80 82]	[15 22 78 80]
[ 5 10 82 81]	[22  5 80 82]
[10 15 81 82]	[ 5 10 82 81]
[15 23 82 78]	[10 15 81 82]
[23 20 78 78]	[15 23 82 78]
[20  1 78 80]	[23 20 78 78]
[ 1  6 80 80]	[20  1 78 80]
[ 6 11 80 82]	[ 1  6 80 80]
[11 11 82 78]	[ 6 11 80 82]
[11  6 78 80]	[11 11 82 78]
[ 6 13 80 82]	[11  6 78  0]
[13  6 82 80]	[ 6  1  0 82]
[ 6  8 80 78]	[ 1  1 82 80]
[ 8  1 78 80]	[ 1  1 80 80]
[ 1  6 80 77]	[ 1  1 80 80]
[ 6  8 77 82]	[ 1 10 80 77]
[ 8  6 82 80]	[10  8 77 82]
[ 6  1 80 78]	[ 8 15 82 80]
[ 1  8 78 77]	[15 22 80 78]
[ 8  8 77 75]	[22 11 78 77]
[ 8  6 75 77]	[11 10 77 75]
[ 6 22 77 78]	[10 15 75 77]
[22 15 78 77]	[15  1 77 78]
[15 14 77 75]	[ 1 15 78 77]
[14 15 75 74]	[15 10 77 75]
[15 10 74 75]	[10 15 75 74]
[10 10 75 77]	[15 10 74 75]
[10 10 77  0]	[10 10 75 77]
[10 15  0 82]	[10 10 77  0]
[15 11 82 78]	[10 15  0 82]
[11  6 78 78]	[15 11 82 78]
[ 6  6 78 78]	[11  6 78 78]
[ 6  8 78 82]	[ 6  6 78 78]
[ 8 15 82 80]	[ 6  8 78 82]
[15 22 80 78]	[ 8 15 82 80]
[22 11 78 77]	[15 17 80 78]
[11 10 77 75]	[17 11 78 77]
[10 15 75 74]	[11 10 77 75]
[15 15 74 75]	[10 15 75 77]
[15 20 75 70]	[15 15 77 75]
[20  6 70 71]	[15 15 75  0]
[ 6 11 71 73]	[15 15  0 75]
[11 20 73 75]	[15 15 75 70]
[20 10 75 75]	[15 11 70 75]
[10 10 75 77]	[11 10 75 75]
[10 10 77  0]	[10 10 75 77]
[10 15  0 77]	[10 10 77  0]
[15 15 77 78]	[10 15  0 77]
[15 22 78 80]	[15 15 77 78]
[22  5 80 82]	[15 22 78 80]
[ 5 10 82 81]	[22  5 80 82]
[10 10 81 82]	[ 5 10 82 81]
[10 15 82 74]	[10 10 81 82]
[15 15 74 75]	[10 10 82 82]
[-1 -1 -1 -1]	[10 10 82  0]
[-1 22 -1 -1]	[10  1  0  0]
[22 19 -1 85]	[ 1  8  0 85]
[19 19 85 84]	[ 8  1 85 87]
[19  5 84 82]	[ 1  3 87 89]
[ 5  5 82 81]	[ 3  1 89 87]
[ 5 22 81 77]	[ 1  8 87 85]
[22 22 77 82]	[ 8 22 85 84]
[22 22 82 84]	[22  8 84 82]
[22  8 84 85]	[ 8 22 82 80]
[ 8  1 85 87]	[22 24 80 85]
[ 1  6 87 89]	[24 22 85 87]
[ 6  1 89 90]	[22 15 87 89]
[ 1  8 90 89]	[15 17 89 90]
[ 8  8 89 87]	[17 20 90 89]
[ 8  1 87 87]	[20  1 89 87]
[ 1  6 87 89]	[ 1  1 87 85]
[ 6  8 89 90]	[ 1 15 85 89]
[ 8 15 90 92]	[15 17 89 90]
[15 10 92 90]	[17 15 90 92]
[10 11 90 89]	[15 10 92 90]
[11 10 89 87]	[10 11 90 89]
[10  1 87 89]	[11 10 89 87]
[ 1  1 89 92]	[10  1 87 89]
[ 1  6 92 92]	[ 1  1 89 92]
[ 6  8 92 94]	[ 1  6 92 92]
[ 8  8 94 92]	[ 6  8 92 94]
[ 8  1 92 90]	[ 8  6 94 92]
[ 1  8 90 89]	[ 6  1 92 90]
[ 8  1 89 87]	[ 1  8 90 89]
[ 1  1 87 89]	[ 8  1 89 87]
[ 1  1 89 90]	[ 1  1 87 89]
[ 1 15 90 92]	[ 1 13 89 90]
[15  1 92 90]	[13  6 90 92]
[ 1 20 90 89]	[ 6  5 92 90]
[20 20 89 87]	[ 5  5 90 89]
[20  8 87 85]	[ 5 22 89 87]
[ 8  1 85 87]	[22 15 87 85]
[ 1  6 87 89]	[15 22 85 87]
[ 6  1 89 90]	[22 22 87 89]
[ 1  6 90 92]	[22 10 89 85]
[ 6  8 92 94]	[10 10 85 89]
[ 8  8 94 92]	[10  8 89 90]
[ 8  1 92 90]	[ 8 15 90 92]
[ 1  8 90 89]	[15  1 92 90]
[ 8  1 89 87]	[ 1  8 90 89]
[ 1  1 87 89]	[ 8  1 89 87]
[ 1 20 89 90]	[ 1  1 87 89]
[20  1 90 87]	[ 1 20 89 90]
[-1 -1 -1 -1]	[20  1 90 87]
[-1 22 -1 -1]	[ 1  5 87 85]
[22 19 -1 85]	[ 5 22 85 89]
[19 19 85 84]	[22  3 89 89]
[19  5 84 82]	[ 3  3 89 87]
[ 5 22 82 84]	[ 3  8 87 85]
[22  3 84 85]	[ 8  1 85 84]
[ 3  3 85 87]	[ 1  8 84 89]
[ 3  8 87 85]	[ 8  8 89 87]
[ 8  1 85 84]	[ 8 21 87 85]
[ 1  1 84 85]	[21 22 85 84]
[ 1  1 85 87]	[22 10 84 85]
[ 1 21 87 89]	[10  6 85 89]
[21 22 89 87]	[ 6  3 89 89]
[22 24 87 85]	[ 3  3 89 87]
[24  5 85 87]	[ 3  8 87 85]
[ 5  5 87 89]	[ 8 14 85 84]
[ 5 22 89 87]	[14 15 84 89]
[22  5 87 85]	[15 15 89 87]
[ 5 22 85 84]	[15 21 87 85]
[22 22 84 85]	[21 22 85 84]
[22  3 85 89]	[22 22 84 85]
[ 3  5 89 91]	[22  3 85 89]
[ 5 10 91 93]	[ 3  5 89 91]
[10 22 93 94]	[ 5 10 91 93]
[22 22 94 89]	[10 22 93 94]
[22 17 89 90]	[22 22 94 89]
[17 12 90 92]	[22 17 89 90]
[12 17 92 91]	[17 12 90 92]
[17 12 91 89]	[12 17 92 91]
[12 17 89 90]	[17 24 91 89]
[17 24 90 92]	[24 17 89 90]
[24  1 92 91]	[17 24 90 92]
[ 1 22 91 89]	[24  1 92 91]
[22 15 89 89]	[ 1 22 91 89]
[15 22 89 87]	[22 15 89 89]
[22 24 87 85]	[15 15 89 87]
[24  1 85 84]	[15  8 87 85]
[ 1  8 84 85]	[ 8  1 85 84]
[ 8  8 85 87]	[ 1  3 84 85]
[ 8  1 87 90]	[ 3  8 85 87]
[ 1  8 90 89]	[ 8  1 87 87]
[ 8 22 89 87]	[ 1  3 87 89]
[22  5 87 85]	[ 3  3 89 87]
[ 5 22 85 84]	[ 3  5 87 85]
[22 22 84 85]	[ 5 22 85 84]
[22 17 85 85]	[22 22 84 85]
[17 12 85 84]	[22 17 85 85]
[12 17 84 91]	[17 24 85 84]
[17 16 91 92]	[24 17 84 91]
[16 17 92 91]	[17 14 91 92]
[17 17 91 89]	[14 17 92 91]
[17 14 89 84]	[17 17 91 89]
[14  7 84 89]	[17 14 89 84]
[ 7 12 89 89]	[14  7 84 89]
[-1 -1 -1 -1]	[ 7 12 89 89]
[-1 22 -1 -1]	[12  1 89 88]
[22 19 -1 85]	[ 1 22 88 85]
[19 19 85 84]	[22 17 85 85]
[19  5 84 82]	[17  6 85 84]
[ 5 22 82 84]	[ 6  8 84 82]
[22  8 84 85]	[ 8  1 82 80]
[ 8  1 85 87]	[ 1  8 80 85]
[ 1 22 87 89]	[ 8  1 85 87]
[22  1 89 89]	[ 1 22 87 89]
[ 1  8 89 89]	[22  5 89 89]
[ 8  8 89 87]	[ 5  5 89 89]
[ 8  1 87 87]	[ 5  5 89 87]
[ 1  8 87 89]	[ 5 22 87 89]
[ 8  1 89 87]	[22  8 89 89]
[ 1 20 87 89]	[ 8  1 89 87]
[20 22 89 87]	[ 1  8 87 85]
[22  1 87 85]	[ 8  1 85 87]
[ 1  6 85 85]	[ 1  1 87 85]
[ 6  6 85 85]	[ 1  6 85 85]
[ 6  1 85 87]	[ 6 24 85 85]
[ 1  8 87 89]	[24  1 85 87]
[ 8  5 89 87]	[ 1 21 87 89]
[ 5 22 87 89]	[21  5 89 87]
[22  5 89 85]	[ 5 22 87 89]
[ 5 22 85 84]	[22  5 89 85]
[22 22 84 85]	[ 5 22 85 84]
[22  3 85 89]	[22  3 84 82]
[ 3  3 89 87]	[ 3  8 82 87]
[ 3  8 87 85]	[ 8 13 87 87]
[ 8  1 85 84]	[13  8 87 85]
[ 1  3 84 85]	[ 8  1 85 84]
[ 3  8 85 82]	[ 1  3 84 85]
[ 8 17 82 80]	[ 3  8 85 82]
[17 22 80 80]	[ 8 17 82 80]
[22  6 80 85]	[17 22 80 80]
[ 6  8 85 85]	[22  6 80 85]
[ 8  8 85 87]	[ 6  8 85 85]
[ 8  1 87 90]	[ 8  8 85 87]
[ 1  8 90 89]	[ 8  1 87 87]
[ 8  8 89 87]	[ 1  1 87 89]
[ 8  1 87 87]	[ 1  1 89 87]
[ 1  6 87 89]	[ 1  6 87 89]
[ 6  8 89 90]	[ 6  1 89 85]
[ 8  8 90 92]	[ 1 15 85 85]
[ 8  1 92 90]	[15 11 85 90]
[ 1  8 90 89]	[11 17 90 90]
[ 8  1 89 87]	[17 11 90 89]
[ 1  1 87 89]	[11 10 89 87]
[ 1  8 89 89]	[10  3 87 89]
[ 8  8 89 87]	[ 3  8 89 87]
[ 8  1 87 87]	[ 8  1 87 87]
[ 1  6 87 89]	[ 1 22 87 89]
[ 6  8 89 90]	[22 15 89 89]
[ 8 17 90 92]	[15 11 89 90]
[17 22 92 92]	[11 17 90 90]
[22 22 92 85]	[17  6 90 92]
[22  3 85 89]	[ 6  1 92 85]
[ 3  3 89 87]	[ 1  3 85 89]
[ 3  8 87 85]	[ 3 19 89 87]
[ 8  1 85 84]	[19  8 87 85]
[ 1  3 84 85]	[ 8  1 85 84]
[ 3  8 85 82]	[ 1  3 84 85]
[ 8 17 82 80]	[ 3  8 85 82]
[17 22 80 80]	[ 8 17 82 80]
[22  8 80 85]	[17 22 80 80]
[ 8  3 85 84]	[22  8 80 85]
[ 3  8 84 82]	[ 8  3 85 84]
[ 8  8 82 80]	[ 3 17 84 82]
[ 8  1 80 87]	[17 15 82 80]
[ 1  8 87 89]	[15  6 80 87]
[ 8 14 89 87]	[ 6  8 87 89]
[14 15 87 89]	[ 8  5 89 87]
[15  1 89 90]	[ 5  6 87 89]
[ 1  8 90 89]	[ 6  1 89 90]
[ 8  1 89 87]	[ 1  8 90 89]
[ 1  1 87 85]	[ 8 22 89 87]
[ 1  6 85 85]	[22 22 87 85]
[ 6  6 85 85]	[22  6 85 84]
[ 6  1 85 87]	[ 6  6 84 85]
[ 1  8 87 89]	[ 6  1 85 87]
[ 8  1 89 87]	[ 1  8 87 89]
[-1 -1 -1 -1]	[ 8  1 89 87]
[-1 22 -1 -1]	[ 1  1 87 85]
[22 19 -1 85]	[ 1  6 85 89]
[19 19 85 84]	[ 6 17 89 90]
[19  5 84 82]	[17 22 90 92]
[ 5 22 82 84]	[22 15 92 92]
[22  8 84 85]	[15  1 92 90]
[ 8  8 85 87]	[ 1  8 90 89]
[ 8  1 87 87]	[ 8  8 89 87]
[ 1  6 87 89]	[ 8  1 87 87]
[ 6  8 89 90]	[ 1  6 87 89]
[ 8 15 90 92]	[ 6  8 89 90]
[15 22 92 90]	[ 8  8 90 92]
[22 15 90 89]	[ 8  1 92 90]
[15  8 89 87]	[ 1 15 90 89]
[ 8  1 87 87]	[15  8 89 87]
[ 1  8 87 89]	[ 8  1 87 87]
[ 8 14 89 87]	[ 1  8 87 85]
[14 15 87 89]	[ 8 14 85 87]
[15 15 89 90]	[14 15 87 89]
[15 22 90 90]	[15 15 89 90]
[22 10 90 89]	[15 22 90 90]
[10 15 89 89]	[22 10 90 89]
[15 15 89 87]	[10 15 89 89]
[15  1 87 90]	[15 15 89 87]
[ 1  6 90 92]	[15  1 87 90]
[ 6  6 92 94]	[ 1  6 90 92]
[ 6 20 94 94]	[ 6  6 92 94]
[20  1 94 92]	[ 6 20 94 94]
[ 1  6 92 92]	[20  1 94 92]
[ 6  1 92 90]	[ 1  6 92 92]
[ 1  6 90 89]	[ 6  1 92 90]
[ 6  8 89 90]	[ 1  6 90 89]
[ 8 17 90 92]	[ 6 20 89 90]
[17  6 92 92]	[20 14 90 92]
[ 6  1 92 90]	[14 15 92 92]
[ 1 15 90 89]	[15 17 92 90]
[15  8 89 87]	[17  8 90 89]
[ 8  1 87 87]	[ 8  8 89 87]
[ 1  6 87 89]	[ 8  1 87 87]
[ 6  8 89 90]	[ 1  6 87 89]
[ 8 15 90 92]	[ 6  8 89 90]
[15 22 92 90]	[ 8  8 90 92]
[22 15 90 89]	[ 8  1 92 90]
[15  8 89 87]	[ 1 15 90 89]
[ 8  1 87 87]	[15  8 89 87]
[-1 -1 -1 -1]	[ 8  1 87 87]
[-1 22 -1 -1]	[ 1  1 87 85]
[22 19 -1 85]	[ 1  8 85 77]
[19 19 85 84]	[ 8 22 77 75]
[19  5 84 82]	[22  8 75 73]
[ 5 22 82 84]	[ 8  1 73 75]
[22  8 84 82]	[ 1  1 75 77]
[ 8  6 82 80]	[ 1  1 77 78]
[ 6  1 80 78]	[ 1  8 78 80]
[ 1  8 78 77]	[ 8  1 80 78]
[ 8  8 77 75]	[ 1  8 78 77]
[ 8  6 75 77]	[ 8  1 77 80]
[ 6  1 77 78]	[ 1  6 80 77]
[ 1 20 78 77]	[ 6  1 77 78]
[20 20 77 75]	[ 1  1 78 77]
[20  8 75 73]	[ 1  6 77 75]
[ 8  1 73 75]	[ 6  6 75 73]
[ 1  8 75 77]	[ 6  1 73 75]
[ 8  1 77 75]	[ 1 20 75 77]
[ 1  1 75 80]	[20  1 77 75]
[ 1  6 80 80]	[ 1  1 75 73]
[ 6 24 80 82]	[ 1 24 73 80]
[24  1 82 84]	[24 24 80 82]
[ 1 22 84 85]	[24 22 82 84]
[22 24 85 85]	[22 22 84 85]
[24 24 85 84]	[22 17 85 85]
[24 17 84 82]	[17 17 85 84]
[17  6 82 80]	[17 17 84 82]
[ 6  6 80 82]	[17 17 82 80]
[ 6 20 82 82]	[17 22 80 82]
[20  1 82 80]	[22  8 82 82]
[ 1  6 80 80]	[ 8  1 82 80]
[ 6 24 80 82]	[ 1  6 80 80]
[24  6 82 84]	[ 6  6 80 82]
[ 6  1 84 85]	[ 6  1 82 84]
[ 1  1 85 85]	[ 1  1 84 85]
[ 1  6 85 80]	[ 1  8 85 85]
[ 6 14 80 82]	[ 8  8 85 84]
[14 10 82 80]	[ 8  8 84 82]
[10 15 80 82]	[ 8  8 82 80]
[15 22 82 78]	[ 8 15 80 82]
[22 15 78 77]	[15  8 82 82]
[15 17 77 78]	[ 8  8 82 80]
[17  6 78 80]	[ 8  1 80 75]
[ 6 15 80 73]	[ 1 24 75 77]
[15  1 73 78]	[24 24 77 78]
[ 1 22 78 80]	[24  1 78 78]
[22 15 80 80]	[ 1  1 78 77]
[15  1 80 78]	[ 1 15 77 80]
[ 1 15 78 77]	[15 15 80 78]
[15  8 77 75]	[15  8 78 77]
[ 8  1 75 75]	[ 8  8 77 75]
[ 1 10 75 73]	[ 8 17 75 75]
[10 15 73 77]	[17 22 75 80]
[15  5 77 78]	[22 15 80 77]
[ 5  5 78 77]	[15  1 77 78]
[ 5 22 77 75]	[ 1  1 78 77]
[22 22 75 73]	[ 1  6 77 75]
[22  1 73 75]	[ 6  6 75 73]
[ 1  8 75 77]	[ 6  1 73 75]
[-1 -1 -1 -1]	[ 1  8 75 77]
[-1 22 -1 -1]	[ 8  1 77 75]
[22 19 -1 85]	[ 1  1 75 77]
[19 19 85 84]	[ 1  1 77 78]
[19  5 84 82]	[ 1  6 78 80]
[ 5  5 82 81]	[ 6  1 80 82]
[ 5  5 81 79]	[ 1  8 82 80]
[ 5 22 79 77]	[ 8  8 80 78]
[22 22 77 77]	[ 8  1 78 77]
[22  1 77 78]	[ 1  1 77 77]
[ 1  6 78 80]	[ 1  1 77  0]
[ 6 24 80 82]	[ 1  3  0 80]
[24  1 82 84]	[ 3 21 80 82]
[ 1 22 84 85]	[21 22 82 84]
[22 24 85 85]	[22 22 84 85]
[24  5 85 84]	[22 22 85 85]
[ 5 22 84 84]	[22 17 85 84]
[22  3 84 89]	[17 22 84 84]
[ 3  3 89 87]	[22  3 84 82]
[ 3  8 87 85]	[ 3  3 82 87]
[ 8  1 85 84]	[ 3  8 87 85]
[ 1  1 84 85]	[ 8  1 85 84]
[ 1  3 85 84]	[ 1  1 84 85]
[ 3  8 84 82]	[ 1  3 85 84]
[ 8  1 82 80]	[ 3  3 84 82]
[ 1  1 80 80]	[ 3  8 82 80]
[ 1  6 80 80]	[ 8  8 80 80]
[ 6 24 80 82]	[ 8  3 80 80]
[24  6 82 84]	[ 3 24 80 82]
[ 6  1 84 85]	[24 15 82 84]
[ 1  1 85 85]	[15 15 84 85]
[ 1  1 85 85]	[15  8 85 85]
[ 1  1 85 85]	[ 8  8 85 84]
[ 1  6 85 80]	[ 8  1 84 80]
[ 6 13 80 82]	[ 1 15 80 80]
[13 15 82 80]	[15  8 80 82]
[15  5 80 78]	[ 8  8 82 80]
[ 5 22 78 77]	[ 8  8 80 78]
[22 22 77 77]	[ 8 22 78 77]
[22  1 77 78]	[22 22 77 77]
[ 1  6 78 80]	[22  1 77  0]
[ 6 24 80 82]	[ 1  6  0 80]
[24  1 82 84]	[ 6  6 80 82]
[ 1  1 84 85]	[ 6  3 82 84]
[ 1  8 85 85]	[ 3 20 84 85]
[ 8  1 85 84]	[20  8 85 85]
[-1 -1 -1 -1]	[ 8  1 85 84]
[-1 22 -1 -1]	[ 1  1 84 85]
[22 19 -1 85]	[ 1  6 85 89]
[19 19 85 84]	[ 6  8 89 90]
[19 22 84 82]	[ 8 17 90 92]
[22 22 82 89]	[17 22 92 92]
[22 22 89 89]	[22 15 92 85]
[22  3 89 94]	[15  1 85 87]
[ 3 20 94 94]	[ 1  6 87 89]
[20  8 94 87]	[ 6 24 89 94]
[ 8  1 87 87]	[24  1 94 96]
[ 1  1 87 89]	[ 1  1 96 97]
[ 1  6 89 89]	[ 1 15 97 89]
[ 6  6 89 90]	[15  1 89 87]
[ 6  8 90 92]	[ 1  8 87 85]
[ 8  1 92 87]	[ 8  8 85 92]
[ 1 10 87 89]	[ 8  1 92 87]
[10 10 89 94]	[ 1 22 87 89]
[10  3 94 92]	[22 22 89 94]
[ 3  8 92 91]	[22  3 94 92]
[ 8  8 91 92]	[ 3  8 92 91]
[ 8  8 92 87]	[ 8  8 91 92]
[ 8  8 87 89]	[ 8  8 92 87]
[ 8 17 89 91]	[ 8  8 87 89]
[17 22 91 92]	[ 8 17 89 91]
[22  3 92 92]	[17 22 91 92]
[ 3  8 92 91]	[22  3 92 92]
[ 8 15 91 92]	[ 3  8 92 91]
[15  8 92 94]	[ 8 15 91 92]
[ 8  1 94 96]	[15  8 92 94]
[ 1  1 96 97]	[ 8  1 94 96]
[ 1 15 97 89]	[ 1  1 96 97]
[15  1 89 87]	[ 1 15 97 89]
[-1 -1 -1 -1]	[15  1 89 87]
[-1 22 -1 -1]	[ 1  5 87 85]
[22 19 -1 85]	[ 5 22 85 77]
[19 19 85 84]	[22 15 77 77]
[19  5 84 82]	[15  5 77 75]
[ 5  5 82 81]	[ 5 22 75 77]
[ 5  5 81 79]	[22 24 77 73]
[ 5 22 79 77]	[24 24 73 72]
[22 22 77 73]	[24 24 72 73]
[22  6 73 72]	[24  5 73 75]
[ 6 24 72 70]	[ 5 22 75 72]
[24  5 70 72]	[22 22 72 70]
[ 5 22 72 72]	[22 22 70 70]
[22  8 72 73]	[22 22 70 72]
[ 8  1 73 75]	[22  8 72 73]
[ 1  8 75 77]	[ 8  1 73 75]
[ 8 17 77 75]	[ 1  8 75 77]
[17 24 75 80]	[ 8 17 77 75]
[24  5 80 79]	[17 24 75 80]
[ 5 22 79 77]	[24  5 80 79]
[22  3 77 77]	[ 5 22 79 77]
[ 3  8 77 82]	[22  3 77 77]
[ 8  3 82 84]	[ 3  8 77 82]
[ 3 23 84 82]	[ 8  3 82 84]
[23 24 82 77]	[ 3 23 84 82]
[24 14 77 79]	[23 24 82 77]
[14 24 79 77]	[24 14 77 79]
[24  8 77 75]	[14 24 79 77]
[ 8  8 75 75]	[24  8 77 75]
[ 8  3 75 77]	[ 8  8 75 75]
[ 3 21 77 79]	[ 8  3 75 77]
[21 10 79 81]	[ 3 21 77 79]
[10 17 81 82]	[21 10 79 81]
[17 19 82 80]	[10 17 81 82]
[19 19 80 79]	[17 19 82 80]
[19 19 79 80]	[19 19 80 79]
[19 12 80 82]	[19 19 79 80]
[12  5 82 78]	[19 12 80 82]
[-1 -1 -1 -1]	[12  5 82 78]
[-1 22 -1 -1]	[ 5  1 78 77]
[22 19 -1 85]	[ 1  1 77 73]
[19 19 85 84]	[ 1  6 73 68]
[19  5 84 82]	[ 6  6 68 70]
[ 5  5 82 81]	[ 6  1 70 72]
[ 5  5 81 79]	[ 1  1 72 73]
[ 5  5 79 77]	[ 1  1 73 75]
[ 5 22 77 77]	[ 1 21 75 77]
[22  5 77 77]	[21 22 77 75]
[ 5 22 77 72]	[22  8 75 73]
[22 10 72 73]	[ 8  1 73 72]
[10  6 73 77]	[ 1  1 72 73]
[ 6  3 77 77]	[ 1  1 73  0]
[ 3  3 77 75]	[ 1  8  0 77]
[ 3  8 75 73]	[ 8 22 77 75]
[ 8 15 73 72]	[22 24 75 73]
[15 17 72 70]	[24 24 73 72]
[17  6 70 68]	[24 17 72 70]
[ 6 24 68 70]	[17  6 70 68]
[24  1 70 72]	[ 6 24 68 70]
[ 1  1 72 73]	[24 24 70 72]
[ 1  8 73 73]	[24  5 72 73]
[ 8  1 73 72]	[ 5  5 73 75]
[ 1  1 72 73]	[ 5  6 75 75]
[ 1  6 73 73]	[ 6  5 75 73]
[ 6  6 73 73]	[ 5 22 73 72]
[ 6  1 73 75]	[22 22 72 70]
[ 1  6 75 77]	[22 22 70  0]
[ 6 15 77 73]	[22 15  0 77]
[15  5 73 75]	[15  8 77 78]
[ 5 22 75 77]	[ 8  1 78 75]
[22 11 77 73]	[ 1  6 75 77]
[11 11 73 75]	[ 6 15 77 73]
[11  6 75 77]	[15  5 73 75]
[ 6  1 77 78]	[ 5 22 75 77]
[ 1  1 78 80]	[22 22 77 70]
[ 1  3 80 80]	[22 15 70 77]
[ 3 17 80 75]	[15  8 77 78]
[17 22 75 77]	[ 8  1 78 75]
[22  8 77 73]	[ 1  6 75 77]
[ 8  1 73 75]	[ 6 15 77 73]
[ 1  3 75 68]	[15 10 73 75]
[ 3 21 68 70]	[10 15 75 77]
[21 22 70 72]	[15 15 77 70]
[22 17 72 73]	[15 22 70  0]
[17  6 73 72]	[22 12  0 73]
[ 6  1 72 70]	[12 10 73 72]
[ 1 15 70 68]	[10 17 72 70]
[15  8 68 66]	[17 10 70 68]
[ 8  8 66 68]	[10 15 68 70]
[ 8 22 68 66]	[15 15 70 66]
[22 22 66 65]	[15 10 66 66]
[22 17 65 73]	[10 10 66 65]
[17  6 73 72]	[10 10 65  0]
[ 6  8 72 70]	[10  6  0  0]
[ 8 22 70 68]	[ 6 18  0 70]
[22  3 68 73]	[18  1 70 68]
[ 3  8 73 73]	[ 1  1 68 73]
[ 8  1 73 72]	[ 1  8 73 73]
[ 1  1 72 73]	[ 8  1 73 72]
[ 1  1 73 61]	[ 1  1 72 73]
[ 1  1 61 68]	[ 1  1 73  0]
[ 1  6 68 68]	[1 1 0 0]
[ 6 24 68 70]	[ 1  3  0 68]
[24  1 70 72]	[ 3 21 68 70]
[ 1  8 72 73]	[21 22 70 72]
[ 8  1 73 75]	[22 22 72 73]
[ 1  1 75 77]	[22  6 73 75]
[ 1  8 77 77]	[ 6 24 75 77]
[ 8 22 77 75]	[24  5 77 75]
[22 22 75 73]	[ 5  6 75 75]
[22 17 73 72]	[ 6 24 75 73]
[17 10 72 72]	[24  5 73 72]
[10 10 72 70]	[ 5 10 72 72]
[-1 -1 -1 -1]	[10 10 72 70]
[-1 22 -1 -1]	[10  1 70  0]
[22 19 -1 85]	[ 1  8  0 85]
[19 19 85 84]	[ 8  8 85 87]
[19  5 84 82]	[ 8  1 87 87]
[ 5  5 82 81]	[ 1  6 87 85]
[ 5 22 81 77]	[ 6  8 85 82]
[22 21 77 82]	[ 8 22 82 80]
[21 22 82 84]	[22 22 80 82]
[22  8 84 85]	[22  1 82 84]
[ 8  1 85 87]	[ 1 20 84 85]
[ 1  1 87 89]	[20  1 85 87]
[ 1  1 89 89]	[ 1  1 87 85]
[ 1  1 89 90]	[ 1  1 85 89]
[ 1  6 90 92]	[ 1  8 89 90]
[ 6  8 92 85]	[ 8  6 90 92]
[ 8  1 85 87]	[ 6  8 92 94]
[ 1  1 87 85]	[ 8  1 94 92]
[ 1 15 85 84]	[ 1  1 92 89]
[15 15 84 82]	[ 1  6 89 85]
[15  1 82 84]	[ 6  6 85 82]
[ 1 20 84 85]	[ 6 22 82 84]
[20  1 85 87]	[22 15 84 85]
[ 1  1 87 85]	[15  1 85 87]
[ 1  5 85 89]	[ 1  1 87 85]
[ 5 22 89 89]	[ 1 17 85 89]
[22 15 89 89]	[17 22 89 89]
[15  5 89 87]	[22 15 89 89]
[ 5 22 87 89]	[15  5 89 87]
[22 22 89 85]	[ 5 22 87 89]
[22 22 85  0]	[22 22 89 85]
[22  8  0 85]	[22 22 85  0]
[ 8  8 85 87]	[22  8  0 85]
[ 8 17 87 87]	[ 8 17 85 87]
[17 22 87 89]	[17  1 87 87]
[22  8 89 85]	[ 1  6 87 89]
[ 8  8 85 87]	[ 6 15 89 85]
[ 8  1 87 90]	[15  8 85 87]
[ 1  8 90 89]	[ 8  1 87 87]
[ 8 22 89 87]	[ 1  1 87 89]
[22  5 87 85]	[ 1 15 89 87]
[ 5 22 85 84]	[15 15 87 85]
[22 22 84 85]	[15  6 85 84]
[22 15 85 85]	[ 6 24 84 82]
[15 22 85 87]	[24 17 82 87]
[22  5 87 85]	[17 19 87 87]
[ 5 22 85 84]	[19 19 87 85]
[22  1 84 82]	[19  3 85 84]
[ 1  3 82 80]	[ 3  8 84 82]
[ 3  3 80 82]	[ 8  6 82 80]
[ 3 22 82 84]	[ 6 24 80 82]
[22 15 84 85]	[24  1 82 84]
[15 15 85 87]	[ 1 20 84 85]
[-1 -1 -1 -1]	[20  1 85 87]
[-1 22 -1 -1]	[ 1 15 87 85]
[22 19 -1 85]	[15 15 85 75]
[19 19 85 84]	[15 11 75 75]
[19  5 84 82]	[11 10 75 75]
[ 5  5 82 81]	[10 15 75 74]
[ 5  5 81 79]	[15 17 74 78]
[ 5 22 79 77]	[17 21 78 77]
[22 22 77 73]	[21 10 77 75]
[22 10 73 72]	[10 10 75 74]
[10 10 72 74]	[10 14 74 73]
[10 15 74 73]	[14 10 73 74]
[15 17 73 75]	[10 20 74 73]
[17 10 75 77]	[20  8 73 75]
[10 10 77 74]	[ 8 14 75 72]
[10 15 74 73]	[14 10 72 74]
[15  1 73 75]	[10 15 74 73]
[ 1  1 75 77]	[15  1 73 75]
[ 1  8 77 78]	[ 1  1 75 77]
[ 8  1 78 75]	[ 1 13 77 77]
[ 1  1 75 73]	[13  1 77 80]
[ 1  8 73 73]	[ 1 23 80 77]
[ 8 14 73 75]	[23 11 77 73]
[14 15 75 77]	[11  1 73 75]
[15 11 77 78]	[ 1 15 75 77]
[11 17 78 78]	[15 15 77 78]
[17 17 78 77]	[15 22 78 78]
[17 10 77 75]	[22 11 78 77]
[10 10 75 74]	[11 10 77 75]
[10 14 74 73]	[10 10 75 74]
[14 10 73 74]	[10 14 74 73]
[10 20 74 73]	[14 14 73 74]
[20  8 73 75]	[14 15 74 73]
[ 8 14 75 72]	[15  8 73 75]
[14 10 72 74]	[ 8 10 75 72]
[10 15 74 73]	[10 10 72 74]
[-1 -1 -1 -1]	[10 15 74 73]
[-1 22 -1 -1]	[15  1 73 75]
[22 19 -1 85]	[ 1  8 75 85]
[19 19 85 84]	[ 8  8 85 87]
[19  5 84 82]	[ 8  1 87 87]
[ 5  5 82 81]	[ 1  6 87 85]
[ 5 22 81 77]	[ 6  8 85 82]
[22 21 77 82]	[ 8 22 82 80]
[21 22 82 84]	[22 22 80 82]
[22  8 84 85]	[22  1 82 84]
[ 8  1 85 87]	[ 1 20 84 85]
[ 1  1 87 89]	[20  1 85 87]
[ 1  1 89 89]	[ 1  1 87 85]
[ 1  1 89 90]	[ 1  1 85 89]
[ 1  6 90 92]	[ 1  8 89 90]
[ 6  8 92 85]	[ 8  6 90 92]
[ 8  1 85 87]	[ 6  8 92 94]
[ 1  1 87 85]	[ 8  1 94 92]
[ 1 15 85 84]	[ 1  1 92 89]
[15 15 84 82]	[ 1  6 89 85]
[15  1 82 84]	[ 6  6 85 82]
[ 1 20 84 85]	[ 6 22 82 84]
[20  1 85 87]	[22 15 84 85]
[ 1  1 87 85]	[15  1 85 87]
[ 1  5 85 89]	[ 1  1 87 85]
[ 5 22 89 89]	[ 1  5 85 89]
[22 15 89 89]	[ 5 22 89 89]
[15  5 89 87]	[22 15 89 89]
[ 5 22 87 89]	[15  5 89 87]
[22 22 89 85]	[ 5 22 87 89]
[22 22 85  0]	[22 22 89 85]
[22  8  0 85]	[22 22 85  0]
[ 8  8 85 87]	[22  8  0 85]
[ 8 17 87 87]	[ 8 17 85 87]
[17 22 87 89]	[17  1 87 87]
[22  8 89 85]	[ 1  6 87 89]
[ 8  8 85 87]	[ 6 15 89 85]
[ 8  1 87 90]	[15  8 85 87]
[ 1  8 90 89]	[ 8  1 87 87]
[ 8 22 89 87]	[ 1  1 87 89]
[22  5 87 85]	[ 1 15 89 87]
[ 5 22 85 84]	[15 15 87 85]
[22 22 84 85]	[15  6 85 84]
[22 15 85 85]	[ 6 24 84 82]
[15 22 85 87]	[24 17 82 87]
[22  5 87 85]	[17 19 87 87]
[ 5 22 85 84]	[19 19 87 85]
[22  1 84 82]	[19  3 85 84]
[ 1  3 82 80]	[ 3  8 84 82]
[ 3  3 80 82]	[ 8  6 82 80]
[ 3 22 82 84]	[ 6 24 80 82]
[22 15 84 85]	[24  1 82 84]
[15 15 85 87]	[ 1 20 84 85]
[-1 -1 -1 -1]	[20  1 85 87]
[-1 22 -1 -1]	[ 1  1 87 85]
[22 19 -1 85]	[ 1  6 85 65]
[19 19 85 84]	[ 6  1 65 70]
[19  5 84 82]	[ 1  6 70 68]
[ 5  5 82 81]	[ 6  1 68 66]
[ 5  5 81 79]	[ 1 15 66 65]
[ 5 17 79 77]	[15  1 65 63]
[17 22 77 77]	[ 1 21 63 65]
[22 22 77 73]	[21 22 65 72]
[22 17 73 73]	[22 22 72 73]
[17 17 73 72]	[22 17 73 73]
[17  5 72 70]	[17 17 73 72]
[ 5 22 70 72]	[17  5 72 70]
[22 22 72 70]	[ 5 22 70 72]
[22 24 70 73]	[22 22 72 70]
[24 24 73 72]	[22 24 70 73]
[24 17 72 70]	[24 24 73 72]
[17  6 70 68]	[24  1 72 70]
[ 6 24 68 70]	[ 1  6 70 68]
[24  6 70 72]	[ 6 24 68 70]
[ 6  1 72 73]	[24  6 70 72]
[ 1  1 73 73]	[ 6  1 72 73]
[ 1  6 73 68]	[ 1  1 73 73]
[ 6 17 68 70]	[ 1  6 73 68]
[17 15 70 68]	[ 6 17 68 70]
[15 15 68 66]	[17 15 70 68]
[15 10 66 66]	[15 15 68 66]
[10  3 66 65]	[15 10 66 66]
[ 3  8 65 73]	[10  3 66 65]
[ 8  8 73 72]	[ 3  8 65 73]
[ 8  8 72 73]	[ 8  8 73 72]
[ 8 22 73 75]	[ 8  3 72 73]
[22  8 75 73]	[ 3 19 73 75]
[ 8 22 73 72]	[19  8 75 73]
[22  8 72 70]	[ 8 10 73 72]
[ 8  1 70 72]	[10  8 72 70]
[ 1 15 72 65]	[ 8  1 70 72]
[15  1 65 66]	[ 1 15 72 65]
[ 1 20 66 65]	[15  1 65 66]
[20  8 65 63]	[ 1 20 66 65]
[ 8  1 63 68]	[20  8 65 63]
[-1 -1 -1 -1]	[ 8  1 63 68]
[-1 22 -1 -1]	[ 1  1 68 65]
[22 19 -1 85]	[ 1 22 65 73]
[19 19 85 84]	[22 17 73 73]
[19  5 84 82]	[17  6 73 72]
[ 5  5 82 81]	[ 6  8 72 70]
[ 5  5 81 79]	[ 8  1 70 68]
[ 5  5 79 77]	[ 1  8 68 73]
[ 5 22 77 77]	[ 8  1 73 75]
[22 22 77 77]	[ 1 22 75 77]
[22 15 77 77]	[22  5 77 77]
[15  5 77 75]	[ 5  5 77 77]
[ 5 22 75 77]	[ 5  5 77 75]
[22  8 77 73]	[ 5 22 75 77]
[ 8  1 73 75]	[22  8 77 77]
[ 1  8 75 77]	[ 8  1 77 75]
[ 8 22 77 75]	[ 1  8 75 73]
[22  1 75 73]	[ 8  1 73 75]
[ 1  6 73 73]	[ 1  1 75 73]
[ 6  6 73 73]	[ 1  6 73 73]
[ 6  1 73 75]	[ 6 24 73 73]
[ 1  8 75 77]	[24  1 73 75]
[ 8  5 77 75]	[ 1 21 75 77]
[ 5 22 75 77]	[21  5 77 75]
[22  5 77 73]	[ 5 22 75 77]
[ 5 22 73 72]	[22  5 77 73]
[22 22 72 73]	[ 5 22 73 72]
[22  3 73 77]	[22  3 72 70]
[ 3  3 77 75]	[ 3  8 70 75]
[ 3  8 75 73]	[ 8 13 75 75]
[ 8  1 73 72]	[13  8 75 73]
[ 1  3 72 73]	[ 8  1 73 72]
[ 3  8 73 70]	[ 1  3 72 73]
[ 8  1 70 68]	[ 3  8 73 70]
[ 1  1 68 68]	[ 8 17 70 68]
[ 1  1 68 73]	[17 22 68 68]
[ 1 15 73 73]	[22  6 68 73]
[15  8 73 75]	[ 6  8 73 73]
[ 8  1 75 75]	[ 8  8 73 75]
[ 1  8 75 77]	[ 8  1 75 75]
[ 8  1 77 78]	[ 1  1 75 77]
[ 1  1 78 77]	[ 1  1 77 75]
[ 1  6 77 75]	[ 1  6 75 77]
[ 6 15 75 73]	[ 6  1 77 73]
[15 15 73 78]	[ 1 15 73 73]
[15 22 78 78]	[15 11 73 78]
[22 11 78 77]	[11 17 78 78]
[11 10 77 75]	[17 11 78 77]
[10 15 75 77]	[11 10 77 75]
[15  8 77 75]	[10  3 75 77]
[ 8  1 75 75]	[ 3  8 77 75]
[ 1 22 75 77]	[ 8  1 75 75]
[22 15 77 77]	[ 1 22 75 77]
[15 15 77 82]	[22 15 77 77]
[15 15 82 78]	[15 11 77 78]
[15  6 78 80]	[11 17 78 78]
[ 6  1 80 73]	[17  6 78 80]
[ 1  3 73 77]	[ 6  1 80 73]
[ 3  3 77 75]	[ 1  3 73 77]
[ 3  8 75 73]	[ 3 19 77 75]
[ 8  1 73 72]	[19  8 75 73]
[ 1  3 72 73]	[ 8  1 73 72]
[ 3  8 73 70]	[ 1  3 72 73]
[ 8 17 70 68]	[ 3  8 73 70]
[17 22 68 68]	[ 8 17 70 68]
[22  8 68 73]	[17 22 68 68]
[ 8 15 73 72]	[22  8 68 73]
[15  8 72 70]	[ 8  3 73 72]
[ 8  8 70 68]	[ 3 17 72 70]
[ 8  1 68 75]	[17 15 70 68]
[ 1  8 75 77]	[15  6 68 75]
[ 8  8 77 75]	[ 6  8 75 77]
[ 8  6 75 77]	[ 8  5 77 75]
[ 6  1 77 78]	[ 5  6 75 77]
[ 1  8 78 77]	[ 6  1 77 78]
[ 8 22 77 75]	[ 1  8 78 77]
[22  8 75 73]	[ 8 22 77 75]
[ 8  8 73 72]	[22 22 75 73]
[ 8  8 72 73]	[22  6 73 72]
[ 8  1 73 75]	[ 6  6 72 73]
[ 1  8 75 77]	[ 6  1 73 75]
[ 8  1 77 75]	[ 1  8 75 77]
[-1 -1 -1 -1]	[ 8  1 77 75]
[-1 22 -1 -1]	[ 1 22 75 73]
[22 19 -1 85]	[22  6 73 82]
[19 19 85 84]	[ 6  6 82 82]
[19 22 84 82]	[ 6  5 82 82]
[22 22 82 89]	[ 5 19 82 81]
[22 22 89 87]	[19 19 81 82]
[22  5 87 85]	[19 22 82 84]
[ 5 22 85 84]	[22 17 84 85]
[22 22 84 85]	[17 22 85 84]
[22 15 85 85]	[22 22 84 82]
[15  8 85 87]	[22  8 82 85]
[ 8  1 87 87]	[ 8  8 85 87]
[ 1  8 87 89]	[ 8  1 87 87]
[ 8 22 89 87]	[ 1  1 87 89]
[22  8 87 85]	[ 1 22 89 87]
[ 8  1 85 87]	[22  8 87 85]
[ 1 22 87 89]	[ 8  1 85 87]
[22  1 89 89]	[ 1  1 87 89]
[ 1  8 89 89]	[ 1 22 89 89]
[ 8  1 89 90]	[22 21 89 89]
[ 1  8 90 89]	[21  5 89 87]
[ 8  1 89 87]	[ 5  5 87 89]
[ 1 20 87 89]	[ 5 22 89 87]
[20 22 89 87]	[22  3 87 85]
[22  8 87 85]	[ 3  3 85 87]
[ 8 22 85 84]	[ 3  8 87 85]
[22  3 84 82]	[ 8  3 85 84]
[ 3  8 82 82]	[ 3  3 84 82]
[ 8  8 82 84]	[ 3  3 82 82]
[ 8  1 84 84]	[ 3 22 82 84]
[ 1  5 84 89]	[22  6 84 85]
[ 5 22 89 87]	[ 6 24 85 85]
[22  5 87 85]	[24  1 85 87]
[ 5  5 85 84]	[ 1  1 87 85]
[ 5 22 84 84]	[ 1 15 85 84]
[22  8 84 85]	[15 22 84 82]
[ 8  1 85 87]	[22  8 82 82]
[ 1  1 87 85]	[ 8  1 82 87]
[ 1  6 85 84]	[ 1  8 87 89]
[ 6  6 84 82]	[ 8 15 89 87]
[ 6 22 82 84]	[15 15 87 82]
[22  5 84 85]	[15 22 82 84]
[ 5  6 85 84]	[22 17 84 85]
[ 6  5 84 82]	[17 17 85 84]
[ 5 22 82 81]	[17  5 84 82]
[22 22 81 82]	[ 5 22 82 84]
[22  3 82 82]	[22 22 84 82]
[ 3  3 82 82]	[22 22 82 82]
[ 3 22 82 84]	[22 17 82 82]
[22 15 84 85]	[17  6 82 80]
[15  5 85 87]	[ 6 24 80 85]
[ 5  5 87 89]	[24  1 85 87]
[ 5 22 89 87]	[ 1  1 87 89]
[22 15 87 85]	[ 1 22 89 87]
[15  8 85 87]	[22 15 87 85]
[ 8  1 87 87]	[15  8 85 87]
[ 1  6 87 89]	[ 8  1 87 87]
[ 6  1 89 90]	[ 1 24 87 89]
[ 1  8 90 89]	[24  1 89 90]
[ 8  1 89 87]	[ 1 15 90 89]
[ 1  1 87 89]	[15 15 89 87]
[ 1 20 89 90]	[15 15 87 89]
[20  1 90 87]	[15  8 89 90]
[ 1  1 87 85]	[ 8  8 90 87]
[ 1 22 85 87]	[ 8  1 87 85]
[22  1 87 89]	[ 1  5 85 85]
[ 1 20 89 89]	[ 5 22 85 89]
[20 20 89 87]	[22 22 89 89]
[20  8 87 85]	[22 22 89 87]
[ 8  1 85 87]	[22 24 87 85]
[ 1  6 87 89]	[24 24 85 87]
[ 6  1 89 90]	[24 15 87 89]
[ 1  1 90 92]	[15 22 89 90]
[ 1  1 92 90]	[22  8 90 89]
[ 1  6 90 89]	[ 8  1 89 92]
[ 6  1 89 90]	[ 1  1 92 89]
[ 1  8 90 89]	[ 1  1 89 90]
[ 8  8 89 87]	[ 1  1 90 89]
[ 8  1 87 87]	[ 1  1 89 87]
[ 1  6 87 89]	[ 1  1 87 89]
[ 6  1 89 90]	[ 1  1 89 89]
[ 1  6 90 92]	[ 1 22 89 90]
[ 6  8 92 94]	[22 22 90 89]
[ 8  8 94 92]	[22  8 89 90]
[ 8  1 92 90]	[ 8  8 90 92]
[ 1  8 90 89]	[ 8  1 92 90]
[ 8  1 89 87]	[ 1  8 90 89]
[ 1  1 87 85]	[ 8  1 89 87]
[ 1  5 85 89]	[ 1  1 87 85]
[ 5 22 89 89]	[ 1  1 85 89]
[22 15 89 89]	[ 1  6 89 89]
[15 22 89 87]	[ 6 15 89 85]
[22 24 87 85]	[15 22 85 87]
[24 24 85 84]	[22  8 87 85]
[24 17 84 82]	[ 8 15 85 84]
[17  6 82 80]	[15 17 84 82]
[ 6 24 80 82]	[17  6 82 80]
[24  1 82 84]	[ 6  6 80 82]
[ 1 10 84 85]	[ 6  1 82 84]
[10 15 85 82]	[ 1 15 84 85]
[15 17 82 82]	[15  6 85 82]
[17  6 82 80]	[ 6  1 82 82]
[ 6 24 80 82]	[ 1 22 82 80]
[24 22 82 84]	[22  5 80 82]
[22  5 84 85]	[ 5 22 82 84]
[ 5  6 85 84]	[22 24 84 85]
[ 6  5 84 82]	[24 24 85 84]
[ 5 22 82 81]	[24  5 84 82]
[-1 -1 -1 -1]	[ 5 10 82 81]
[-1 22 -1 -1]	[10 22 81 82]
[22 19 -1 85]	[22 22 82 82]
[19 19 85 84]	[22 22 82 85]
[19 22 84 82]	[22 17 85 82]
[22 22 82 89]	[17 22 82 80]
[22 22 89 87]	[22 22 80 82]
[22  5 87 85]	[22 22 82 84]
[ 5 10 85 84]	[22 24 84 85]
[10  1 84 82]	[24 22 85 84]
[ 1 22 82 85]	[22 22 84 82]
[22  1 85 85]	[22 22 82 85]
[ 1  6 85 85]	[22 22 85 85]
[ 6  8 85 82]	[22  1 85 85]
[ 8 22 82 80]	[ 1  8 85 85]
[22  3 80 85]	[ 8 22 85 80]
[ 3  8 85 85]	[22 19 80 82]
[ 8  8 85 84]	[19  8 82 85]
[ 8  8 84 85]	[ 8  8 85 84]
[ 8  5 85 87]	[ 8  8 84 84]
[ 5  5 87 89]	[ 8 24 84 87]
[ 5 22 89 87]	[24 15 87 87]
[22  5 87 85]	[15 15 87 87]
[ 5  6 85 84]	[15 15 87 85]
[ 6  6 84 82]	[15  6 85 84]
[ 6 22 82 84]	[ 6  6 84 82]
[22  5 84 85]	[ 6 22 82 84]
[ 5  6 85 84]	[22 24 84 85]
[ 6 24 84 82]	[24 22 85 84]
[24  1 82 84]	[22  5 84 82]
[ 1  6 84 85]	[ 5 22 82 84]
[ 6 17 85 82]	[22 22 84 85]
[17  6 82 80]	[22 17 85 82]
[ 6 24 80 82]	[17 22 82 80]
[24  1 82 84]	[22 22 80 82]
[ 1 17 84 85]	[22 22 82 84]
[17 22 85 84]	[22 24 84 85]
[-1 -1 -1 -1]	[24 10 85 84]
[-1 22 -1 -1]	[10  1 84 82]
[22 19 -1 85]	[ 1 22 82 73]
[19 19 85 84]	[22 17 73 73]
[19  5 84 82]	[17  6 73 72]
[ 5  5 82 81]	[ 6  1 72 70]
[ 5 22 81 77]	[ 1 22 70 68]
[22 22 77 82]	[22  8 68 73]
[22 15 82 80]	[ 8  1 73 75]
[15 10 80 78]	[ 1  5 75 77]
[10  1 78 77]	[ 5 22 77 77]
[ 1  8 77 77]	[22 22 77 77]
[ 8  8 77 75]	[22  3 77 77]
[ 8  6 75 77]	[ 3  1 77 75]
[ 6  1 77 78]	[ 1  8 75 77]
[ 1 20 78 77]	[ 8  1 77 78]
[20 20 77 75]	[ 1  8 78 77]
[20  8 75 73]	[ 8 22 77 75]
[ 8  1 73 75]	[22  8 75 73]
[ 1  8 75 77]	[ 8  1 73 75]
[ 8 22 77 75]	[ 1 15 75 77]
[22  3 75 73]	[15 22 77 75]
[ 3  8 73 73]	[22  6 75 73]
[ 8  1 73 72]	[ 6  5 73 70]
[ 1  1 72 73]	[ 5 22 70 72]
[ 1  1 73 75]	[22  8 72 73]
[ 1  6 75 77]	[ 8  1 73 80]
[ 6  8 77 78]	[ 1 22 80 77]
[ 8  8 78 80]	[22  8 77 73]
[ 8  1 80 78]	[ 8  8 73 75]
[ 1  8 78 77]	[ 8  1 75 78]
[ 8  1 77 75]	[ 1  8 78 77]
[-1 -1 -1 -1]	[ 8  1 77 75]
[-1 22 -1 -1]	[ 1  1 75 73]
[22 19 -1 85]	[ 1  6 73 85]
[19 19 85 84]	[ 6  8 85 85]
[19 22 84 82]	[ 8  1 85 87]
[22 22 82 89]	[ 1 15 87 85]
[22 22 89 89]	[15 15 85 87]
[22 15 89 89]	[15 23 87 89]
[15 15 89 87]	[23  6 89 90]
[15 15 87 89]	[ 6  1 90 90]
[15 17 89 90]	[ 1  6 90 89]
[17 10 90 92]	[ 6  1 89 90]
[10 15 92 94]	[ 1 10 90 92]
[15 22 94 90]	[10 15 92 94]
[22 22 90 89]	[15 22 94 90]
[22 17 89 90]	[22 22 90 89]
[17  8 90 92]	[22  1 89 90]
[ 8  1 92 92]	[ 1  8 90 92]
[ 1  1 92 92]	[ 8  8 92 87]
[ 1  6 92 92]	[ 8  1 87 92]
[ 6  1 92 90]	[ 1  6 92 92]
[ 1 15 90 89]	[ 6  1 92 90]
[15  8 89 87]	[ 1  1 90 89]
[ 8  8 87 87]	[ 1 15 89 87]
[ 8  1 87 85]	[15  1 87 87]
[ 1  1 85 85]	[ 1  6 87 85]
[ 1  3 85 89]	[ 6 22 85 85]
[ 3  1 89 87]	[22  8 85 85]
[ 1  8 87 85]	[ 8 23 85 87]
[ 8 14 85 87]	[23 15 87 85]
[14 15 87 89]	[15 15 85 87]
[15 15 89 90]	[15  6 87 89]
[15 22 90 90]	[ 6  6 89 90]
[22 22 90 89]	[ 6 10 90 90]
[22 17 89 90]	[10 15 90 89]
[17 10 90 92]	[15 17 89 90]
[10 15 92 94]	[17 10 90 92]
[15 22 94 90]	[10 15 92 94]
[22 22 90 89]	[15 22 94 90]
[22 17 89 90]	[22 22 90 89]
[17  8 90 92]	[22 17 89 90]
[ 8  1 92 92]	[17  8 90 92]
[ 1  1 92 92]	[ 8  1 92 87]
[ 1  6 92 92]	[ 1  1 87 92]
[ 6  1 92 90]	[ 1  6 92 92]
[ 1 15 90 89]	[ 6  1 92 90]
[15  8 89 87]	[ 1  1 90 89]
[ 8  1 87 87]	[ 1  8 89 87]
[-1 -1 -1 -1]	[ 8  1 87 87]
[-1 22 -1 -1]	[ 1  1 87 85]
[22 19 -1 85]	[ 1  1 85 85]
[19 19 85 84]	[ 1  8 85 85]
[19  5 84 82]	[ 8  1 85 92]
[ 5 22 82 84]	[ 1  1 92 89]
[22  8 84 82]	[ 1 22 89 87]
[ 8  1 82 84]	[22  8 87 85]
[ 1  1 84 85]	[ 8  8 85 84]
[ 1  3 85 84]	[ 8  8 84 85]
[ 3  8 84 82]	[ 8 24 85 84]
[ 8  1 82 84]	[24 24 84 82]
[ 1 15 84 85]	[24  1 82 80]
[15  1 85 87]	[ 1 15 80 85]
[ 1  1 87 89]	[15  1 85 87]
[ 1 20 89 90]	[ 1  1 87 89]
[20  1 90 87]	[ 1  8 89 90]
[ 1  1 87 85]	[ 8  1 90 87]
[ 1 24 85 92]	[ 1  1 87 85]
[24 24 92 90]	[ 1 24 85 92]
[24 17 90 89]	[24 24 92 90]
[17 17 89 87]	[24 17 90 89]
[17  6 87 85]	[17 17 89 87]
[ 6  6 85 94]	[17  6 87 85]
[ 6  1 94  0]	[ 6  6 85 94]
[ 1  6  0 89]	[ 6  1 94  0]
[ 6  8 89 90]	[ 1  6  0 89]
[ 8 17 90 92]	[ 6  8 89 90]
[17 22 92 92]	[ 8 17 90 92]
[22 22 92 94]	[17 22 92 92]
[22  6 94 92]	[22 22 92 94]
[ 6  6 92 90]	[22  6 94 92]
[ 6  8 90 89]	[ 6  6 92 90]
[ 8  8 89 87]	[ 6  8 90 89]
[ 8  1 87  0]	[ 8  8 89 87]
[ 1 24  0 80]	[ 8  1 87  0]
[24 21 80 82]	[ 1 24  0 80]
[21 22 82 84]	[24 19 80 82]
[22  8 84 85]	[19 22 82 84]
[ 8  1 85 87]	[22  8 84 85]
[ 1  1 87 89]	[ 8  1 85 87]
[ 1 20 89 90]	[ 1  1 87 89]
[20  1 90 87]	[ 1 20 89 90]
[-1 -1 -1 -1]	[20  1 90 87]
[-1 22 -1 -1]	[ 1 22 87 85]
[22 19 -1 85]	[22 22 85 70]
[19 19 85 84]	[22 22 70 70]
[19  5 84 82]	[22  5 70 70]
[ 5  5 82 81]	[ 5  5 70 69]
[ 5  5 81 79]	[ 5 22 69 65]
[ 5 22 79 77]	[22 21 65 70]
[22 22 77 73]	[21 22 70 72]
[22  3 73 70]	[22 22 72 73]
[ 3  3 70 75]	[22 15 73 73]
[ 3  8 75 73]	[15  6 73 75]
[ 8  1 73 72]	[ 6  6 75 73]
[ 1  1 72 73]	[ 6  6 73 72]
[ 1  8 73 73]	[ 6  5 72 73]
[ 8  1 73 72]	[ 5  5 73 72]
[ 1  8 72 73]	[ 5 22 72 72]
[ 8  1 73 75]	[22  8 72 73]
[ 1  6 75 77]	[ 8  8 73 75]
[ 6  1 77 78]	[ 8  8 75 77]
[ 1 22 78 80]	[ 8  1 77 78]
[22 15 80 80]	[ 1  6 78 77]
[15  8 80 78]	[ 6 15 77 73]
[ 8  1 78 78]	[15 15 73 78]
[ 1 15 78 77]	[15 22 78 78]
[15  1 77 75]	[22 22 78 77]
[ 1  8 75 73]	[22 22 77 75]
[ 8  8 73 75]	[22 22 75 73]
[ 8 22 75 75]	[22 15 73 75]
[22  3 75 73]	[15  1 75 75]
[ 3  8 73 73]	[ 1 22 75 73]
[ 8 10 73 72]	[22 12 73 73]
[10 17 72 70]	[12 19 73 72]
[17 17 70 68]	[19 17 72 70]
[17 17 68 67]	[17 17 70 68]
[17 17 67 65]	[17 17 68 67]
[17 17 65 66]	[17 17 67 65]
[17 14 66 68]	[17 17 65 66]
[14 10 68 68]	[17 14 66 68]
[10 10 68 70]	[14 10 68 68]
[10 15 70 68]	[10 10 68 70]
[15 10 68 66]	[10 15 70 68]
[10 22 66 65]	[15 10 68 66]
[22 24 65 77]	[10 22 66 65]
[24 22 77 75]	[22  3 65 77]
[22  5 75 73]	[ 3 22 77 75]
[ 5  5 73 72]	[22 22 75 73]
[ 5 22 72 70]	[22  5 73 72]
[-1 -1 -1 -1]	[ 5 10 72 72]
[-1 22 -1 -1]	[10 22 72 70]
[22 19 -1 85]	[22 22 70 77]
[19 19 85 84]	[22  5 77 82]
[19  5 84 82]	[ 5 22 82 84]
[ 5 22 82 84]	[22  5 84 85]
[22  8 84 82]	[ 5  6 85 84]
[ 8  6 82 80]	[ 6 24 84 82]
[ 6  1 80 78]	[24  5 82 84]
[ 1 17 78 77]	[ 5  5 84 81]
[17 22 77 80]	[ 5 17 81 77]
[22  8 80 80]	[17 22 77 80]
[ 8  1 80 78]	[22  8 80 80]
[ 1  6 78 77]	[ 8  1 80 78]
[ 6 24 77 82]	[ 1  6 78 77]
[24  5 82 82]	[ 6 22 77 82]
[ 5 22 82 81]	[22  5 82 82]
[22  5 81 82]	[ 5 22 82 81]
[ 5 22 82 84]	[22  5 81 82]
[22  8 84 85]	[ 5 22 82 84]
[ 8  1 85 87]	[22  8 84 85]
[ 1 22 87 89]	[ 8  1 85 87]
[22 15 89 89]	[ 1 22 87 89]
[15  8 89 87]	[22 15 89 89]
[ 8  1 87 87]	[15  8 89 87]
[ 1 22 87 89]	[ 8  1 87 87]
[22 15 89 89]	[ 1  1 87 85]
[15 22 89 87]	[ 1 21 85 89]
[22 24 87 85]	[21 22 89 87]
[24  6 85 84]	[22 24 87 85]
[ 6  6 84 82]	[24  6 85 84]
[ 6 22 82 84]	[ 6  6 84 82]
[22  5 84 85]	[ 6 22 82 84]
[ 5 22 85 84]	[22  5 84 85]
[-1 -1 -1 -1]	[ 5 10 85 84]
[-1 22 -1 -1]	[10 15 84 82]
[22 19 -1 85]	[15 15 82 75]
[19 19 85 84]	[15 18 75 75]
[19  5 84 82]	[18 15 75 73]
[ 5 22 82 84]	[15  1 73 78]
[22 12 84 85]	[ 1 22 78 80]
[12 10 85 84]	[22 22 80 82]
[10 24 84 82]	[22 22 82 81]
[24  1 82 84]	[22  8 81 82]
[ 1 24 84 85]	[ 8  1 82 84]
[24  1 85 84]	[ 1  8 84 85]
[ 1  6 84 85]	[ 8  1 85 84]
[ 6 15 85 82]	[ 1  6 84 85]
[15 17 82 87]	[ 6 17 85 82]
[17 10 87 87]	[17 17 82 84]
[10  3 87 86]	[17 17 84 87]
[ 3  8 86 87]	[17  3 87 86]
[ 8  1 87 87]	[ 3  8 86 87]
[ 1 15 87 85]	[ 8  1 87 87]
[15 15 85 75]	[ 1  6 87 85]
[15 15 75 77]	[ 6  6 85 82]
[15 10 77 78]	[ 6 11 82 78]
[10 11 78 77]	[11 17 78 75]
[11 10 77 75]	[17 19 75 77]
[10 10 75 77]	[19 10 77 75]
[10 10 77  0]	[10 10 75 74]
[10 15  0 80]	[10  8 74 77]
[15 22 80 78]	[ 8  8 77 80]
[22 15 78 77]	[ 8 22 80 78]
[15  8 77 75]	[22 15 78 77]
[ 8  1 75 75]	[15 11 77 78]
[ 1 22 75 77]	[11 10 78 75]
[22 15 77 77]	[10 10 75 77]
[-1 -1 -1 -1]	[10  3 77 77]
[-1 22 -1 -1]	[ 3  5 77 75]
[22 19 -1 85]	[ 5 22 75 84]
[19 19 85 84]	[22 21 84 77]
[19  5 84 82]	[21 22 77 84]
[ 5 22 82 84]	[22  8 84 85]
[22  8 84 85]	[ 8  8 85 84]
[ 8  3 85 84]	[ 8  1 84 82]
[ 3  8 84 82]	[ 1 19 82 80]
[ 8  8 82 84]	[19  5 80 82]
[ 8  1 84 84]	[ 5  5 82 84]
[ 1  5 84 89]	[ 5 22 84 84]
[ 5 22 89 87]	[22  8 84 85]
[22 24 87 85]	[ 8  1 85 87]
[24  6 85 84]	[ 1  1 87 85]
[ 6  8 84 82]	[ 1  6 85 84]
[ 8 13 82 80]	[ 6  1 84 82]
[13 13 80 78]	[ 1 15 82 80]
[13  6 78 77]	[15  5 80 78]
[ 6  8 77 82]	[ 5 22 78 77]
[ 8 22 82 84]	[22  8 77 82]
[22  5 84 85]	[ 8 22 82 80]
[ 5 22 85 84]	[22  8 80 85]
[22 21 84 89]	[ 8 15 85 84]
[21 22 89 87]	[15 24 84 82]
[22  5 87 85]	[24 24 82 87]
[ 5 22 85 84]	[24  5 87 85]
[22  1 84 85]	[ 5 22 85 84]
[ 1  8 85 85]	[22 22 84 82]
[ 8  1 85 84]	[22 17 82 85]
[ 1  8 84 85]	[17  1 85 84]
[ 8  1 85 84]	[ 1  8 84 85]
[ 1  1 84 85]	[ 8  1 85 87]
[ 1  3 85 84]	[ 1 24 87 80]
[ 3  8 84 82]	[24  3 80 84]
[ 8  1 82 80]	[ 3  8 84 82]
[ 1 22 80 80]	[ 8  1 82 80]
[22  1 80 85]	[ 1 22 80 80]
[ 1  6 85 80]	[22  5 80 85]
[ 6 10 80 82]	[ 5  6 85 84]
[10 10 82 82]	[ 6  1 84 82]
[10 15 82 80]	[ 1 20 82 77]
[-1 -1 -1 -1]	[20 15 77 80]
[-1 22 -1 -1]	[15 22 80 78]
[22 19 -1 85]	[22 22 78 70]
[19 19 85 84]	[22 22 70 73]
[19  5 84 82]	[22 22 73 72]
[ 5  5 82 81]	[22 24 72 73]
[ 5  5 81 79]	[24  1 73 75]
[ 5  5 79 77]	[ 1  1 75 77]
[ 5 22 77 77]	[ 1  8 77 77]
[22  8 77 73]	[ 8 22 77 75]
[ 8  8 73 72]	[22 17 75 73]
[ 8  8 72 73]	[17  5 73 72]
[ 8  1 73 75]	[ 5  5 72 72]
[ 1 22 75 77]	[ 5 22 72 72]
[22  3 77 73]	[22  3 72 77]
[ 3  3 73 75]	[ 3 21 77 75]
[ 3  3 75 70]	[21 22 75 75]
[ 3 22 70 72]	[22 17 75 73]
[22 15 72 73]	[17 22 73 72]
[15 15 73 75]	[22 15 72 73]
[15  5 75 73]	[15 22 73 75]
[ 5  5 73 72]	[22 24 75 73]
[ 5 22 72 70]	[24 17 73 72]
[-1 -1 -1 -1]	[17 10 72 72]
[-1 22 -1 -1]	[10 22 72 70]
[22 19 -1 85]	[22  5 70 77]
[19 19 85 84]	[ 5 22 77 75]
[19  5 84 82]	[22  8 75 73]
[ 5  5 82 81]	[ 8  1 73 75]
[ 5  5 81 81]	[ 1  6 75 77]
[ 5 22 81 80]	[ 6  1 77 78]
[22  8 80 82]	[ 1  6 78 80]
[ 8 15 82 80]	[ 6 17 80 82]
[15 22 80 78]	[17  6 82 80]
[22 15 78 77]	[ 6  1 80 78]
[15  8 77 75]	[ 1  1 78 77]
[ 8  1 75 75]	[ 1 20 77 75]
[ 1  1 75 77]	[20  1 75 75]
[ 1  1 77 78]	[ 1  1 75 73]
[ 1 15 78 80]	[ 1  8 73 77]
[15  1 80 78]	[ 8  6 77 80]
[ 1  8 78 77]	[ 6  1 80 78]
[ 8 22 77 75]	[ 1 21 78 77]
[22  8 75 73]	[21 22 77 75]
[ 8  8 73 72]	[22  5 75 73]
[ 8  8 72 73]	[ 5 22 73 72]
[ 8  1 73 75]	[22  8 72 73]
[ 1 22 75 77]	[ 8  1 73 75]
[22 22 77 77]	[ 1 10 75 77]
[22  8 77 78]	[10 10 77 77]
[ 8  8 78 80]	[10 10 77 78]
[ 8  1 80 78]	[10 15 78 80]
[ 1  1 78 77]	[15  5 80 78]
[ 1  8 77 75]	[ 5 22 78 77]
[ 8  1 75 75]	[22 22 77 77]
[ 1  6 75 77]	[22 22 77 75]
[ 6  8 77 78]	[22 22 75 77]
[ 8  8 78 80]	[22 17 77 78]
[ 8  1 80 78]	[17  6 78 80]
[ 1  1 78 77]	[ 6  1 80 78]
[ 1  1 77 77]	[ 1  8 78 77]
[ 1  8 77 77]	[ 8  1 77 75]
[ 8  8 77 75]	[ 1  3 75 77]
[ 8  1 75 75]	[ 3  8 77 75]
[ 1  1 75 77]	[ 8  1 75 75]
[ 1 17 77 79]	[ 1  1 75 77]
[17 22 79 80]	[ 1 20 77 79]
[22  3 80 80]	[20 10 79 80]
[ 3  8 80 79]	[10  3 80 80]
[ 8  8 79 80]	[ 3  8 80 79]
[ 8  1 80 78]	[ 8 17 79 80]
[ 1  6 78 77]	[17 22 80 80]
[ 6  8 77 82]	[22  6 80 77]
[ 8  6 82 80]	[ 6  6 77 82]
[ 6  1 80 78]	[ 6 20 82 80]
[ 1 15 78 77]	[20 10 80 78]
[15  8 77 75]	[10 10 78 77]
[ 8  1 75 75]	[10 15 77 75]
[ 1  1 75 77]	[15 22 75 75]
[ 1  6 77 77]	[22  1 75 77]
[ 6  8 77 82]	[ 1  1 77 77]
[ 8  6 82 80]	[ 1  1 77 78]
[ 6  1 80 78]	[ 1 24 78 80]
[ 1 15 78 77]	[24  1 80 78]
[15  8 77 75]	[ 1  1 78 77]
[ 8  1 75 75]	[ 1 20 77 75]
[-1 -1 -1 -1]	[20  1 75 75]
[-1 22 -1 -1]	[ 1  5 75 73]
[22 19 -1 85]	[ 5 22 73 84]
[19 19 85 84]	[22 21 84 77]
[19  5 84 82]	[21 22 77 84]
[ 5 22 82 84]	[22  8 84 85]
[22  8 84 85]	[ 8  8 85 84]
[ 8  3 85 84]	[ 8  1 84 82]
[ 3  8 84 82]	[ 1 19 82 80]
[ 8  8 82 84]	[19  5 80 82]
[ 8  1 84 84]	[ 5  5 82 84]
[ 1  5 84 89]	[ 5 22 84 84]
[ 5 22 89 87]	[22  8 84 85]
[22 24 87 85]	[ 8  1 85 87]
[24  6 85 84]	[ 1  1 87 85]
[ 6  8 84 82]	[ 1  6 85 84]
[ 8 13 82 80]	[ 6  1 84 82]
[13 13 80 78]	[ 1 15 82 80]
[13  6 78 77]	[15  5 80 78]
[ 6  8 77 82]	[ 5 22 78 77]
[ 8 22 82 84]	[22  8 77 82]
[22  5 84 85]	[ 8 22 82 80]
[ 5 22 85 84]	[22  8 80 85]
[22 21 84 89]	[ 8 15 85 84]
[21 22 89 87]	[15 24 84 82]
[22  5 87 85]	[24 24 82 87]
[ 5 22 85 84]	[24  5 87 85]
[22  1 84 85]	[ 5 22 85 84]
[ 1  8 85 85]	[22 22 84 82]
[ 8  1 85 84]	[22 17 82 85]
[ 1  8 84 85]	[17  1 85 84]
[ 8  1 85 84]	[ 1  8 84 85]
[ 1  1 84 85]	[ 8  1 85 87]
[ 1  3 85 84]	[ 1 24 87 80]
[ 3  8 84 82]	[24  3 80 84]
[ 8  1 82 80]	[ 3  8 84 82]
[ 1 22 80 80]	[ 8  1 82 80]
[22  1 80 85]	[ 1 22 80 80]
[ 1  6 85 80]	[22  5 80 85]
[ 6 10 80 82]	[ 5  6 85 84]
[10 10 82 82]	[ 6  1 84 82]
[10 15 82 80]	[ 1 20 82 77]
[-1 -1 -1 -1]	[20 15 77 80]
[-1 22 -1 -1]	[15  1 80 78]
[22 19 -1 85]	[ 1 22 78 89]
[19 19 85 84]	[22 22 89 89]
[19 22 84 82]	[22 18 89 89]
[22 22 82 89]	[18 15 89 92]
[22 22 89 87]	[15  8 92 90]
[22 22 87 85]	[ 8  1 90 90]
[22  1 85 87]	[ 1  1 90 89]
[ 1  8 87 89]	[ 1  1 89 89]
[ 8 14 89 87]	[ 1 20 89 89]
[14 15 87 89]	[20  1 89 87]
[15  1 89 90]	[ 1 15 87 89]
[ 1  8 90 89]	[15  1 89 90]
[ 8  1 89 87]	[ 1  8 90 89]
[ 1  1 87 89]	[ 8  1 89 87]
[ 1 22 89 89]	[ 1  1 87 85]
[22  3 89 89]	[ 1  1 85 89]
[ 3  8 89 87]	[ 1 20 89 89]
[ 8  8 87 87]	[20  8 89 87]
[ 8  1 87 85]	[ 8 22 87 87]
[ 1  1 85 85]	[22 22 87 85]
[ 1  6 85 92]	[22  5 85 85]
[ 6  8 92 94]	[ 5  6 85 84]
[ 8  8 94 92]	[ 6 18 84 94]
[ 8 22 92 90]	[18 15 94 92]
[22 15 90 89]	[15  1 92 90]
[15  8 89 87]	[ 1 15 90 89]
[ 8  1 87 87]	[15  8 89 87]
[-1 -1 -1 -1]	[ 8  1 87 87]
[-1 22 -1 -1]	[ 1 22 87 85]
[22 19 -1 85]	[22 22 85 89]
[19 19 85 84]	[22  5 89 89]
[19  5 84 82]	[ 5  5 89 89]
[ 5 22 82 84]	[ 5 24 89 89]
[22  8 84 85]	[24 22 89 87]
[ 8  1 85 87]	[22  5 87 85]
[ 1  1 87 89]	[ 5  1 85 84]
[ 1  1 89 89]	[ 1 22 84 89]
[ 1  1 89 90]	[22 22 89 89]
[ 1 15 90 92]	[22 18 89 90]
[15  1 92 90]	[18 15 90 92]
[ 1  8 90 89]	[15  1 92 90]
[ 8  1 89 87]	[ 1  8 90 89]
[ 1  1 87 85]	[ 8  1 89 87]
[ 1 21 85 89]	[ 1  1 87 89]
[21 22 89 87]	[ 1 15 89 89]
[22 24 87 85]	[15  3 89 87]
[24  6 85 84]	[ 3 17 87 85]
[ 6  6 84 82]	[17  6 85 84]
[ 6 22 82 84]	[ 6  8 84 82]
[22  5 84 85]	[ 8 22 82 84]
[ 5 22 85 84]	[22  5 84 85]
[22 22 84 82]	[ 5  5 85 84]
[22 22 82 84]	[ 5  1 84 89]
[22 15 84 85]	[ 1  6 89 85]
[15 15 85 87]	[ 6 15 85 85]
[15 15 87 89]	[15 17 85 87]
[15 10 89 87]	[17 15 87 89]
[10 15 87 86]	[15 15 89 90]
[15 15 86 87]	[15 21 90 89]
[15 17 87 90]	[21  5 89 87]
[17 11 90 89]	[ 5  5 87 87]
[11 10 89 87]	[ 5  5 87 89]
[-1 -1 -1 -1]	[ 5 10 89 87]
[-1 22 -1 -1]	[10 -1 87 86]
[22 19 -1 85]	[-1  1 86  0]
[19 19 85 84]	[ 1 24  0 73]
[19  5 84 82]	[24  1 73 72]
[ 5 22 82 84]	[ 1  3 72 73]
[22  6 84 85]	[ 3  5 73 75]
[ 6  6 85 73]	[ 5 22 75 75]
[ 6 15 73 75]	[22 24 75 73]
[15 15 75 75]	[24  5 73 75]
[15 15 75 77]	[ 5  5 75 77]
[15 22 77 78]	[ 5  6 77  0]
[22  3 78 77]	[ 6  1  0 78]
[ 3  3 77 75]	[ 1 21 78 77]
[ 3  8 75 73]	[21 22 77 75]
[ 8  1 73 72]	[22  8 75 73]
[ 1  8 72 73]	[ 8  8 73 72]
[ 8  1 73 72]	[ 8 15 72 73]
[ 1  1 72 73]	[15  1 73 75]
[ 1  6 73 73]	[ 1  1 75 73]
[ 6  6 73 73]	[ 1  1 73  0]
[ 6  1 73 75]	[ 1 15  0 73]
[ 1  6 75 77]	[15 15 73 75]
[ 6  1 77 78]	[15 21 75 77]
[ 1 15 78 77]	[21  5 77 78]
[15  1 77 75]	[ 5  5 78 77]
[ 1 21 75 77]	[ 5 22 77 75]
[21 22 77 75]	[22 15 75 73]
[22  5 75 73]	[15 15 73 75]
[ 5 22 73 72]	[15 17 75 73]
[22 22 72 70]	[17 22 73 72]
[22 12 70 70]	[22 22 72 70]
[12 17 70 70]	[22 12 70  0]
[17  1 70 68]	[12 17  0 72]
[ 1  8 68 73]	[17 13 72 68]
[ 8  1 73 75]	[13  3 68 68]
[ 1  6 75 77]	[ 3 14 68 75]
[ 6  1 77 78]	[14 15 75 77]
[ 1  8 78 77]	[15 15 77 78]
[ 8  1 77 75]	[15 11 78 77]
[ 1  1 75 73]	[11 18 77 75]
[ 1  8 73 77]	[18 18 75 73]
[ 8 24 77 80]	[18  8 73  0]
[24 22 80 78]	[ 8  1  0 80]
[22 24 78 77]	[ 1 22 80 77]
[24 22 77 75]	[22 15 77 77]
[22  5 75 73]	[15 18 77 75]
[ 5 22 73 72]	[18  8 75 73]
[22  8 72 73]	[ 8  1 73 72]
[ 8  1 73 75]	[ 1 20 72 73]
[-1 -1 -1 -1]	[20  1 73 75]
[-1 22 -1 -1]	[ 1 22 75 73]
[22 19 -1 85]	[22  5 73 89]
[19 19 85 84]	[ 5 22 89 89]
[19 22 84 82]	[22 22 89 89]
[22 22 82 89]	[22  8 89 90]
[22 22 89 87]	[ 8  8 90 92]
[22 22 87 85]	[ 8  1 92 90]
[22  1 85 87]	[ 1 15 90 89]
[ 1  8 87 89]	[15 17 89 87]
[ 8  1 89 87]	[17 17 87 89]
[ 1  1 87 85]	[17  1 89 87]
[ 1  5 85 89]	[ 1  1 87 85]
[ 5 22 89 89]	[ 1  5 85 89]
[22 22 89 89]	[ 5 22 89 89]
[22  8 89 90]	[22 22 89 89]
[ 8 15 90 92]	[22 17 89 90]
[15 22 92 90]	[17 17 90 92]
[22 15 90 89]	[17 22 92 90]
[15  5 89 87]	[22  3 90 89]
[ 5 22 87 89]	[ 3  5 89 87]
[22 22 89 85]	[ 5 22 87 89]
[22  6 85 89]	[22 22 89 85]
[ 6  1 89 90]	[22  6 85 89]
[ 1  3 90 89]	[ 6  1 89 90]
[ 3 22 89 87]	[ 1  3 90 89]
[22 22 87 85]	[ 3 22 89 87]
[22 22 85 87]	[22 22 87 85]
[22  5 87 89]	[22 22 85 87]
[ 5  6 89 84]	[22  5 87 89]
[ 6 14 84 82]	[ 5  6 89 84]
[14 15 82 89]	[ 6 14 84 82]
[15  1 89 90]	[14 15 82 89]
[ 1  8 90 89]	[15  1 89 90]
[ 8 22 89 87]	[ 1  8 90 89]
[22 22 87 85]	[ 8 22 89 87]
[22 22 85 87]	[22 22 87 85]
[22  5 87 89]	[22 22 85 87]
[ 5 22 89 84]	[22  5 87 89]
[22 10 84 85]	[ 5 22 89 84]
[10  6 85 89]	[22 22 84 82]
[ 6  3 89 89]	[22  5 82 89]
[ 3  3 89 87]	[ 5 21 89 89]
[ 3  8 87 85]	[21 22 89 87]
[ 8 15 85 84]	[22 22 87 85]
[15 15 84 82]	[22 22 85 84]
[15 22 82 84]	[22 22 84 82]
[22 22 84 85]	[22 22 82 84]
[22 15 85 85]	[22 22 84 85]
[15  8 85 87]	[22 15 85 85]
[ 8  1 87 87]	[15 21 85 87]
[-1 -1 -1 -1]	[21  5 87 87]
[-1 22 -1 -1]	[ 5 15 87 89]
[22 19 -1 85]	[15  1 89 82]
[19 19 85 84]	[ 1  6 82 85]
[19  5 84 82]	[ 6 20 85 82]
[ 5  5 82 81]	[20  6 82 83]
[ 5 22 81 77]	[ 6 20 83 82]
[22 21 77 82]	[20 13 82 80]
[21 22 82 81]	[13  6 80 80]
[22  5 81 82]	[ 6  6 80 78]
[ 5 22 82 84]	[ 6 24 78 82]
[22 15 84 85]	[24 22 82 84]
[15 15 85 87]	[22 24 84 85]
[15  5 87 85]	[24 22 85 87]
[ 5 10 85 84]	[22  5 87 85]
[10 10 84 82]	[ 5 10 85 84]
[10 15 82 77]	[10 10 84 82]
[15 15 77 78]	[10 15 82 77]
[15  8 78 78]	[15 15 77 78]
[ 8 14 78 80]	[15  8 78 78]
[14 10 80 80]	[ 8 24 78 80]
[10 10 80 82]	[24 22 80 80]
[10 15 82 80]	[22 22 80 82]
[15 15 80 78]	[22 15 82 82]
[15 22 78 77]	[15 15 82 78]
[22 22 77 77]	[15  1 78 75]
[22  8 77 78]	[ 1  6 75 77]
[ 8  8 78 80]	[ 6 24 77 78]
[ 8  1 80 78]	[24 15 78 80]
[ 1  8 78 77]	[15 22 80 78]
[-1 -1 -1 -1]	[22  3 78 77]
[-1 22 -1 -1]	[ 3  1 77 75]
[22 19 -1 85]	[ 1  6 75 85]
[19 19 85 84]	[ 6  1 85 85]
[19 22 84 82]	[ 1  8 85 85]
[22 22 82 89]	[ 8 22 85 87]
[22 17 89 89]	[22  6 87 85]
[17  6 89 89]	[ 6  1 85 90]
[ 6  1 89 90]	[ 1  6 90 92]
[ 1  6 90 89]	[ 6 22 92 90]
[ 6 20 89 90]	[22 22 90 89]
[20  6 90 92]	[22 17 89 90]
[ 6  1 92 94]	[17  6 90 92]
[ 1  6 94 92]	[ 6  8 92 94]
[ 6  1 92 90]	[ 8  8 94 92]
[ 1  8 90 89]	[ 8  1 92 90]
[ 8  1 89 87]	[ 1  8 90 89]
[ 1  1 87 85]	[ 8  1 89 87]
[ 1  8 85 89]	[ 1  1 87 85]
[ 8  1 89 92]	[ 1 24 85 85]
[ 1  6 92 89]	[24  1 85 90]
[ 6  1 89 90]	[ 1  1 90 89]
[ 1  8 90 89]	[ 1  1 89 90]
[ 8 22 89 87]	[ 1  8 90 92]
[22  8 87 85]	[ 8  1 92 87]
[ 8  3 85 84]	[ 1  1 87 85]
[ 3  8 84 82]	[ 1  3 85 84]
[ 8  8 82 80]	[ 3  8 84 82]
[ 8  8 80  0]	[ 8  8 82 80]
[ 8  3  0 87]	[ 8  8 80 80]
[ 3  8 87 87]	[ 8  3 80 87]
[ 8  1 87 87]	[ 3  8 87 87]
[ 1  6 87 89]	[ 8  1 87 87]
[ 6  1 89 90]	[ 1 15 87 89]
[ 1  3 90 89]	[15 15 89 90]
[ 3 22 89 87]	[15 15 90 89]
[22 22 87 85]	[15 22 89 87]
[22  1 85 87]	[22 22 87 85]
[ 1 20 87 89]	[22  1 85 87]
[20 22 89 87]	[ 1  8 87 89]
[22  1 87 85]	[ 8  1 89 87]
[ 1  6 85 85]	[ 1  1 87 85]
[ 6  6 85 85]	[ 1  6 85 85]
[-1 -1 -1 -1]	[ 6  1 85 85]
[-1 22 -1 -1]	[ 1  1 85 85]
[22 19 -1 85]	[ 1 22 85 73]
[19 19 85 84]	[22 17 73 73]
[19  5 84 82]	[17  6 73 72]
[ 5  5 82 81]	[ 6  8 72 70]
[ 5  5 81 79]	[ 8  1 70 72]
[ 5 22 79 77]	[ 1 15 72 73]
[22 22 77 73]	[15  1 73 75]
[22 22 73 72]	[ 1  1 75 73]
[22 22 72 73]	[ 1  1 73 73]
[22 17 73 73]	[ 1  3 73 73]
[17  6 73 72]	[ 3  8 73 75]
[ 6  8 72 70]	[ 8  8 75 72]
[ 8  1 70 72]	[ 8  8 72 70]
[ 1  1 72 73]	[ 8  3 70 68]
[ 1  8 73 73]	[ 3  8 68 73]
[ 8  8 73 72]	[ 8  5 73 72]
[ 8  1 72 68]	[ 5 22 72 72]
[ 1 15 68 73]	[22  6 72 73]
[15  1 73 75]	[ 6 24 73 73]
[ 1  1 75 77]	[24  1 73 75]
[ 1  8 77 77]	[ 1  3 75 77]
[ 8  8 77 75]	[ 3  8 77 75]
[ 8  6 75 77]	[ 8 17 75 75]
[ 6  1 77 78]	[17  6 75 77]
[ 1  8 78 77]	[ 6  1 77 78]
[ 8  1 77 75]	[ 1  3 78 77]
[ 1 20 75 77]	[ 3 17 77 75]
[20 22 77 75]	[17 17 75 77]
[22  1 75 73]	[17 22 77 75]
[ 1 15 73 73]	[22  1 75 73]
[15  8 73 75]	[ 1  1 73 73]
[ 8  1 75 75]	[ 1  8 73 75]
[-1 -1 -1 -1]	[ 8  8 75 75]
[-1 22 -1 -1]	[ 8 22 75 73]
[22 19 -1 85]	[22 15 73 82]
[19 19 85 84]	[15  6 82 82]
[19  5 84 82]	[ 6  5 82 82]
[ 5  5 82 81]	[ 5  5 82 81]
[ 5 22 81 77]	[ 5  5 81 79]
[22 21 77 82]	[ 5 22 79 77]
[21 22 82 84]	[22  5 77 82]
[22  6 84 85]	[ 5 22 82 84]
[ 6 15 85 85]	[22 22 84 85]
[15 15 85 87]	[22  5 85 85]
[15 15 87 85]	[ 5 22 85 87]
[15  5 85 84]	[22  5 87 85]
[ 5 22 84 84]	[ 5  5 85 84]
[22  8 84 85]	[ 5 22 84 84]
[ 8  1 85 87]	[22  8 84 85]
[ 1  8 87 89]	[ 8  1 85 87]
[ 8  1 89 87]	[ 1  1 87 89]
[ 1  1 87 89]	[ 1  6 89 87]
[ 1 15 89 92]	[ 6  6 87 85]
[15  1 92 90]	[ 6  8 85 90]
[ 1  8 90 89]	[ 8  1 90 90]
[ 8  1 89 87]	[ 1  1 90 89]
[ 1 20 87 89]	[ 1 22 89 87]
[20 22 89 87]	[22  8 87 89]
[22  1 87 85]	[ 8  1 89 87]
[ 1  8 85 85]	[ 1 22 87 85]
[ 8 15 85 84]	[22 24 85 85]
[15  8 84 82]	[24  6 85 84]
[ 8  1 82 80]	[ 6  8 84 82]
[ 1  1 80 77]	[ 8  1 82 80]
[ 1  1 77 73]	[ 1  1 80 77]
[ 1  1 73 80]	[ 1  1 77 78]
[ 1  6 80 80]	[ 1 22 78 80]
[ 6 13 80 82]	[22  6 80 80]
[13 15 82 80]	[ 6 17 80 82]
[15 10 80 78]	[17 15 82 80]
[10 22 78 77]	[15  5 80 78]
[22 24 77 89]	[ 5 22 78 77]
[24 22 89 87]	[22 24 77 89]
[22 24 87 85]	[24 22 89 87]
[24  5 85 84]	[22 22 87 85]
[ 5 10 84 84]	[22  5 85 84]
[-1 -1 -1 -1]	[ 5 10 84 84]
[-1 22 -1 -1]	[10  1 84 82]
[22 19 -1 85]	[ 1  1 82 80]
[19 19 85 84]	[ 1  6 80 80]
[19 22 84 82]	[ 6  8 80 82]
[22 22 82 89]	[ 8 15 82 80]
[22 22 89 87]	[15 15 80 82]
[22 15 87 85]	[15  1 82 84]
[15  8 85 85]	[ 1 20 84 85]
[ 8  8 85 84]	[20  8 85 85]
[ 8  8 84 85]	[ 8  1 85 84]
[ 8  5 85 87]	[ 1  8 84 85]
[ 5 22 87 87]	[ 8 17 85 87]
[22 17 87 85]	[17 22 87 89]
[17 17 85 84]	[22 17 89 85]
[17  8 84 85]	[17 17 85 84]
[ 8  3 85 87]	[17  8 84 85]
[ 3 24 87 82]	[ 8  3 85 87]
[24 17 82 87]	[ 3 24 87 82]
[17 22 87 87]	[24 17 82 87]
[22  8 87 85]	[17  1 87 87]
[ 8 22 85 84]	[ 1  8 87 85]
[22  3 84 82]	[ 8 22 85 84]
[ 3  8 82 82]	[22  3 84 82]
[ 8  1 82 80]	[ 3  3 82 82]
[ 1  1 80 80]	[ 3  8 82 80]
[ 1  1 80 85]	[ 8  1 80 80]
[ 1  8 85 85]	[ 1  1 80 85]
[ 8  1 85 84]	[ 1  8 85 85]
[ 1  6 84 85]	[ 8  1 85 84]
[ 6 15 85 82]	[ 1  6 84 85]
[15 17 82 87]	[ 6 15 85 82]
[17 10 87 87]	[15 17 82 87]
[10  3 87 86]	[17 10 87 87]
[ 3  8 86 87]	[10  3 87 86]
[ 8  1 87 87]	[ 3  8 86 87]
[ 1  3 87 85]	[ 8  1 87 87]
[ 3  8 85 85]	[ 1  6 87 89]
[ 8  8 85 84]	[ 6  8 89 85]
[ 8  8 84 85]	[ 8  8 85 84]
[ 8  3 85 87]	[ 8  8 84 85]
[ 3 24 87 82]	[ 8  3 85 87]
[24 17 82 87]	[ 3 24 87 82]
[17 22 87 87]	[24 17 82 87]
[22 24 87 85]	[17 22 87 87]
[24 22 85 84]	[22  8 87 85]
[22  6 84 77]	[ 8  8 85 84]
[ 6 24 77 82]	[ 8 15 84 82]
[24 17 82 82]	[15  3 82 82]
[17  1 82 80]	[ 3  3 82 82]
[-1 -1 -1 -1]	[ 3  8 82 80]
[-1 22 -1 -1]	[ 8 22 80 80]
[22 19 -1 85]	[22 19 80 73]
[19 19 85 84]	[19 19 73 72]
[19  5 84 82]	[19 22 72 70]
[ 5  5 82 81]	[22 22 70 77]
[ 5  5 81 79]	[22 22 77 75]
[ 5 22 79 77]	[22 24 75 73]
[22  3 77 77]	[24  1 73 72]
[ 3  8 77 70]	[ 1  1 72 73]
[ 8  3 70 72]	[ 1  5 73 75]
[ 3  8 72 70]	[ 5 22 75 69]
[ 8  1 70 72]	[22 22 69 70]
[ 1 15 72 65]	[22 22 70 72]
[15  1 65 66]	[22 15 72 73]
[ 1 20 66 65]	[15  1 73 66]
[20  8 65 63]	[ 1 20 66 65]
[ 8  1 63 68]	[20  8 65 63]
[ 1  1 68 65]	[ 8  1 63 68]
[ 1  1 65 66]	[ 1  1 68 65]
[ 1 22 66 68]	[ 1  1 65 77]
[22 22 68 70]	[ 1  3 77 68]
[22 22 70 72]	[ 3  8 68 67]
[22  5 72 73]	[ 8 22 67 68]
[ 5 22 73 72]	[22 24 68 73]
[22 22 72 70]	[24 24 73 72]
[22 22 70 70]	[24  8 72 70]
[22 22 70 72]	[ 8  8 70 72]
[22 15 72 73]	[ 8 15 72 72]
[15  5 73 75]	[15 15 72 73]
[ 5  5 75 77]	[15  5 73 75]
[ 5 22 77 75]	[ 5 22 75 69]
[22  5 75 73]	[22 22 69 77]
[ 5 22 73 72]	[22  5 77 73]
[22 22 72 70]	[ 5  5 73 72]
[-1 -1 -1 -1]	[ 5 22 72 70]
[-1 22 -1 -1]	[22  5 70 70]
[22 19 -1 85]	[ 5 22 70 84]
[19 19 85 84]	[22 21 84 77]
[19  5 84 82]	[21 22 77 84]
[ 5 22 82 84]	[22  8 84 85]
[22  8 84 85]	[ 8  8 85 84]
[ 8  3 85 84]	[ 8  1 84 82]
[ 3  8 84 82]	[ 1 19 82 80]
[ 8  8 82 84]	[19  5 80 82]
[ 8  1 84 84]	[ 5  5 82 84]
[ 1  5 84 89]	[ 5 22 84 84]
[ 5 22 89 87]	[22  8 84 85]
[22 24 87 85]	[ 8  1 85 87]
[24  6 85 84]	[ 1  1 87 85]
[ 6  8 84 82]	[ 1  6 85 84]
[ 8 13 82 80]	[ 6  1 84 82]
[13 13 80 78]	[ 1 15 82 80]
[13  6 78 77]	[15  5 80 78]
[ 6  8 77 82]	[ 5 22 78 77]
[ 8 22 82 84]	[22  8 77 82]
[22  5 84 85]	[ 8 22 82 80]
[ 5 22 85 84]	[22  8 80 85]
[22 21 84 89]	[ 8 15 85 84]
[21 22 89 87]	[15 24 84 82]
[22  5 87 85]	[24 24 82 87]
[ 5 22 85 84]	[24  5 87 85]
[22  1 84 85]	[ 5 22 85 84]
[ 1  8 85 85]	[22 22 84 82]
[ 8  1 85 84]	[22 17 82 85]
[ 1  8 84 85]	[17  1 85 84]
[ 8  1 85 84]	[ 1  8 84 85]
[ 1  1 84 85]	[ 8  1 85 87]
[ 1  3 85 84]	[ 1 24 87 80]
[ 3  8 84 82]	[24  3 80 84]
[ 8  1 82 80]	[ 3  8 84 82]
[ 1 22 80 80]	[ 8  1 82 80]
[22  1 80 85]	[ 1 22 80 80]
[ 1  6 85 80]	[22  5 80 85]
[ 6 10 80 82]	[ 5  6 85 84]
[10 10 82 82]	[ 6  1 84 82]
[10 15 82 80]	[ 1 20 82 77]
[-1 -1 -1 -1]	[20 15 77 80]
[-1 22 -1 -1]	[15  8 80 78]
[22 19 -1 85]	[ 8  1 78 80]
[19 19 85 84]	[ 1 17 80 77]
[19  5 84 82]	[17  6 77 80]
[ 5  5 82 81]	[ 6  8 80 82]
[ 5  5 81 79]	[ 8  8 82 80]
[ 5 22 79 77]	[ 8  1 80 78]
[22  3 77 77]	[ 1  1 78 77]
[ 3  5 77 75]	[ 1  8 77 77]
[ 5  5 75 77]	[ 8  1 77 75]
[ 5  5 77 77]	[ 1 20 75 77]
[ 5 22 77 75]	[20  8 77 75]
[22 15 75 73]	[ 8  1 75 75]
[15  8 73 75]	[ 1  8 75 73]
[ 8  1 75 75]	[ 8  8 73 75]
[ 1  6 75 77]	[ 8  1 75 75]
[ 6  8 77 78]	[ 1 15 75 77]
[ 8  8 78 80]	[15  8 77 78]
[ 8  1 80 78]	[ 8  8 78 80]
[ 1 15 78 77]	[ 8  1 80 78]
[15  8 77 75]	[ 1  8 78 77]
[ 8  1 75 75]	[ 8  8 77 75]
[ 1  1 75 77]	[ 8  1 75 75]
[ 1  1 77 78]	[ 1  1 75 77]
[ 1  6 78 80]	[ 1  8 77 79]
[ 6 13 80 82]	[ 8 22 79 80]
[13  6 82 80]	[22 22 80 82]
[ 6  8 80 78]	[22  3 82 80]
[ 8  1 78 80]	[ 3  8 80 78]
[ 1  1 80 77]	[ 8  8 78 80]
[ 1  1 77 78]	[ 8  1 80 80]
[ 1  6 78 80]	[ 1  1 80 77]
[ 6 13 80 82]	[ 1  6 77 80]
[13 15 82 80]	[ 6 17 80 82]
[15 10 80 78]	[17 15 82 80]
[10  1 78 77]	[15 10 80 78]
[ 1  8 77 77]	[10 22 78 77]
[ 8  1 77 78]	[22  8 77 77]
[ 1 15 78 77]	[ 8  1 77 75]
[15  8 77 75]	[ 1 20 75 77]
[ 8  1 75 75]	[20  8 77 75]
[-1 -1 -1 -1]	[ 8  1 75 75]
[-1 22 -1 -1]	[ 1  1 75 73]
[22 19 -1 85]	[ 1  8 73 85]
[19 19 85 84]	[ 8 22 85 84]
[19  5 84 82]	[22  8 84 82]
[ 5 22 82 84]	[ 8 13 82 84]
[22  5 84 85]	[13  6 84 80]
[ 5 22 85 84]	[ 6 17 80 82]
[22 22 84 82]	[17  1 82 84]
[22 12 82 82]	[ 1  1 84 85]
[12 17 82 82]	[ 1 22 85 85]
[17  1 82 80]	[22 17 85 85]
[ 1 15 80 80]	[17  8 85 80]
[15  1 80 78]	[ 8  8 80 80]
[ 1  6 78 80]	[ 8  1 80 78]
[ 6 13 80 82]	[ 1  1 78 77]
[13 15 82 80]	[ 1  8 77 78]
[15  5 80 78]	[ 8 15 78 80]
[ 5 22 78 77]	[15 22 80 78]
[22  6 77 77]	[22 22 78 77]
[ 6 15 77 82]	[22  6 77 77]
[15  8 82 82]	[ 6  6 77 82]
[ 8 10 82 80]	[ 6  1 82 82]
[10 12 80 82]	[ 1  1 82 80]
[12  1 82 84]	[ 1  8 80 82]
[ 1  1 84 85]	[ 8 22 82 84]
[ 1  3 85 84]	[22 22 84 85]
[ 3  8 84 82]	[22 22 85 84]
[ 8  1 82 84]	[22  8 84 82]
[ 1  1 84 85]	[ 8 22 82 80]
[ 1  3 85 84]	[22 24 80 85]
[ 3  8 84 82]	[24 22 85 84]
[ 8 22 82 80]	[22  8 84 82]
[22 22 80 82]	[ 8  6 82 80]
[22  6 82 80]	[ 6  6 80 82]
[ 6  6 80 78]	[ 6  6 82 80]
[ 6  8 78 77]	[ 6  6 80 78]
[ 8  1 77 75]	[ 6 15 78 77]
[-1 -1 -1 -1]	[15  1 77 75]
[-1 22 -1 -1]	[ 1  1 75 73]
[22 19 -1 85]	[ 1  1 73 80]
[19 19 85 84]	[ 1 24 80 77]
[19  5 84 82]	[24 24 77 75]
[ 5  5 82 81]	[24  1 75 73]
[ 5 22 81 77]	[ 1  1 73 80]
[22 22 77 82]	[ 1  6 80 80]
[22 15 82 77]	[ 6  6 80 82]
[15 15 77 78]	[ 6  3 82  0]
[15  8 78 77]	[ 3  8  0 82]
[ 8 17 77 75]	[ 8  8 82 75]
[17  6 75 80]	[ 8  1 75 75]
[ 6  1 80 78]	[ 1  8 75 80]
[ 1  8 78 77]	[ 8  1 80 78]
[ 8  1 77 75]	[ 1  8 78 77]
[ 1  1 75 73]	[ 8  1 77 75]
[ 1  6 73 80]	[ 1  1 75 73]
[ 6 15 80 82]	[ 1  6 73 80]
[15  8 82 82]	[ 6 15 80 82]
[ 8  6 82 80]	[15  8 82 82]
[ 6  1 80 78]	[ 8  8 82 80]
[ 1  1 78 77]	[ 8  1 80 78]
[ 1  8 77  0]	[ 1  1 78 77]
[ 8  1  0 75]	[ 1  8 77  0]
[ 1  3 75 77]	[ 8  1  0 75]
[ 3  8 77 79]	[ 1 19 75 77]
[ 8  3 79 80]	[19  8 77 79]
[ 3  8 80 82]	[ 8 22 79 80]
[ 8  3 82 84]	[22  8 80 82]
[ 3  8 84 82]	[ 8  3 82 84]
[ 8  8 82 80]	[ 3  3 84 82]
[ 8  1 80 80]	[ 3  8 82 80]
[ 1  1 80 80]	[ 8  8 80 80]
[ 1  1 80 80]	[ 8  1 80 80]
[ 1  6 80 85]	[ 1  1 80 80]
[ 6 20 85 82]	[ 1  1 80 80]
[20 20 82 83]	[ 1  1 80 85]
[20 10 83 80]	[ 1  6 85 83]
[10 15 80 82]	[ 6  6 83 82]
[15 15 82 82]	[ 6  6 82  0]
[15  3 82 82]	[ 6 15  0 82]
[ 3 24 82 82]	[15 19 82 82]
[24 24 82 87]	[19  8 82 82]
[24 17 87 85]	[ 8 22 82 87]
[17 17 85 84]	[22  8 87 85]
[17 17 84 82]	[ 8  8 85 84]
[17 22 82 80]	[ 8  1 84  0]
[22 22 80 82]	[ 1  6  0 80]
[22 24 82 82]	[ 6  1 80 82]
[24  5 82 84]	[ 1 15 82 80]
[ 5  5 84 81]	[15 17 80 82]
[ 5  5 81 77]	[17 22 82 84]
[ 5 17 77  0]	[22 22 84 85]
[17 22  0 80]	[22  8 85  0]
[22  8 80 80]	[ 8  1  0 80]
[ 8  1 80 78]	[ 1  6 80 80]
[ 1 15 78 77]	[ 6  6 80 78]
[15  8 77 75]	[ 6 15 78 77]
[ 8  1 75 75]	[15  8 77 75]
[-1 -1 -1 -1]	[ 8  1 75 75]
[-1 22 -1 -1]	[ 1 22 75 73]
[22 19 -1 85]	[22  1 73 73]
[19 19 85 84]	[ 1  6 73 73]
[19  5 84 82]	[ 6  6 73 70]
[ 5  5 82 81]	[ 6  1 70 72]
[ 5  5 81 79]	[ 1  1 72 73]
[ 5 22 79 77]	[ 1  1 73 75]
[22  3 77 77]	[ 1  3 75 77]
[ 3 22 77 75]	[ 3  8 77 75]
[22 22 75 73]	[ 8  1 75 75]
[22 17 73 73]	[ 1 19 75 73]
[17 17 73 72]	[19  8 73 73]
[17  5 72 70]	[ 8 15 73 72]
[ 5 22 70 72]	[15 15 72 70]
[22 15 72 73]	[15 22 70 72]
[15 15 73 75]	[22 15 72 73]
[15  5 75 73]	[15 15 73 75]
[ 5 10 73 72]	[15 24 75 73]
[10  8 72 70]	[24 22 73 72]
[ 8  1 70 75]	[22  8 72 70]
[ 1 17 75 77]	[ 8  1 70 75]
[17  8 77 77]	[ 1 17 75 77]
[ 8  8 77 72]	[17  8 77 77]
[ 8 21 72 73]	[ 8  8 77 72]
[21 22 73 75]	[ 8 21 72 73]
[22  3 75 73]	[21 22 73 75]
[ 3  8 73 73]	[22 16 75 73]
[ 8  1 73 72]	[16  5 73 73]
[ 1 24 72 73]	[ 5 22 73 72]
[24  6 73 72]	[22  3 72 73]
[ 6  6 72 70]	[ 3  3 73 75]
[ 6 22 70 72]	[ 3  3 75 70]
[22  5 72 73]	[ 3  1 70 72]
[ 5  6 73 72]	[ 1  8 72 73]
[ 6  6 72 70]	[ 8 10 73 72]
[ 6  1 70 70]	[10  3 72 70]
[ 1 22 70 68]	[ 3  8 70 70]
[22 17 68 73]	[ 8 19 70 68]
[17 17 73 72]	[19  8 68 73]
[17  5 72 70]	[ 8  3 73 72]
[ 5 22 70 72]	[ 3  3 72 70]
[22 15 72 73]	[ 3 22 70 72]
[15 15 73 75]	[22 15 72 73]
[15  5 75 73]	[15 15 73 75]
[ 5 10 73 72]	[15  5 75 73]
[-1 -1 -1 -1]	[ 5 22 73 72]
[-1 22 -1 -1]	[22 22 72 70]
[22 19 -1 85]	[22 22 70 65]
[19 19 85 84]	[22 17 65 70]
[19 22 84 82]	[17 22 70 72]
[22 22 82 89]	[22 21 72 73]
[22 22 89 87]	[21 22 73 72]
[22 12 87 85]	[22 24 72 70]
[12  1 85 84]	[24  5 70 72]
[ 1 22 84 85]	[ 5  5 72 69]
[22  6 85 65]	[ 5  5 69 67]
[ 6  1 65 70]	[ 5 17 67 65]
[ 1 15 70 68]	[17 22 65 68]
[15  1 68 66]	[22 24 68 68]
[ 1 22 66 65]	[24  5 68 66]
[22 22 65 70]	[ 5  3 66 65]
[22 24 70 70]	[ 3 22 65 70]
[24  5 70 70]	[22 22 70 70]
[ 5 22 70 69]	[22  5 70 72]
[22  5 69 70]	[ 5 22 72 69]
[ 5 22 70 72]	[22  5 69 70]
[22  8 72 73]	[ 5 22 70 72]
[ 8  1 73 75]	[22  8 72 73]
[ 1 22 75 77]	[ 8  1 73 75]
[22 15 77 77]	[ 1 22 75 77]
[15 22 77 78]	[22 15 77 77]
[22 15 78 77]	[15 15 77 75]
[15  8 77 75]	[15 15 75 77]
[ 8  1 75 75]	[15  8 77 78]
[ 1 22 75 77]	[ 8  1 78 75]
[22 15 77 77]	[ 1 10 75 73]
[15 22 77 75]	[10  3 73 77]
[22 17 75 73]	[ 3  6 77 75]
[17 17 73 72]	[ 6  8 75 73]
[17  5 72 70]	[ 8 22 73 72]
[ 5 22 70 72]	[22 22 72 70]
[22 22 72 70]	[22 16 70 72]
[22 24 70 73]	[16 16 72 73]
[24 24 73 72]	[16  5 73 72]
[-1 -1 -1 -1]	[ 5 10 72 72]
[-1 22 -1 -1]	[10  1 72 70]
[22 19 -1 85]	[ 1  8 70 92]
[19 19 85 84]	[ 8  1 92 92]
[19 22 84 82]	[ 1  1 92 92]
[22 22 82 89]	[ 1  1 92 92]
[22 22 89 89]	[ 1 11 92 94]
[22  8 89 90]	[11  6 94 95]
[ 8  8 90 92]	[ 6 13 95 94]
[ 8  8 92 92]	[13  6 94 92]
[ 8  1 92 90]	[ 6  8 92 90]
[ 1  8 90 89]	[ 8  1 90 92]
[ 8 22 89 87]	[ 1  1 92 89]
[22 22 87 85]	[ 1  1 89 87]
[22 22 85 87]	[ 1  1 87 85]
[22  3 87 89]	[ 1 22 85 87]
[ 3  8 89 91]	[22  3 87 89]
[ 8  3 91 92]	[ 3  8 89 91]
[ 3  8 92 94]	[ 8  3 91 92]
[ 8  1 94 92]	[ 3  8 92 94]
[ 1  1 92 92]	[ 8  1 94 92]
[ 1  8 92 97]	[ 1  1 92 92]
[ 8  3 97 96]	[ 1  8 92 97]
[ 3 12 96 94]	[ 8  3 97 96]
[12  1 94 96]	[ 3 12 96 94]
[ 1  1 96 97]	[12  1 94 96]
[ 1  3 97 96]	[ 1  1 96 97]
[ 3  8 96 94]	[ 1  3 97 96]
[ 8  1 94 92]	[ 3  8 96 94]
[ 1 22 92 92]	[ 8  1 94 92]
[22 18 92 97]	[ 1 22 92 92]
[18  6 97 92]	[22 18 92 97]
[ 6 22 92 94]	[18  6 97 92]
[22 22 94 89]	[ 6 22 92 94]
[22 10 89 90]	[22 22 94 89]
[10 15 90 92]	[22  8 89 90]
[15 10 92 90]	[ 8 15 90 92]
[10  1 90 89]	[15 10 92 90]
[ 1  8 89 89]	[10  1 90 89]
[ 8  8 89 87]	[ 1  8 89 89]
[ 8  6 87 89]	[ 8  8 89 87]
[ 6  1 89 90]	[ 8  6 87 89]
[ 1 18 90 89]	[ 6  1 89 90]
[18 15 89 87]	[ 1 15 90 89]
[15 15 87 82]	[15  3 89 87]
[15 22 82 84]	[ 3  8 87 82]
[-1 -1 -1 -1]	[ 8  1 82 84]
[-1 22 -1 -1]	[ 1 22 84 85]
[22 19 -1 85]	[22  1 85 73]
[19 19 85 84]	[ 1  6 73 73]
[19  5 84 82]	[ 6  1 73 73]
[ 5  5 82 81]	[ 1 15 73 73]
[ 5  5 81 79]	[15  1 73 75]
[ 5  5 79 77]	[ 1  1 75 77]
[ 5 22 77 77]	[ 1  1 77  0]
[22  8 77 77]	[ 1 22  0 77]
[ 8  1 77 75]	[22  1 77 77]
[ 1  8 75 77]	[ 1  6 77 80]
[ 8  1 77 78]	[ 6  6 80 73]
[ 1  8 78 77]	[ 6  1 73 75]
[ 8  1 77 75]	[ 1 20 75 77]
[ 1  1 75 73]	[20  1 77 75]
[ 1  8 73 77]	[ 1  1 75 73]
[ 8  5 77 75]	[ 1  8 73 77]
[ 5 22 75 77]	[ 8  5 77 75]
[22 24 77 73]	[ 5 22 75 77]
[24  5 73 75]	[22 15 77 73]
[ 5  5 75 72]	[15  5 73 75]
[ 5 22 72 72]	[ 5  5 75 72]
[22 22 72 70]	[ 5 22 72  0]
[22 22 70 72]	[22  6  0 73]
[22  3 72 73]	[ 6 18 73 73]
[ 3  3 73 75]	[18 15 73 73]
[ 3  8 75 73]	[15 16 73 75]
[ 8  3 73 72]	[16 17 75 73]
[ 3  3 72 70]	[17 22 73 72]
[ 3  8 70 70]	[22 17 72 70]
[ 8  8 70 72]	[17 17 70 72]
[ 8  8 72 72]	[17 12 72 72]
[ 8  1 72 68]	[12 17 72 72]
[ 1 15 68 73]	[17  3 72 72]
[15  6 73 73]	[ 3  8 72 73]
[ 6  6 73 73]	[ 8  8 73 75]
[ 6 24 73 73]	[ 8  8 75  0]
[24  1 73 75]	[ 8  8  0 75]
[ 1  1 75 77]	[ 8  1 75 75]
[ 1  6 77 77]	[ 1 15 75 77]
[ 6  1 77 78]	[15  8 77 78]
[ 1  1 78 80]	[ 8  1 78 78]
[ 1  1 80 78]	[ 1  1 78 77]
[ 1  1 78 77]	[ 1  1 77  0]
[ 1  1 77 78]	[ 1 22  0 77]
[ 1 15 78 80]	[22 18 77 77]
[15  1 80 78]	[18 15 77 80]
[ 1 20 78 77]	[15  1 80 78]
[20 20 77 75]	[ 1  8 78 77]
[20  8 75 73]	[ 8  8 77 75]
[ 8  1 73 75]	[ 8  8 75  0]
[ 1  8 75 77]	[ 8  5  0 75]
[ 8 22 77 75]	[ 5  5 75 77]
[22  5 75 73]	[ 5 22 77 75]
[ 5 22 73 72]	[22 17 75 73]
[-1 -1 -1 -1]	[17 22 73 72]
[-1 22 -1 -1]	[22 22 72 70]
[22 19 -1 85]	[22 22 70 82]
[19 19 85 84]	[22 22 82 85]
[19 22 84 82]	[22 22 85 84]
[22 22 82 89]	[22 24 84 85]
[22 17 89 89]	[24  1 85 87]
[17 15 89 89]	[ 1  1 87 89]
[15 22 89 87]	[ 1  8 89 89]
[22 24 87 85]	[ 8 22 89 87]
[24 24 85 84]	[22 17 87 85]
[24 24 84 85]	[17  5 85 84]
[24  5 85 87]	[ 5  5 84 84]
[ 5  5 87 89]	[ 5 22 84 84]
[ 5  5 89 89]	[22  3 84 89]
[ 5 22 89 87]	[ 3 19 89 87]
[22  5 87 85]	[19 22 87 87]
[ 5 22 85 84]	[22 17 87 85]
[22 21 84 89]	[17 22 85 84]
[21 22 89 87]	[22 15 84 85]
[22 24 87 85]	[15 22 85 87]
[24  5 85 84]	[22 24 87 85]
[ 5 10 84 84]	[24 17 85 84]
[-1 -1 -1 -1]	[17 10 84 84]
[-1 22 -1 -1]	[10 22 84 82]
[22 19 -1 85]	[22 22 82 70]
[19 19 85 84]	[22 22 70 72]
[19  5 84 82]	[22 22 72 73]
[ 5 22 82 84]	[22 22 73 75]
[22 22 84 82]	[22 22 75 77]
[22 22 82 82]	[22 22 77 82]
[22  5 82 82]	[22 24 82 82]
[ 5 22 82 81]	[24  5 82 84]
[22 22 81 82]	[ 5 22 84 81]
[22 22 82 84]	[22 22 81 82]
[22  5 84 85]	[22 22 82 82]
[ 5 22 85 84]	[22 17 82 85]
[22  1 84 85]	[17  6 85 84]
[ 1  6 85 80]	[ 6 13 84 82]
[ 6 17 80 82]	[13  6 82 80]
[17 15 82 80]	[ 6  6 80 82]
[15 15 80 78]	[ 6 15 82 80]
[15  5 78 78]	[15  1 80 78]
[ 5 22 78 77]	[ 1 22 78 77]
[22 15 77 82]	[22 22 77 77]
[15  8 82 78]	[22 22 77 77]
[ 8 22 78 80]	[22  1 77 78]
[22  6 80 73]	[ 1 22 78 80]
[ 6  1 73 78]	[22  6 80 73]
[ 1 20 78 77]	[ 6  1 73 78]
[20 20 77 75]	[ 1 20 78 77]
[20  8 75 73]	[20  8 77 75]
[ 8  1 73 75]	[ 8  8 75 75]
[ 1  6 75 77]	[ 8 15 75 75]
[ 6  8 77 78]	[15  6 75 77]
[ 8  8 78 80]	[ 6 20 77 78]
[ 8  1 80 78]	[20 20 78 80]
[ 1  6 78 77]	[20 17 80 78]
[ 6 24 77 73]	[17  6 78 77]
[24  1 73 75]	[ 6 15 77 78]
[ 1 22 75 77]	[15 22 78 75]
[22 22 77 77]	[22 22 75 77]
[22  8 77 78]	[22 22 77 77]
[ 8  1 78 80]	[22  8 77 78]
[ 1 15 80 80]	[ 8  1 78 80]
[15  1 80 78]	[ 1  6 80 77]
[ 1  8 78 77]	[ 6  1 77 78]
[ 8 22 77 75]	[ 1 20 78 77]
[22  3 75 73]	[20  1 77 75]
[ 3  3 73 75]	[ 1  1 75 73]
[ 3  3 75 70]	[ 1 22 73 73]
[ 3  1 70 72]	[22 22 73 73]
[ 1  8 72 73]	[22  6 73 72]
[ 8  1 73 68]	[ 6 15 72 73]
[ 1 15 68 73]	[15  1 73 75]
[15  1 73 75]	[ 1 24 75 73]
[ 1  1 75 77]	[24  1 73 75]
[ 1  1 77 77]	[ 1  1 75 77]
[ 1 20 77 77]	[ 1  1 77 77]
[20 20 77 75]	[ 1 13 77 77]
[20  8 75 73]	[13  1 77 75]
[ 8  1 73 75]	[ 1  8 75 77]
[ 1  1 75 77]	[ 8  1 77 75]
[ 1  1 77 78]	[ 1  3 75 77]
[ 1  6 78 80]	[ 3  8 77 79]
[ 6 24 80 82]	[ 8 15 79 80]
[24 22 82 84]	[15 22 80 82]
[22 24 84 85]	[22 22 82 84]
[24 22 85 84]	[22 22 84 85]
[22  6 84 77]	[22  6 85 84]
[ 6 24 77 82]	[ 6 15 84 82]
[24  5 82 82]	[15 24 82 82]
[-1 -1 -1 -1]	[24  5 82 84]
[-1 22 -1 -1]	[ 5  1 84 81]
[22 19 -1 85]	[ 1  6 81 77]
[19 19 85 84]	[ 6 15 77 73]
[19  5 84 82]	[15  5 73 75]
[ 5 22 82 84]	[ 5  5 75 77]
[22 22 84 82]	[ 5 22 77 75]
[22 19 82  0]	[22 22 75 73]
[19 20  0 79]	[22 16 73 77]
[20  8 79 80]	[16 17 77 79]
[ 8 13 80 80]	[17 17 79 80]
[13 13 80 78]	[17  6 80 80]
[13 20 78 77]	[ 6  1 80 78]
[20 20 77 75]	[ 1  3 78 77]
[20  8 75 73]	[ 3 22 77 75]
[ 8  1 73 75]	[22 22 75 73]
[ 1  1 75 77]	[22 22 73 75]
[ 1  1 77 78]	[22  3 75 77]
[ 1  6 78 80]	[ 3  8 77 79]
[ 6 17 80 82]	[ 8 15 79 80]
[17 15 82 80]	[15  8 80 82]
[15 22 80 78]	[ 8  6 82 80]
[22 22 78 77]	[ 6  1 80 78]
[22 15 77 75]	[ 1  6 78 77]
[15  1 75 75]	[ 6  8 77 78]
[ 1 22 75 85]	[ 8  1 78 75]
[22  1 85 85]	[ 1  1 75 73]
[ 1  6 85 85]	[ 1  1 73 85]
[ 6  6 85 82]	[ 1  3 85 85]
[ 6  5 82 85]	[ 3  8 85 85]
[ 5  5 85 84]	[ 8  1 85 84]
[ 5 22 84 82]	[ 1  6 84 80]
[22  1 82 82]	[ 6  6 80 82]
[ 1 22 82 85]	[ 6  1 82 82]
[22  1 85 85]	[ 1 22 82 77]
[ 1  6 85 85]	[22  3 77 85]
[ 6  8 85 82]	[ 3  3 85 85]
[ 8  1 82 80]	[ 3  8 85 85]
[ 1 22 80 80]	[ 8  8 85 84]
[22 15 80 82]	[ 8 22 84 80]
[15  8 82 78]	[22  3 80 82]
[ 8  1 78 80]	[ 3  8 82 82]
[ 1  1 80 77]	[ 8  1 82 80]
[ 1  1 77 78]	[ 1  1 80 77]
[ 1  6 78 80]	[ 1  1 77 78]
[ 6  8 80 82]	[ 1  6 78 80]
[ 8  1 82 84]	[ 6  1 80 82]
[ 1 15 84 77]	[ 1 14 82 80]
[15  1 77 78]	[14 21 80 77]
[ 1  8 78 77]	[21 22 77 78]
[ 8  1 77 75]	[22 11 78 77]
[ 1  6 75 77]	[11  1 77 75]
[ 6  8 77 78]	[ 1  6 75 77]
[ 8 17 78 80]	[ 6  8 77 78]
[17  6 80 80]	[ 8 17 78 80]
[ 6  1 80 78]	[17 15 80 80]
[ 1  1 78 77]	[15  1 80 78]
[ 1  1 77 78]	[ 1 20 78 77]
[ 1  6 78 80]	[20  8 77 75]
[ 6 24 80 82]	[ 8  3 75 80]
[24  1 82 84]	[ 3  8 80 82]
[ 1  5 84 85]	[ 8 19 82 84]
[ 5  5 85 84]	[19 17 84 85]
[ 5 22 84 82]	[17 10 85 84]
[22  1 82 82]	[10 12 84 82]
[ 1  6 82 73]	[12 17 82 82]
[ 6  6 73 73]	[17  6 82 80]
[ 6  1 73 75]	[ 6  8 80 73]
[ 1  6 75 77]	[ 8  1 73 75]
[ 6  1 77 78]	[ 1  8 75 77]
[ 1  8 78 77]	[ 8  1 77 78]
[ 8  1 77 75]	[ 1  8 78 77]
[-1 -1 -1 -1]	[ 8  1 77 75]
[-1 22 -1 -1]	[ 1 22 75 73]
[22 19 -1 85]	[22 22 73 89]
[19 19 85 84]	[22 24 89 85]
[19  5 84 82]	[24 24 85 87]
[ 5 22 82 84]	[24 24 87 89]
[22  3 84 85]	[24 22 89 90]
[ 3  3 85 87]	[22 22 90 89]
[ 3  3 87 82]	[22 22 89 87]
[ 3 22 82 84]	[22 17 87 85]
[22 15 84 85]	[17 17 85 84]
[15 15 85 87]	[17 17 84 85]
[15  5 87 85]	[17 22 85 87]
[ 5 22 85 84]	[22 22 87 85]
[22  6 84 82]	[22 22 85 84]
[ 6 22 82 90]	[22  6 84 82]
[22  6 90 89]	[ 6 22 82 90]
[ 6  8 89 94]	[22  6 90 89]
[ 8 24 94 92]	[ 6  8 89 94]
[24 24 92 84]	[ 8 24 94 92]
[24  1 84 90]	[24 24 92 84]
[ 1  1 90 89]	[24  1 84 90]
[ 1  8 89 87]	[ 1  1 90 89]
[ 8  1 87 87]	[ 1  8 89 87]
[ 1 22 87 89]	[ 8  1 87 87]
[22 15 89 89]	[ 1  1 87 85]
[15  5 89 87]	[ 1  8 85 89]
[ 5 22 87 89]	[ 8  1 89 87]
[22 24 89 85]	[ 1  1 87 89]
[24  1 85 87]	[ 1  8 89 85]
[ 1  1 87 89]	[ 8 10 85 87]
[ 1  1 89 90]	[10 10 87 89]
[ 1  1 90 92]	[10 17 89 90]
[ 1  1 92 90]	[17  6 90 92]
[ 1  6 90 89]	[ 6  6 92 90]
[ 6  6 89 90]	[ 6 15 90 89]
[ 6 15 90 89]	[15 15 89 90]
[15 15 89 87]	[15 15 90 89]
[15 15 87  0]	[15 15 89 87]
[15  5  0 90]	[15 15 87  0]
[ 5 17 90 84]	[15  5  0 90]
[17 17 84 94]	[ 5 17 90 84]
[17 22 94 93]	[17 17 84 94]
[22 22 93 94]	[17 22 94 93]
[22  6 94 92]	[22 22 93 94]
[ 6  6 92 90]	[22  6 94 92]
[ 6 15 90 89]	[ 6  6 92 90]
[15 15 89 87]	[ 6 15 90 89]
[15 24 87 97]	[15 15 89 87]
[24 24 97 96]	[15 24 87 97]
[24  5 96 94]	[24 24 97 96]
[ 5  5 94 93]	[24  5 96 94]
[ 5  5 93 91]	[ 5  5 94 93]
[ 5  5 91 89]	[ 5  5 93 91]
[ 5 10 89  0]	[ 5  5 91 89]
[10 15  0 94]	[ 5 22 89  0]
[15 15 94 90]	[22 15  0 94]
[15 15 90 89]	[15 15 94 90]
[15  5 89 87]	[15 15 90 89]
[ 5  5 87 89]	[15  5 89 87]
[ 5 22 89 81]	[ 5  5 87 89]
[22 22 81 82]	[ 5 22 89 81]
[22 22 82 84]	[22 22 81 82]
[22  5 84 85]	[22 22 82 87]
[ 5 22 85 84]	[22  5 87 85]
[22 22 84 82]	[ 5  5 85 84]
[-1 -1 -1 -1]	[ 5 22 84 82]
[-1 22 -1 -1]	[22  1 82 82]
[22 19 -1 85]	[ 1  1 82 73]
[19 19 85 84]	[ 1  1 73 73]
[19  5 84 82]	[ 1  6 73 73]
[ 5  5 82 81]	[ 6  3 73 70]
[ 5  5 81 79]	[ 3  1 70 75]
[ 5  5 79 77]	[ 1  3 75 73]
[ 5 22 77 77]	[ 3  8 73 73]
[22 22 77 73]	[ 8  1 73 72]
[22 22 73 75]	[ 1  1 72 77]
[22 22 75 77]	[ 1 22 77 77]
[22 17 77 79]	[22  3 77 77]
[17 22 79 80]	[ 3  8 77 82]
[22  3 80 80]	[ 8  8 82 80]
[ 3  8 80 79]	[ 8  3 80 80]
[ 8  1 79 80]	[ 3 20 80 79]
[ 1  6 80 77]	[20  5 79 80]
[ 6  1 77 78]	[ 5 22 80 77]
[ 1  6 78 77]	[22 14 77 77]
[ 6  1 77 78]	[14  6 77 77]
[ 1 20 78 77]	[ 6 17 77 78]
[20 20 77 75]	[17 15 78 77]
[20  8 75 73]	[15 10 77 75]
[ 8  1 73 75]	[10 20 75 74]
[ 1  1 75 73]	[20  1 74 75]
[ 1  1 73 75]	[ 1  1 75 77]
[ 1  8 75 77]	[ 1 22 77 77]
[ 8 22 77 75]	[22  3 77 77]
[22  3 75 73]	[ 3 22 77 75]
[ 3  8 73 73]	[22  1 75 73]
[ 8  1 73 72]	[ 1  8 73 73]
[-1 -1 -1 -1]	[ 8  1 73 72]
[-1 22 -1 -1]	[ 1 10 72 73]
[22 19 -1 85]	[10 15 73 70]
[19 19 85 84]	[15 15 70 70]
[19  5 84 82]	[15  8 70 70]
[ 5 22 82 84]	[ 8 10 70 68]
[22 12 84 85]	[10 15 68 70]
[12 22 85 84]	[15 22 70 66]
[22  6 84 65]	[22 15 66 65]
[ 6  5 65 70]	[15 15 65 63]
[ 5 22 70 72]	[15 15 63 70]
[22  8 72 73]	[15 22 70 72]
[ 8 15 73 72]	[22 15 72 73]
[15 15 72 70]	[15 15 73 75]
[15 22 70 72]	[15 24 75 70]
[22  5 72 73]	[24  1 70 72]
[ 5 22 73 72]	[ 1  5 72 73]
[22 22 72 70]	[ 5 10 73 72]
[22 22 70  0]	[10 22 72 70]
[22  1  0 73]	[22  1 70 73]
[ 1  1 73 73]	[ 1  1 73 73]
[ 1  6 73 71]	[ 1  1 73 73]
[ 6  6 71 70]	[ 1  6 73 71]
[ 6 17 70 68]	[ 6  6 71 70]
[17 17 68 66]	[ 6 17 70 68]
[17  6 66 68]	[17 17 68 66]
[ 6  1 68 70]	[17  6 66 68]
[ 1  6 70 68]	[ 6  1 68 70]
[ 6  6 68 66]	[ 1  6 70 68]
[ 6 10 66 70]	[ 6  6 68 66]
[10 15 70 70]	[ 6 10 66 70]
[15 20 70 70]	[10 15 70 70]
[20 20 70 68]	[15 20 70 70]
[20 20 68 66]	[20 20 70 68]
[20 22 66 65]	[20 20 68 66]
[22 15 65 65]	[20 22 66 65]
[15 10 65 63]	[22 15 65 65]
[10 15 63 70]	[15 10 65 63]
[15 17 70 70]	[10 15 63 70]
[17  6 70 68]	[15 20 70 70]
[ 6 24 68 70]	[20  6 70 68]
[24  1 70 72]	[ 6  8 68 70]
[ 1  1 72 73]	[ 8  1 70 72]
[ 1  3 73 72]	[ 1  1 72 73]
[ 3  8 72 70]	[ 1  3 73 72]
[ 8  8 70 68]	[ 3  8 72 70]
[ 8  1 68 75]	[ 8  8 70 68]
[ 1  8 75 77]	[ 8  1 68 75]
[ 8 15 77 75]	[ 1 15 75 77]
[15 15 75 70]	[15 15 77 75]
[15 22 70 72]	[15 15 75 70]
[22  5 72 73]	[15 22 70 72]
[ 5  6 73 72]	[22  5 72 73]
[ 6  5 72 70]	[ 5  6 73 72]
[ 5 22 70 69]	[ 6  5 72 70]
[-1 -1 -1 -1]	[ 5 10 70 72]
[-1 22 -1 -1]	[10 22 72 70]
[22 19 -1 85]	[22  1 70 85]
[19 19 85 84]	[ 1  6 85 85]
[19 22 84 82]	[ 6  6 85 82]
[22 22 82 89]	[ 6  1 82 84]
[22 17 89 89]	[ 1  1 84 85]
[17 15 89 89]	[ 1  1 85 87]
[15 15 89 87]	[ 1 15 87 89]
[15 15 87 89]	[15 15 89 87]
[15  8 89 90]	[15 15 87 89]
[ 8  1 90 87]	[15  8 89 90]
[ 1 19 87 85]	[ 8  1 90 87]
[19  8 85 85]	[ 1 19 87 85]
[ 8 15 85 84]	[19  8 85 85]
[15 15 84 82]	[ 8 15 85 84]
[15 22 82 84]	[15 15 84 82]
[22 15 84 85]	[15 22 82 84]
[15 15 85 87]	[22 15 84 85]
[15  5 87 85]	[15 15 85 87]
[ 5 10 85 84]	[15  5 87 85]
[10  8 84 82]	[ 5 10 85 84]
[ 8  1 82 87]	[10  8 84 82]
[ 1 17 87 89]	[ 8  1 82 87]
[17  8 89 89]	[ 1 17 87 89]
[ 8  8 89 84]	[17  8 89 89]
[ 8 21 84 85]	[ 8  8 89 84]
[21 22 85 87]	[ 8 15 84 85]
[22  3 87 85]	[15 22 85 87]
[ 3  8 85 85]	[22 22 87 85]
[ 8  1 85 84]	[22  5 85 85]
[ 1  1 84 85]	[ 5 22 85 84]
[ 1  6 85 84]	[22  3 84 85]
[ 6  6 84 82]	[ 3  3 85 87]
[ 6 22 82 84]	[ 3  3 87 82]
[22  5 84 85]	[ 3  1 82 84]
[ 5  6 85 84]	[ 1  8 84 85]
[ 6 24 84 82]	[ 8 22 85 84]
[24  1 82 84]	[22 22 84 82]
[ 1  3 84 85]	[22 22 82 84]
[ 3  8 85 82]	[22  3 84 85]
[ 8 22 82 87]	[ 3  8 85 82]
[22  8 87 85]	[ 8  1 82 80]
[ 8  3 85 84]	[ 1  8 80 85]
[ 3  3 84 82]	[ 8  3 85 84]
[ 3 22 82 84]	[ 3  3 84 82]
[22 15 84 85]	[ 3 22 82 84]
[15 15 85 87]	[22 15 84 85]
[15  5 87 85]	[15 15 85 87]
[ 5 10 85 84]	[15 24 87 85]
[-1 -1 -1 -1]	[24 10 85 84]
[-1 22 -1 -1]	[10 22 84 82]
[22 19 -1 85]	[22 22 82 82]
[19 19 85 84]	[22  6 82 82]
[19  5 84 82]	[ 6  8 82 82]
[ 5  5 82 81]	[ 8  8 82 80]
[ 5  5 81 81]	[ 8  1 80 78]
[ 5 22 81 80]	[ 1  1 78 77]
[22 21 80 82]	[ 1  6 77 80]
[21 22 82 81]	[ 6 24 80 82]
[22 24 81 82]	[24 22 82 84]
[24  5 82 82]	[22 24 84 82]
[ 5 22 82 81]	[24  5 82 82]
[22 22 81 82]	[ 5 22 82 81]
[22 17 82 85]	[22 22 81 82]
[17  6 85 84]	[22 17 82 85]
[ 6 13 84 82]	[17  6 85 84]
[13 22 82 80]	[ 6  8 84 82]
[22  8 80 82]	[ 8  1 82 80]
[ 8  3 82 84]	[ 1  1 80 77]
[ 3  8 84 85]	[ 1  6 77 80]
[ 8  3 85 84]	[ 6 24 80 82]
[ 3  3 84 82]	[24  3 82 84]
[ 3 22 82 84]	[ 3 22 84 82]
[22 15 84 85]	[22  5 82 82]
[15  5 85 87]	[ 5 22 82 81]
[ 5  5 87 89]	[22 22 81 82]
[ 5 22 89 89]	[22 22 82 89]
[22  3 89 89]	[22 17 89 89]
[ 3  8 89 87]	[17  6 89 89]
[ 8 21 87 84]	[ 6  3 89 82]
[21 22 84 87]	[ 3 17 82 87]
[22 17 87 85]	[17 22 87 87]
[17  6 85 84]	[22 17 87 85]
[ 6  8 84 82]	[17  6 85 84]
[ 8  1 82 80]	[ 6  8 84 82]
[ 1 22 80 77]	[ 8  1 82 80]
[22 17 77 82]	[ 1 22 80 77]
[17  5 82 82]	[22 22 77 82]
[ 5  6 82 81]	[22  5 82 82]
[ 6  5 81 82]	[ 5  6 82 81]
[ 5 22 82 80]	[ 6  5 81 82]
[22 21 80 82]	[ 5 22 82 80]
[21 22 82 81]	[22 19 80 82]
[22  5 81 82]	[19 22 82 81]
[ 5 22 82 84]	[22 22 81 82]
[22  8 84 82]	[22 22 82 84]
[ 8  1 82 84]	[22  5 84 85]
[ 1  1 84 85]	[ 5 22 85 84]
[ 1  3 85 84]	[22 17 84 85]
[ 3  8 84 82]	[17  6 85 84]
[ 8  1 82 80]	[ 6  8 84 82]
[ 1  1 80 77]	[ 8  1 82 80]
[ 1  1 77 73]	[ 1  1 80 77]
[ 1  1 73 80]	[ 1 17 77 78]
[ 1  6 80 80]	[17  1 78 80]
[ 6 13 80 82]	[ 1  6 80 80]
[13 15 82 80]	[ 6 13 80 82]
[15 10 80 78]	[13 15 82 80]
[10 22 78 77]	[15 10 80 78]
[22 24 77 89]	[10 22 78 77]
[24 22 89 87]	[22 24 77 89]
[22  5 87 85]	[24 22 89 87]
[ 5  5 85 84]	[22 17 87 85]
[ 5 22 84 82]	[17  5 85 84]
[22 22 82 82]	[ 5 22 84 81]
[22 22 82 84]	[22 19 81 82]
[22 15 84 85]	[19 19 82 84]
[15 15 85 87]	[19 19 84 85]
[15  5 87 85]	[19 22 85 87]
[ 5 10 85 84]	[22 24 87 85]
[-1 -1 -1 -1]	[24 10 85 84]
[-1 22 -1 -1]	[10 15 84 82]
[22 19 -1 85]	[15 22 82 70]
[19 19 85 84]	[22 15 70 73]
[19  5 84 82]	[15  1 73 75]
[ 5  5 82 81]	[ 1 15 75 77]
[ 5 22 81 77]	[15 10 77 78]
[22 22 77 82]	[10  8 78 77]
[22 15 82 80]	[ 8  8 77 75]
[15 10 80 78]	[ 8 15 75 80]
[10 10 78 77]	[15 10 80 78]
[10  6 77  0]	[10 10 78 77]
[ 6 13  0 82]	[10  6 77  0]
[13 15 82 80]	[ 6 13  0 82]
[15  1 80 78]	[13 15 82 80]
[ 1  8 78 77]	[15 22 80 78]
[ 8  1 77 75]	[22 11 78 77]
[ 1 20 75 77]	[11 18 77 75]
[20 22 77 75]	[18 11 75 73]
[22  1 75 73]	[11  1 73 75]
[ 1  6 73 71]	[ 1  1 75 73]
[ 6  6 71 70]	[ 1  6 73 71]
[ 6  1 70  0]	[ 6  6 71 70]
[ 1  6  0 77]	[ 6  1 70  0]
[ 6 18 77 78]	[ 1  6  0 77]
[18  6 78 80]	[ 6 20 77 78]
[ 6  6 80 82]	[20  6 78 80]
[ 6  1 82 82]	[ 6  3 80 82]
[ 1  8 82 80]	[ 3 20 82 82]
[ 8  8 80 78]	[20 20 82 80]
[ 8  8 78 77]	[20 20 80 75]
[ 8  1 77 78]	[20 15 75 77]
[ 1  8 78 77]	[15 22 77 78]
[-1 -1 -1 -1]	[22  3 78 77]
[-1 22 -1 -1]	[ 3 22 77 75]
[22 19 -1 85]	[22 22 75 77]
[19 19 85 84]	[22 24 77 73]
[19  5 84 82]	[24 24 73 75]
[ 5  5 82 81]	[24 24 75 77]
[ 5  5 81 79]	[24 22 77 78]
[ 5 22 79 77]	[22 22 78 77]
[22 22 77 73]	[22 22 77 75]
[22 22 73 72]	[22 17 75 73]
[22 24 72 73]	[17 17 73 72]
[24 22 73 75]	[17 17 72 73]
[22  5 75 73]	[17 22 73 75]
[ 5  5 73 72]	[22 22 75 73]
[ 5  6 72 77]	[22 22 73 72]
[ 6  6 77 78]	[22  6 72 70]
[ 6  6 78 80]	[ 6 22 70 78]
[ 6  8 80 82]	[22  6 78 77]
[ 8 24 82 80]	[ 6  8 77 82]
[24 24 80 72]	[ 8 24 82 80]
[24  1 72 78]	[24 24 80 72]
[ 1  1 78 77]	[24  1 72 78]
[ 1  8 77 75]	[ 1  1 78 77]
[ 8  1 75 75]	[ 1  8 77 75]
[ 1 17 75 77]	[ 8  1 75 75]
[17  8 77 77]	[ 1  1 75 73]
[ 8  5 77 75]	[ 1  8 73 77]
[ 5 22 75 77]	[ 8  1 77 75]
[22  8 77 73]	[ 1  1 75 77]
[ 8  1 73 75]	[ 1  8 77 73]
[ 1  6 75 77]	[ 8 10 73 75]
[ 6  8 77 78]	[10 10 75 77]
[ 8  8 78 80]	[10 17 77 78]
[ 8  1 80 78]	[17  6 78 80]
[ 1  6 78 77]	[ 6  6 80 78]
[ 6  1 77 78]	[ 6 15 78 77]
[ 1 15 78 77]	[15 15 77 78]
[15 15 77 75]	[15 15 78 77]
[15 15 75  0]	[15 15 77 75]
[15  5  0 78]	[15 15 75  0]
[ 5 17 78 72]	[15  5  0 78]
[17 17 72 82]	[ 5 17 78 72]
[17 22 82 81]	[17 17 72 82]
[22 22 81 82]	[17 22 82 81]
[22  6 82 80]	[22 22 81 82]
[ 6  6 80 78]	[22  6 82 80]
[ 6 15 78 77]	[ 6  6 80 78]
[15 15 77 75]	[ 6 15 78 77]
[15 15 75 82]	[15 15 77 75]
[15 24 82 82]	[15 24 75 85]
[24  5 82 84]	[24 24 85 84]
[ 5  5 84 81]	[24  5 84 82]
[ 5  5 81 79]	[ 5  5 82 81]
[ 5  5 79 77]	[ 5  5 81 79]
[ 5 10 77  0]	[ 5  5 79 77]
[10 15  0 82]	[ 5 10 77  0]
[15 15 82 78]	[10 15  0 82]
[15 15 78 77]	[15 15 82 78]
[15  5 77 75]	[15 15 78 77]
[ 5  5 75 77]	[15  5 77 75]
[ 5 22 77 69]	[ 5  5 75 77]
[22 22 69 70]	[ 5 22 77 69]
[22 22 70 72]	[22 22 69 70]
[22  5 72 73]	[22 22 70 75]
[ 5 22 73 72]	[22  5 75 73]
[22 22 72 70]	[ 5  5 73 72]
[-1 -1 -1 -1]	[ 5 22 72 70]
[-1 22 -1 -1]	[22 10 70 70]
[22 19 -1 85]	[10 15 70 82]
[19 19 85 84]	[15 17 82 82]
[19  5 84 82]	[17 17 82 80]
[ 5 22 82 84]	[17 10 80 78]
[22  8 84 82]	[10 15 78 77]
[ 8  1 82 80]	[15 20 77 82]
[ 1  1 80 80]	[20 22 82 80]
[ 1  6 80 80]	[22 15 80 77]
[ 6 15 80 82]	[15 15 77 78]
[15  8 82 82]	[15 11 78 82]
[ 8  8 82 80]	[11  8 82 82]
[ 8  1 80 78]	[ 8  8 82 80]
[ 1  6 78 77]	[ 8  1 80 78]
[ 6  8 77 78]	[ 1  6 78 77]
[ 8  1 78 78]	[ 6 13 77 82]
[ 1  6 78 77]	[13 14 82 80]
[ 6 22 77 82]	[14 15 80 77]
[22 22 82 82]	[15 15 77 78]
[22  6 82 85]	[15 21 78 82]
[ 6 24 85 85]	[21 10 82 84]
[24  6 85 84]	[10  3 84 86]
[ 6  6 84 82]	[ 3  6 86 87]
[ 6 22 82 84]	[ 6  6 87 82]
[22  5 84 85]	[ 6 22 82 84]
[ 5 22 85 84]	[22  5 84 85]
