Accuracy: 0.4319572953736655

n_chords: 2
n_melody: 2
t_prior: 1.0
e_prior: 0.5
dataset: Nottingham
keys: All
filter_train_set: True
filter_val_set: True

~ First 3000 predicted states ~
Predicted	True
[-1 -1 -1 -1]	[-1 -1 -1 -1]
[ 8  8 87 89]	[-1 -1 -1 -1]
[ 8  1 89 90]	[-1 -1 -1 89]
[ 1  1 90 92]	[-1  1 89 90]
[ 1  1 92 89]	[ 1  1 90 92]
[ 1  1 89 90]	[ 1  1 92 92]
[ 1  1 90 92]	[ 1  1 92 94]
[ 1  1 92 94]	[ 1  1 94 92]
[ 1  1 94 92]	[ 1  1 92 91]
[ 1  1 92 89]	[ 1  1 91 92]
[ 1  1 89 85]	[ 1  1 92 89]
[ 1  1 85 85]	[ 1  1 89 85]
[ 1  1 85 85]	[ 1  8 85 89]
[ 1  1 85 85]	[ 8  8 89 87]
[ 1  1 85 89]	[ 8  8 87 84]
[ 1  1 89 85]	[ 8  8 84 80]
[ 1  1 85 85]	[ 8  1 80 90]
[ 1  1 85 84]	[ 1  1 90 89]
[ 1  1 84 85]	[ 1  1 89 85]
[ 1  1 85 87]	[ 1  8 85 82]
[ 1  1 87 89]	[ 8  8 82 80]
[ 1  1 89 90]	[ 8  8 80 89]
[ 1  1 90 92]	[ 8  1 89 90]
[ 1  1 92 89]	[ 1  1 90 92]
[ 1  1 89 90]	[ 1  1 92 92]
[ 1  1 90 92]	[ 1  1 92 94]
[ 1  1 92 94]	[ 1  1 94 92]
[ 1  1 94 92]	[ 1  1 92 91]
[ 1  1 92 89]	[ 1  1 91 92]
[ 1  1 89 85]	[ 1  1 92 89]
[ 1  8 85 89]	[ 1  1 89 85]
[ 8  8 89 87]	[ 1  8 85 89]
[ 8  8 87 84]	[ 8  8 89 87]
[ 8  8 84 80]	[ 8  8 87 84]
[ 8  8 80 82]	[ 8  8 84 80]
[ 8  1 82 84]	[ 8  8 80 82]
[ 1  1 84 85]	[ 8  1 82 84]
[ 1  1 85 85]	[ 1  1 84 85]
[ 1  1 85 80]	[ 1  1 85 85]
[ 1  1 80 77]	[ 1  1 85 84]
[ 1  1 77 80]	[ 1  1 84 82]
[ 1  1 80 80]	[ 1  1 82 80]
[ 1  1 80 82]	[ 1  8 80 82]
[ 1  1 82 80]	[ 8  8 82 78]
[ 1  1 80 77]	[ 8  1 78 80]
[ 1  1 77 80]	[ 1  1 80 77]
[ 1  1 80 85]	[ 1  1 77 80]
[ 1  1 85 87]	[ 1  1 80 85]
[ 1  1 87 89]	[ 1  1 85 87]
[ 1  8 89 85]	[ 1 15 87 89]
[ 8  8 85 84]	[15 15 89 90]
[ 8  8 84 80]	[15  8 90 87]
[ 8  8 80 82]	[ 8  8 87 84]
[ 8  1 82 84]	[ 8  8 84 82]
[ 1  1 84 85]	[ 8  1 82 84]
[ 1  1 85 85]	[ 1  1 84 85]
[ 1  1 85 84]	[ 1  1 85 89]
[ 1  1 84 85]	[ 1  6 89 87]
[ 1  1 85 80]	[ 6  6 87 85]
[ 1  1 80 77]	[ 6  6 85 84]
[ 1  1 77 80]	[ 6  1 84 82]
[ 1  1 80 80]	[ 1  1 82 80]
[ 1  1 80 82]	[ 1  8 80 82]
[ 1  1 82 80]	[ 8  8 82 78]
[ 1  1 80 77]	[ 8  1 78 80]
[ 1  1 77 80]	[ 1  1 80 77]
[ 1  1 80 85]	[ 1  1 77 80]
[ 1  1 85 87]	[ 1  1 80 85]
[ 1  1 87 89]	[ 1  1 85 87]
[ 1  8 89 85]	[ 1  6 87 89]
[ 8  8 85 84]	[ 6  6 89 90]
[ 8  8 84 80]	[ 6  8 90 87]
[ 8  8 80 82]	[ 8  8 87 84]
[ 8  1 82 84]	[ 8  8 84 82]
[-1 -1 -1 -1]	[ 8  1 82 84]
[ 8  8 80 82]	[ 1 -1 84 85]
[ 8  1 82 84]	[-1 -1 85 82]
[ 1  1 84 85]	[-1  1 82 84]
[ 1  1 85 80]	[ 1  1 84 85]
[ 1  1 80 82]	[ 1  1 85 77]
[ 1  1 82 80]	[ 1  1 77 77]
[ 1  1 80 78]	[ 1  1 77 80]
[ 1  1 78 77]	[ 1  1 80 78]
[ 1  1 77 73]	[ 1  1 78 77]
[ 1  1 73 77]	[ 1  1 77 73]
[ 1  1 77 78]	[ 1  1 73 77]
[ 1  1 78 80]	[ 1  1 77 80]
[ 1  1 80 82]	[ 1  1 80 80]
[ 1  1 82 80]	[ 1  1 80 77]
[ 1  1 80 77]	[ 1 15 77 80]
[ 1  1 77 73]	[15 15 80 82]
[ 1  1 73 77]	[15 15 82 75]
[ 1  1 77 73]	[15 15 75 75]
[ 1  1 73 77]	[15 15 75 78]
[ 1  1 77 80]	[15 15 78 75]
[ 1  1 80 80]	[15  6 75 75]
[ 1  1 80 80]	[ 6  6 75 82]
[ 1  1 80 82]	[ 6  6 82 85]
[ 1  1 82 80]	[ 6  8 85 82]
[ 1  1 80 77]	[ 8  8 82 80]
[ 1  1 77 80]	[ 8  8 80 77]
[ 1  1 80 80]	[ 8  1 77 80]
[ 1  1 80 80]	[ 1  1 80 85]
[ 1  1 80 82]	[ 1  1 85 77]
[ 1  1 82 80]	[ 1  1 77 77]
[ 1  1 80 78]	[ 1  1 77 80]
[ 1  1 78 77]	[ 1  1 80 78]
[ 1  1 77 73]	[ 1  1 78 77]
[ 1  1 73 77]	[ 1  1 77 73]
[ 1  1 77 78]	[ 1  1 73 77]
[ 1  1 78 80]	[ 1  1 77 80]
[ 1  1 80 77]	[ 1  1 80 80]
[ 1  1 77 80]	[ 1  1 80 77]
[ 1  1 80 85]	[ 1  6 77 80]
[ 1  1 85 84]	[ 6  6 80 82]
[ 1  1 84 85]	[ 6  6 82 84]
[ 1  1 85 87]	[ 6  8 84 85]
[ 1  1 87 89]	[ 8  8 85 87]
[ 1  1 89 87]	[ 8  8 87 89]
[ 1  1 87 85]	[ 8  1 89 90]
[ 1  1 85 84]	[ 1  1 90 89]
[ 1  1 84 85]	[ 1  1 89 85]
[ 1  1 85 84]	[ 1  1 85 85]
[ 1  1 84 85]	[ 1  1 85 85]
[ 1  1 85 84]	[ 1  1 85 82]
[ 1  1 84 85]	[ 1  1 82 84]
[ 1  1 85 84]	[ 1  1 84 85]
[ 1  1 84 85]	[ 1  1 85 89]
[ 1  1 85 85]	[ 1  8 89 85]
[ 1  1 85 85]	[ 8  8 85 84]
[ 1  1 85 84]	[ 8  8 84 87]
[ 1  1 84 85]	[ 8 22 87 84]
[ 1  1 85 80]	[22 22 84 82]
[ 1  1 80 82]	[22 22 82 85]
[ 1  1 82 80]	[22  1 85 82]
[ 1  1 80 77]	[ 1  1 82 80]
[ 1  1 77 80]	[ 1  1 80 78]
[ 1  1 80 77]	[ 1 15 78 77]
[ 1  1 77 73]	[15 15 77 82]
[ 1  1 73 77]	[15 15 82 75]
[ 1  1 77 73]	[15 15 75 75]
[ 1  1 73 77]	[15 15 75 78]
[ 1  1 77 80]	[15 15 78 75]
[ 1  1 80 80]	[15  6 75 75]
[ 1  1 80 80]	[ 6  6 75 82]
[ 1  1 80 82]	[ 6  6 82 85]
[ 1  1 82 80]	[ 6  8 85 82]
[ 1  1 80 77]	[ 8  8 82 80]
[ 1  1 77 80]	[ 8  8 80 77]
[ 1  1 80 85]	[ 8  1 77 80]
[ 1  1 85 84]	[ 1  1 80 85]
[ 1  1 84 85]	[ 1  1 85 89]
[ 1  1 85 85]	[ 1  8 89 85]
[ 1  1 85 85]	[ 8  8 85 84]
[ 1  1 85 84]	[ 8  8 84 87]
[ 1  1 84 85]	[ 8 22 87 84]
[ 1  1 85 80]	[22 22 84 82]
[ 1  1 80 77]	[22 22 82 85]
[ 1  1 77 73]	[22  1 85 82]
[ 1  1 73 77]	[ 1  1 82 80]
[ 1  1 77 80]	[ 1  1 80 77]
[ 1  1 80 85]	[ 1  6 77 80]
[ 1  1 85 84]	[ 6  6 80 82]
[ 1  1 84 85]	[ 6  6 82 84]
[ 1  1 85 87]	[ 6  8 84 85]
[ 1  1 87 89]	[ 8  8 85 87]
[ 1  1 89 87]	[ 8  8 87 89]
[ 1  1 87 85]	[ 8  1 89 90]
[ 1  1 85 84]	[ 1  1 90 89]
[-1 -1 -1 -1]	[ 1  1 89 85]
[ 8  8 78 77]	[ 1 -1 85 85]
[ 8  1 77 75]	[-1 -1 85 73]
[ 1  1 75 73]	[-1  1 73 75]
[ 1  1 73 77]	[ 1  1 75 77]
[ 1  1 77 75]	[ 1  8 77 73]
[ 1  1 75 73]	[ 8  8 73 75]
[ 1  1 73 77]	[ 8  8 75 73]
[ 1  1 77 75]	[ 8  1 73 72]
[ 1  1 75 73]	[ 1  1 72 68]
[ 1  1 73 73]	[ 1  1 68 73]
[ 1  1 73 73]	[ 1  8 73 73]
[ 1  1 73 73]	[ 8  8 73 72]
[ 1  1 73 75]	[ 8  8 72 73]
[ 1  1 75 77]	[ 8  1 73 75]
[ 1  1 77 75]	[ 1  1 75 77]
[ 1  1 75 73]	[ 1  1 77 75]
[ 1  1 73 73]	[ 1  1 75 73]
[ 1  1 73 75]	[ 1  1 73 77]
[ 1  1 75 77]	[ 1  1 77 80]
[ 1  1 77 77]	[ 1  6 80 77]
[ 1  1 77 75]	[ 6  6 77 78]
[ 1  1 75 73]	[ 6  6 78 75]
[ 1  1 73 73]	[ 6  8 75 73]
[ 1  1 73 73]	[ 8  8 73 72]
[ 1  1 73 75]	[ 8  8 72 73]
[ 1  1 75 77]	[ 8  1 73 75]
[ 1  1 77 77]	[ 1  1 75 77]
[ 1  1 77 75]	[ 1  8 77 73]
[ 1  1 75 73]	[ 8  8 73 75]
[ 1  1 73 73]	[ 8  8 75 73]
[ 1  1 73 73]	[ 8  1 73 72]
[ 1  1 73 77]	[ 1  1 72 73]
[ 1  1 77 80]	[ 1  1 73 77]
[ 1  1 80 82]	[ 1  1 77 80]
[ 1  1 82 80]	[ 1  1 80 85]
[ 1  1 80 77]	[ 1  1 85 80]
[ 1  1 77 80]	[ 1  8 80 77]
[ 1  1 80 85]	[ 8  8 77 80]
[ 1  1 85 84]	[ 8  8 80 82]
[ 1  1 84 82]	[ 8  1 82 84]
[ 1  1 82 80]	[ 1  1 84 85]
[ 1  1 80 77]	[ 1  1 85 80]
[ 1  1 77 73]	[ 1  8 80 77]
[ 1  1 73 73]	[ 8  8 77 78]
[ 1  1 73 73]	[ 8  8 78 75]
[ 1  1 73 77]	[ 8  1 75 72]
[ 1  1 77 80]	[ 1  1 72 73]
[ 1  1 80 85]	[ 1  1 73 80]
[ 1  1 85 84]	[ 1  1 80 80]
[ 1  1 84 85]	[ 1  1 80 85]
[ 1  1 85 84]	[ 1  1 85 85]
[ 1  1 84 85]	[ 1  1 85 84]
[ 1  1 85 84]	[ 1  1 84 85]
[ 1  1 84 85]	[ 1  1 85 89]
[ 1  1 85 84]	[ 1  8 89 85]
[ 1  1 84 85]	[ 8  8 85 84]
[ 1  1 85 87]	[ 8  8 84 85]
[ 1  1 87 89]	[ 8  1 85 87]
[ 1  1 89 87]	[ 1  1 87 89]
[ 1  1 87 89]	[ 1  1 89 87]
[ 1  1 89 87]	[ 1  1 87 85]
[ 1  8 87 85]	[ 1  1 85 87]
[ 8  8 85 84]	[ 1  1 87 85]
[ 8  8 84 80]	[ 1 22 85 84]
[ 8  8 80 82]	[22 22 84 80]
[ 8  1 82 84]	[22 22 80 82]
[ 1  1 84 85]	[22  8 82 84]
[ 1  1 85 87]	[ 8  8 84 85]
[ 1  1 87 89]	[ 8  1 85 87]
[ 1  1 89 87]	[ 1  1 87 89]
[ 1  1 87 85]	[ 1  1 89 87]
[ 1  1 85 84]	[ 1  1 87 85]
[ 1  1 84 85]	[ 1  1 85 87]
[ 1  1 85 84]	[ 1  1 87 85]
[ 1  1 84 85]	[ 1 22 85 84]
[ 1  1 85 84]	[22 22 84 85]
[ 1  1 84 85]	[22 22 85 84]
[ 1  1 85 82]	[22 17 84 85]
[ 1  1 82 80]	[17 17 85 84]
[ 1  1 80 77]	[17 17 84 80]
[ 1  1 77 80]	[17  6 80 77]
[ 1  1 80 85]	[ 6  6 77 80]
[ 1  1 85 84]	[ 6  6 80 82]
[ 1  1 84 82]	[ 6  1 82 84]
[ 1  1 82 80]	[ 1  1 84 85]
[ 1  1 80 77]	[ 1  1 85 80]
[ 1  1 77 73]	[ 1  8 80 77]
[ 1  1 73 73]	[ 8  8 77 78]
[ 1  1 73 73]	[ 8  8 78 75]
[ 1  1 73 73]	[ 8  1 75 72]
[ 1  1 73 73]	[ 1  1 72 73]
[ 1  1 73 75]	[ 1  1 73 73]
[ 1  1 75 77]	[ 1  1 73 75]
[ 1  1 77 75]	[ 1  1 75 77]
[ 1  1 75 73]	[ 1  1 77 75]
[ 1  1 73 73]	[ 1  1 75 73]
[ 1  1 73 73]	[ 1  1 73 73]
[ 1  1 73 73]	[ 1  1 73 72]
[ 1  1 73 73]	[ 1  1 72 73]
[ 1  1 73 75]	[ 1  1 73 68]
[ 1  1 75 77]	[ 1  1 68 73]
[ 1  1 77 75]	[ 1  1 73 77]
[ 1  1 75 73]	[ 1  1 77 68]
[ 1  1 73 77]	[ 1  1 68 73]
[ 1  1 77 75]	[ 1 11 73 77]
[ 1  8 75 73]	[11 11 77 75]
[ 8  8 73 75]	[11 11 75 73]
[ 8  8 75 73]	[11 11 73 71]
[ 8  8 73 75]	[11 11 71 72]
[ 8  8 75 77]	[11 11 72 70]
[ 8  8 77 78]	[11 11 70 72]
[ 8  8 78 77]	[11 11 72 66]
[ 8  1 77 75]	[11 11 66 71]
[ 1  1 75 73]	[11 11 71 75]
[ 1  1 73 73]	[11 11 75 66]
[ 1  1 73 75]	[11 11 66 72]
[ 1  1 75 77]	[11  1 72 75]
[ 1  1 77 75]	[ 1  1 75 77]
[ 1  1 75 73]	[ 1  1 77 73]
[ 1  1 73 73]	[ 1  1 73 73]
[ 1  1 73 75]	[ 1  1 73 73]
[ 1  1 75 77]	[ 1  1 73 72]
[ 1  1 77 73]	[ 1 15 72 73]
[ 1  1 73 73]	[15 15 73 78]
[ 1  1 73 73]	[15 15 78 75]
[ 1  1 73 73]	[15 15 75 75]
[ 1  1 73 73]	[15 15 75 75]
[ 1  1 73 77]	[15 15 75 74]
[ 1  1 77 80]	[15  8 74 75]
[ 1  1 80 85]	[ 8  8 75 80]
[ 1  1 85 84]	[ 8  8 80 82]
[ 1  1 84 82]	[ 8  1 82 84]
[ 1  1 82 80]	[ 1  1 84 85]
[ 1  1 80 77]	[ 1  1 85 80]
[ 1  8 77 73]	[ 1  8 80 77]
[ 8  8 73 75]	[ 8  8 77 78]
[-1 -1 -1 -1]	[ 8  8 78 75]
[ 1  1 82 80]	[ 8 -1 75 72]
[ 1  1 80 77]	[-1 -1 72 77]
[ 1  1 77 80]	[-1  1 77 78]
[ 1  1 80 85]	[ 1  1 78 80]
[ 1  1 85 84]	[ 1  1 80 85]
[ 1  1 84 85]	[ 1  1 85 84]
[ 1  1 85 84]	[ 1  1 84 85]
[ 1  1 84 85]	[ 1  1 85 89]
[ 1  1 85 87]	[ 1  1 89 85]
[ 1  1 87 89]	[ 1  1 85 84]
[ 1  1 89 87]	[ 1  1 84 85]
[ 1  1 87 85]	[ 1  1 85 92]
[ 1  1 85 84]	[ 1  1 92 85]
[ 1  1 84 85]	[ 1  1 85 84]
[ 1  1 85 84]	[ 1  1 84 85]
[ 1  1 84 85]	[ 1  1 85 89]
[ 1  1 85 80]	[ 1  1 89 85]
[ 1  1 80 77]	[ 1  1 85 84]
[ 1  1 77 80]	[ 1  1 84 85]
[ 1  1 80 85]	[ 1  1 85 80]
[ 1  1 85 84]	[ 1  1 80 85]
[ 1  1 84 85]	[ 1  1 85 84]
[ 1  1 85 84]	[ 1  1 84 85]
[ 1  1 84 85]	[ 1  1 85 89]
[ 1  1 85 87]	[ 1  1 89 85]
[ 1  1 87 89]	[ 1  1 85 84]
[ 1  1 89 87]	[ 1 15 84 85]
[ 1  1 87 85]	[15 15 85 90]
[ 1  1 85 84]	[15 15 90 89]
[ 1  1 84 85]	[15 15 89 87]
[ 1  1 85 80]	[15  8 87 85]
[ 1  1 80 80]	[ 8  8 85 84]
[ 1  1 80 77]	[ 8  8 84 77]
[ 1  1 77 80]	[ 8  1 77 78]
[ 1  1 80 85]	[ 1  1 78 80]
[ 1  1 85 84]	[ 1  1 80 85]
[ 1  1 84 85]	[ 1  1 85 84]
[ 1  1 85 84]	[ 1  1 84 85]
[ 1  1 84 85]	[ 1  1 85 89]
[ 1  1 85 87]	[ 1  1 89 85]
[ 1  1 87 89]	[ 1  1 85 84]
[ 1  1 89 87]	[ 1  1 84 85]
[ 1  1 87 85]	[ 1  1 85 92]
[ 1  1 85 87]	[ 1  1 92 85]
[ 1  1 87 89]	[ 1  1 85 84]
[ 1  1 89 87]	[ 1  1 84 85]
[ 1  8 87 85]	[ 1  1 85 89]
[ 8  8 85 84]	[ 1  1 89 85]
[ 8  8 84 82]	[ 1  1 85 84]
[ 8  8 82 80]	[ 1  8 84 85]
[ 8  8 80 82]	[ 8  8 85 80]
[ 8  1 82 84]	[ 8  8 80 82]
[ 1  1 84 85]	[ 8  8 82 84]
[ 1  1 85 87]	[ 8  8 84 85]
[ 1  1 87 89]	[ 8  8 85 87]
[ 1  1 89 89]	[ 8  8 87 89]
[ 1  1 89 87]	[ 8  8 89 90]
[ 1  1 87 85]	[ 8  1 90 87]
[ 1  1 85 85]	[ 1  1 87 85]
[ 1  1 85 87]	[ 1  1 85 89]
[ 1  1 87 89]	[ 1  1 89 85]
[ 1  1 89 90]	[ 1  1 85 89]
[ 1  1 90 92]	[ 1  1 89 90]
[ 1  1 92 89]	[ 1  1 90 92]
[ 1  1 89 85]	[ 1  8 92 94]
[ 1  1 85 89]	[ 8  8 94 92]
[ 1  1 89 89]	[ 8  8 92 89]
[ 1  1 89 87]	[ 8  8 89 90]
[ 1  1 87 85]	[ 8  1 90 87]
[ 1  1 85 84]	[ 1  1 87 85]
[ 1  1 84 85]	[ 1  1 85 84]
[ 1  1 85 85]	[ 1  1 84 85]
[ 1  1 85 84]	[ 1  1 85 87]
[ 1  1 84 82]	[ 1  1 87 89]
[ 1  1 82 80]	[ 1  1 89 85]
[ 1  1 80 77]	[ 1  1 85 80]
[ 1  1 77 80]	[ 1  6 80 77]
[ 1  1 80 85]	[ 6  6 77 78]
[ 1  1 85 80]	[ 6  6 78 82]
[ 1  1 80 77]	[ 6  6 82 87]
[ 1  1 77 80]	[ 6  1 87 85]
[ 1  1 80 85]	[ 1  1 85 77]
[ 1  1 85 84]	[ 1  1 77 80]
[ 1  1 84 85]	[ 1  1 80 87]
[ 1  1 85 85]	[ 1 15 87 85]
[ 1  1 85 89]	[15 15 85 84]
[ 1  1 89 85]	[15 15 84 87]
[ 1  1 85 85]	[15 15 87 90]
[ 1  1 85 87]	[15  8 90 89]
[ 1  1 87 89]	[ 8  8 89 87]
[ 1  1 89 90]	[ 8  8 87 89]
[ 1  1 90 92]	[ 8  1 89 90]
[ 1  1 92 89]	[ 1  1 90 92]
[ 1  1 89 85]	[ 1  8 92 94]
[ 1  1 85 89]	[ 8  8 94 92]
[ 1  1 89 89]	[ 8  8 92 89]
[ 1  1 89 87]	[ 8  8 89 90]
[ 1  1 87 85]	[ 8  1 90 87]
[ 1  1 85 84]	[ 1  1 87 85]
[ 1  1 84 85]	[ 1  1 85 84]
[ 1  1 85 85]	[ 1  1 84 85]
[ 1  1 85 84]	[ 1  1 85 87]
[ 1  1 84 82]	[ 1  1 87 89]
[ 1  1 82 80]	[ 1  1 89 85]
[ 1  1 80 77]	[ 1  1 85 80]
[ 1  1 77 80]	[ 1  6 80 77]
[ 1  1 80 85]	[ 6  6 77 78]
[ 1  1 85 80]	[ 6  6 78 82]
[ 1  1 80 77]	[ 6  6 82 87]
[ 1  1 77 80]	[ 6  1 87 85]
[ 1  1 80 85]	[ 1  1 85 77]
[ 1  1 85 84]	[ 1  1 77 80]
[ 1  1 84 85]	[ 1  1 80 87]
[ 1  1 85 89]	[ 1  8 87 85]
[ 1  1 89 85]	[ 8  8 85 84]
[ 1  1 85 85]	[ 8  8 84 90]
[-1 -1 -1 -1]	[ 8  8 90 87]
[ 6  6 80 82]	[ 8 22 87 84]
[ 6  6 82 84]	[22 22 84 82]
[ 6  6 84 85]	[22 22 82 82]
[ 6  1 85 82]	[22 22 82 85]
[ 1  1 82 80]	[22  5 85 82]
[ 1  6 80 80]	[ 5  5 82 81]
[ 6  6 80 82]	[ 5 22 81 77]
[ 6  6 82 84]	[22 22 77 82]
[ 6  6 84 85]	[22 22 82 82]
[ 6  6 85 84]	[22 22 82 85]
[ 6  6 84 82]	[22 22 85 84]
[ 6  6 82 80]	[22  5 84 82]
[ 6  6 80 82]	[ 5  5 82 81]
[ 6  6 82 80]	[ 5  5 81 82]
[ 6  6 80 82]	[ 5 22 82 84]
[ 6  6 82 84]	[22 22 84 82]
[ 6  6 84 85]	[22 22 82 82]
[ 8  8 80 82]	[22 22 82 85]
[ 8  1 82 84]	[22  8 85 82]
[ 1  1 84 85]	[ 8  8 82 84]
[ 1  1 85 85]	[ 8  8 84 85]
[ 1  1 85 84]	[ 8  6 85 87]
[ 1  1 84 85]	[ 6  6 87 85]
[ 1  1 85 84]	[ 6  5 85 82]
[ 1  1 84 85]	[ 5  5 82 84]
[ 1  1 85 87]	[ 5 22 84 81]
[ 1  1 87 89]	[22 22 81 82]
[ 1  1 89 87]	[22 22 82 89]
[ 1  1 87 85]	[22 22 89 89]
[ 1  1 85 84]	[22 22 89 85]
[ 1  1 84 85]	[22 22 85 82]
[ 1  1 85 80]	[22 22 82 85]
[ 1  1 80 77]	[22  5 85 85]
[ 1  1 77 80]	[ 5  5 85 81]
[ 1  1 80 85]	[ 5  5 81 77]
[ 1  1 85 85]	[ 5  5 77 81]
[ 1  1 85 84]	[ 5  5 81 84]
[ 1  1 84 85]	[ 5  5 84 87]
[ 1  1 85 84]	[ 5  5 87 85]
[ 1  1 84 85]	[ 5 22 85 84]
[ 1  1 85 82]	[22 22 84 85]
[ 1  1 82 80]	[22  5 85 82]
[ 1  1 80 77]	[ 5  5 82 81]
[ 1  6 77 80]	[ 5  5 81 77]
[ 6  6 80 82]	[ 5  5 77 78]
[ 6  6 82 84]	[ 5 22 78 81]
[ 6  6 84 85]	[22 22 81 82]
[ 6  6 85 84]	[22  5 82 85]
[ 6  6 84 82]	[ 5  5 85 84]
[ 6  6 82 80]	[ 5  5 84 82]
[-1 -1 -1 -1]	[ 5  5 82 81]
[ 1  1 85 87]	[ 5 -1 81 82]
[ 1  1 87 89]	[-1 -1 82 85]
[ 1  1 89 92]	[-1  1 85 89]
[ 1  1 92 92]	[ 1  1 89 92]
[ 1  1 92 89]	[ 1  6 92 91]
[ 1  1 89 85]	[ 6  6 91 94]
[ 1  1 85 87]	[ 6  1 94 90]
[ 1  1 87 89]	[ 1  1 90 92]
[ 1  1 89 87]	[ 1  1 92 89]
[ 1  8 87 85]	[ 1  1 89 85]
[ 8  8 85 84]	[ 1  1 85 85]
[ 8  8 84 85]	[ 1  1 85 84]
[ 8  8 85 87]	[ 1  8 84 85]
[ 8  8 87 84]	[ 8  8 85 87]
[ 8  8 84 82]	[ 8  8 87 84]
[ 8  8 82 80]	[ 8  8 84 80]
[ 8  8 80 82]	[ 8  8 80 80]
[ 8  1 82 84]	[ 8  8 80 82]
[ 1  1 84 85]	[ 8  1 82 84]
[ 1  1 85 89]	[ 1  1 84 85]
[ 1  1 89 85]	[ 1  1 85 87]
[ 1  1 85 89]	[ 1  1 87 88]
[ 1  1 89 92]	[ 1  1 88 89]
[ 1  1 92 89]	[ 1  1 89 90]
[ 1  1 89 92]	[ 1  1 90 91]
[ 1  1 92 92]	[ 1  1 91 92]
[ 1  1 92 89]	[ 1  6 92 91]
[ 1  1 89 85]	[ 6  6 91 94]
[ 1  1 85 87]	[ 6  1 94 90]
[ 1  1 87 89]	[ 1  1 90 92]
[ 1  1 89 87]	[ 1  1 92 89]
[ 1  1 87 85]	[ 1  1 89 85]
[ 1  1 85 84]	[ 1  1 85 85]
[ 1  1 84 85]	[ 1  1 85 84]
[ 1  1 85 85]	[ 1  8 84 85]
[ 1  1 85 80]	[ 8  8 85 87]
[ 1  1 80 77]	[ 8  8 87 84]
[ 1  1 77 80]	[ 8  8 84 80]
[ 1  1 80 85]	[ 8  8 80 80]
[ 1  1 85 85]	[ 8  8 80 82]
[ 1  1 85 89]	[ 8  1 82 84]
[ 1  1 89 85]	[ 1  1 84 85]
[ 1  1 85 85]	[ 1  1 85 92]
[ 1  1 85 85]	[ 1  1 92 89]
[ 1  1 85 85]	[ 1  1 89 85]
[ 1  1 85 85]	[ 1  1 85 85]
[ 1  1 85 85]	[ 1  1 85  0]
[ 1  1 85 85]	[ 1  1  0 85]
[ 1  1 85 85]	[ 1  8 85  0]
[ 1  1 85 89]	[ 8  8  0 84]
[ 1  1 89 90]	[ 8  8 84 87]
[ 1  1 90 92]	[ 8  8 87 92]
[ 1  1 92 89]	[ 8  8 92 92]
[ 1  1 89 85]	[ 8  8 92 90]
[ 1  1 85 85]	[ 8  8 90 92]
[ 1  1 85 89]	[ 8  8 92 84]
[ 1  1 89 90]	[ 8  8 84 87]
[ 1  1 90 92]	[ 8  8 87 92]
[ 1  1 92 94]	[ 8  8 92 92]
[ 1  1 94 92]	[ 8  8 92 90]
[ 1  1 92 89]	[ 8  3 90 92]
[ 1  1 89 92]	[ 3  3 92 90]
[ 1  1 92 92]	[ 3  3 90 92]
[ 1  1 92 94]	[ 3  3 92 94]
[ 1  1 94 92]	[ 3  3 94 94]
[ 1  1 92 89]	[ 3  3 94 92]
[ 1  1 89 85]	[ 3  3 92 90]
[ 1  1 85 87]	[ 3  3 90 94]
[ 1  1 87 89]	[ 3  3 94 92]
[ 1  1 89 89]	[ 3  3 92 89]
[ 1  1 89 87]	[ 3  3 89 87]
[ 1  1 87 85]	[ 3  3 87 86]
[ 1  1 85 85]	[ 3  8 86 85]
[ 1  1 85 89]	[ 8  8 85 84]
[ 1  1 89 90]	[ 8  8 84 87]
[ 1  1 90 92]	[ 8  8 87 92]
[ 1  1 92 89]	[ 8  8 92 92]
[ 1  1 89 85]	[ 8  8 92 90]
[ 1  1 85 85]	[ 8  8 90 92]
[ 1  1 85 89]	[ 8  8 92 84]
[ 1  1 89 90]	[ 8  8 84 87]
[ 1  1 90 92]	[ 8  8 87 92]
[ 1  1 92 94]	[ 8  8 92 92]
[ 1  1 94 92]	[ 8  8 92 90]
[ 1  1 92 89]	[ 8  3 90 92]
[ 1  1 89 92]	[ 3  3 92 90]
[ 1  1 92 92]	[ 3  3 90 92]
[ 1  1 92 94]	[ 3  3 92 94]
[ 1  1 94 92]	[ 3  3 94 94]
[ 1  1 92 89]	[ 3  3 94 92]
[ 1  1 89 85]	[ 3  8 92 90]
[ 1  1 85 87]	[ 8  8 90 92]
[ 1  1 87 89]	[ 8  3 92  0]
[ 1  1 89 87]	[ 3  3  0 89]
[ 1  1 87 89]	[ 3  3 89 87]
[ 1  1 89 90]	[ 3  8 87 85]
[-1 -1 -1 -1]	[ 8  8 85 92]
[ 1  1 82 80]	[ 8 -1 92 92]
[ 1  1 80 78]	[-1 -1 92 68]
[ 1  1 78 77]	[-1 -1 68 77]
[ 1  1 77 75]	[-1 -1 77 77]
[ 1  1 75 73]	[-1 -1 77 75]
[ 1  1 73 73]	[-1  1 75 73]
[ 1  1 73 75]	[ 1  1 73 68]
[ 1  1 75 77]	[ 1  1 68 77]
[ 1  1 77 75]	[ 1  1 77 77]
[ 1  1 75 73]	[ 1  1 77 75]
[ 1  1 73 73]	[ 1  1 75 73]
[ 1  1 73 75]	[ 1  1 73 68]
[ 1  1 75 77]	[ 1  1 68 77]
[ 1  1 77 73]	[ 1  1 77 77]
[ 1  1 73 77]	[ 1  1 77 75]
[ 1  8 77 73]	[ 1  8 75 73]
[ 8  8 73 75]	[ 8  8 73 80]
[ 8  8 75 72]	[ 8  8 80 72]
[ 8  8 72 75]	[ 8  8 72 72]
[ 8  8 75 80]	[ 8  8 72 68]
[ 8  1 80 78]	[ 8  8 68 78]
[ 1  1 78 77]	[ 8  8 78 78]
[ 1  1 77 73]	[ 8  8 78 77]
[ 1  1 73 77]	[ 8  8 77 75]
[ 1  1 77 80]	[ 8  8 75 68]
[ 1  1 80 78]	[ 8  8 68 78]
[ 1  1 78 77]	[ 8  8 78 78]
[ 1  1 77 73]	[ 8  8 78 77]
[ 1  1 73 77]	[ 8  8 77 75]
[ 1  1 77 80]	[ 8  8 75 68]
[ 1  1 80 78]	[ 8  8 68 78]
[ 1  1 78 77]	[ 8  8 78 78]
[ 1  1 77 80]	[ 8  8 78 77]
[ 1  1 80 78]	[ 8  1 77 75]
[ 1  1 78 77]	[ 1  1 75 82]
[ 1  1 77 73]	[ 1  1 82 77]
[ 1  1 73 73]	[ 1  1 77 77]
[ 1  1 73 75]	[ 1  1 77 68]
[ 1  1 75 77]	[ 1  1 68 77]
[ 1  1 77 75]	[ 1  1 77 77]
[ 1  1 75 73]	[ 1  1 77 75]
[ 1  1 73 73]	[ 1  1 75 73]
[ 1  1 73 75]	[ 1  1 73 68]
[ 1  1 75 77]	[ 1  1 68 77]
[ 1  1 77 73]	[ 1  1 77 77]
[ 1  1 73 77]	[ 1  1 77 75]
[ 1  1 77 80]	[ 1  1 75 73]
[ 1  1 80 77]	[ 1  1 73 80]
[ 1  1 77 80]	[ 1  1 80 77]
[ 1  1 80 85]	[ 1  1 77 75]
[ 1  1 85 84]	[ 1  6 75 73]
[ 1  1 84 85]	[ 6  6 73 84]
[ 1  1 85 80]	[ 6  6 84 82]
[ 1  1 80 77]	[ 6 15 82 82]
[ 1  1 77 73]	[15 15 82 82]
[ 1  1 73 75]	[15  8 82 75]
[ 1  1 75 77]	[ 8  8 75 75]
[ 1  1 77 78]	[ 8  8 75 77]
[ 1  1 78 77]	[ 8  1 77 78]
[ 1  1 77 75]	[ 1  1 78 80]
[ 1  1 75 73]	[ 1  1 80 73]
[ 1  1 73 75]	[ 1  1 73 73]
[ 1  1 75 77]	[ 1  1 73 75]
[ 1  1 77 73]	[ 1  8 75 77]
[ 1  1 73 73]	[ 8  8 77 78]
[ 1  1 73 73]	[ 8  8 78 68]
[ 1  1 73 73]	[ 8  8 68 68]
[ 1  1 73 75]	[ 8  8 68 72]
[ 1  1 75 77]	[ 8  1 72 75]
[ 1  1 77 78]	[ 1  1 75 73]
[ 1  1 78 80]	[ 1  1 73 73]
[ 1  1 80 82]	[ 1  1 73 80]
[ 1  1 82 80]	[ 1  8 80 82]
[ 1  1 80 77]	[ 8  8 82 84]
[ 1  1 77 73]	[ 8  8 84 80]
[ 1  1 73 73]	[ 8  8 80 75]
[ 1  1 73 73]	[ 8  1 75 72]
[ 1  1 73 75]	[ 1  1 72 73]
[ 1  1 75 77]	[ 1  1 73 77]
[ 1  1 77 73]	[ 1  1 77 77]
[ 1  1 73 73]	[ 1  1 77 78]
[ 1  1 73 77]	[ 1  8 78 77]
[ 1  1 77 78]	[ 8  8 77 75]
[ 1  1 78 80]	[ 8  8 75 80]
[ 1  1 80 77]	[ 8  8 80 80]
[ 1  1 77 80]	[ 8  8 80 82]
[ 1  1 80 85]	[ 8  3 82 80]
[ 1  1 85 80]	[ 3  3 80 85]
[ 1  1 80 77]	[ 3  3 85 84]
[ 1  1 77 80]	[ 3  3 84 82]
[ 1  1 80 82]	[ 3  3 82 80]
[ 1  1 82 80]	[ 3  8 80 82]
[ 1  1 80 77]	[ 8  8 82 84]
[ 1  1 77 73]	[ 8  8 84 80]
[ 1  1 73 73]	[ 8  8 80 75]
[ 1  1 73 73]	[ 8  1 75 72]
[ 1  1 73 75]	[ 1  1 72 73]
[ 1  1 75 77]	[ 1  1 73 77]
[ 1  1 77 80]	[ 1  1 77 77]
[ 1  1 80 85]	[ 1  1 77 78]
[ 1  1 85 84]	[ 1  3 78 77]
[ 1  1 84 85]	[ 3  3 77 87]
[ 1  1 85 84]	[ 3  3 87 85]
[ 1  1 84 85]	[ 3  3 85 84]
[ 1  1 85 84]	[ 3  3 84 82]
[ 1  1 84 85]	[ 3  3 82 84]
[ 1  1 85 85]	[ 3  8 84 82]
[-1 -1 -1 -1]	[ 8  8 82 80]
[ 8  8 78 77]	[ 8 -1 80 84]
[ 8  1 77 75]	[-1 -1 84 77]
[ 1  1 75 73]	[-1  1 77 75]
[ 1  1 73 73]	[ 1  1 75 73]
[ 1  1 73 75]	[ 1  1 73 72]
[ 1  1 75 77]	[ 1  1 72 73]
[ 1  1 77 73]	[ 1  1 73 77]
[ 1  1 73 73]	[ 1  1 77 80]
[ 1  1 73 75]	[ 1  1 80 77]
[ 1  1 75 77]	[ 1  1 77 73]
[ 1  1 77 73]	[ 1  6 73 77]
[ 1  1 73 77]	[ 6  6 77 78]
[ 1  1 77 80]	[ 6  6 78 77]
[ 1  1 80 82]	[ 6  6 77 78]
[ 1  1 82 80]	[ 6  1 78 82]
[ 1  1 80 77]	[ 1  1 82 80]
[ 1  1 77 73]	[ 1  1 80 77]
[ 1  1 73 77]	[ 1  1 77 73]
[ 1  1 77 80]	[ 1  6 73 77]
[ 1  1 80 82]	[ 6  6 77 78]
[ 1  1 82 80]	[ 6  6 78 82]
[ 1  1 80 77]	[ 6  6 82 80]
[ 1  1 77 80]	[ 6  1 80 78]
[ 1  1 80 77]	[ 1  1 78 77]
[ 1  1 77 73]	[ 1 15 77 85]
[ 1  1 73 73]	[15 15 85 75]
[ 1  1 73 77]	[15 15 75 75]
[ 1  1 77 80]	[15  8 75 77]
[ 1  1 80 78]	[ 8  8 77 75]
[ 1  1 78 77]	[ 8  8 75 78]
[ 1  1 77 75]	[ 8  8 78 77]
[ 1  1 75 73]	[ 8  1 77 75]
[ 1  1 73 73]	[ 1  1 75 73]
[ 1  1 73 75]	[ 1  1 73 72]
[ 1  1 75 77]	[ 1  1 72 73]
[ 1  1 77 73]	[ 1  1 73 77]
[ 1  1 73 73]	[ 1  1 77 80]
[ 1  1 73 75]	[ 1  1 80 77]
[ 1  1 75 77]	[ 1  1 77 73]
[ 1  1 77 73]	[ 1  6 73 77]
[ 1  1 73 77]	[ 6  6 77 78]
[ 1  1 77 80]	[ 6  6 78 77]
[ 1  1 80 82]	[ 6  6 77 78]
[ 1  1 82 80]	[ 6  1 78 82]
[ 1  1 80 77]	[ 1  1 82 80]
[ 1  1 77 73]	[ 1  1 80 77]
[ 1  1 73 77]	[ 1  1 77 73]
[ 1  1 77 80]	[ 1  1 73 77]
[ 1  1 80 85]	[ 1  1 77 80]
[ 1  1 85 80]	[ 1  1 80 85]
[ 1  1 80 80]	[ 1  1 85 84]
[ 1  1 80 82]	[ 1  1 84 85]
[ 1  1 82 80]	[ 1  8 85 82]
[ 1  1 80 78]	[ 8  8 82 80]
[ 1  1 78 77]	[ 8  8 80 78]
[ 1  1 77 73]	[ 8  8 78 77]
[ 1  1 73 73]	[ 8  1 77 75]
[ 1  1 73 73]	[ 1  1 75 77]
[ 1  1 73 73]	[ 1  1 77 73]
[ 1  1 73 77]	[ 1  1 73 73]
[ 1  1 77 80]	[ 1  1 73  0]
[ 1  1 80 82]	[ 1  1  0 80]
[ 1  1 82 80]	[ 1  1 80 85]
[ 1  1 80 77]	[ 1  1 85 80]
[ 1  1 77 80]	[ 1  1 80 77]
[ 1  1 80 82]	[ 1  1 77 80]
[ 1  1 82 80]	[ 1  1 80 82]
[ 1  1 80 77]	[ 1  1 82 80]
[ 1  1 77 80]	[ 1  1 80 77]
[ 1  1 80 82]	[ 1  1 77 80]
[ 1  1 82 80]	[ 1  1 80 85]
[ 1  1 80 77]	[ 1  1 85 80]
[ 1  1 77 80]	[ 1  1 80 77]
[ 1  1 80 82]	[ 1  1 77 80]
[ 1  1 82 80]	[ 1  1 80 82]
[ 1  1 80 77]	[ 1  1 82 80]
[ 1  1 77 80]	[ 1  1 80 77]
[ 1  1 80 85]	[ 1  6 77 80]
[ 1  1 85 80]	[ 6  6 80 78]
[ 1  1 80 77]	[ 6  1 78 87]
[ 1  1 77 73]	[ 1  1 87 77]
[ 1  1 73 73]	[ 1 15 77 85]
[ 1  1 73 73]	[15 15 85 75]
[ 1  1 73 77]	[15 15 75 75]
[ 1  1 77 80]	[15  8 75 77]
[ 1  1 80 78]	[ 8  8 77 75]
[ 1  1 78 77]	[ 8  8 75 78]
[ 1  1 77 75]	[ 8  8 78 77]
[ 1  1 75 73]	[ 8  1 77 75]
[ 1  1 73 73]	[ 1  1 75 73]
[ 1  1 73 75]	[ 1  1 73 72]
[ 1  1 75 77]	[ 1  1 72 73]
[ 1  1 77 73]	[ 1  1 73 77]
[ 1  1 73 73]	[ 1  1 77 80]
[ 1  1 73 75]	[ 1  1 80 77]
[ 1  1 75 77]	[ 1  1 77 73]
[ 1  1 77 73]	[ 1  6 73 77]
[ 1  1 73 77]	[ 6  6 77 78]
[ 1  1 77 80]	[ 6  6 78 77]
[ 1  1 80 82]	[ 6  6 77 78]
[ 1  1 82 80]	[ 6  1 78 82]
[ 1  1 80 77]	[ 1  1 82 80]
[ 1  1 77 73]	[ 1  1 80 77]
[ 1  1 73 77]	[ 1  1 77 73]
[ 1  1 77 80]	[ 1  1 73 77]
[ 1  1 80 85]	[ 1  1 77 80]
[ 1  1 85 80]	[ 1  1 80 85]
[ 1  1 80 80]	[ 1  1 85 84]
[ 1  1 80 82]	[ 1  1 84 85]
[ 1  1 82 80]	[ 1  8 85 82]
[ 1  1 80 78]	[ 8  8 82 80]
[ 1  1 78 77]	[ 8  8 80 78]
[ 1  1 77 73]	[ 8  8 78 77]
[ 1  1 73 73]	[ 8  1 77 75]
[-1 -1 -1 -1]	[ 1  1 75 77]
[ 1  1 75 77]	[ 1 -1 77 73]
[ 1  1 77 78]	[-1 -1 73 77]
[ 1  1 78 80]	[-1  1 77 78]
[ 1  1 80 82]	[ 1  1 78 80]
[ 1  1 82 80]	[ 1  1 80 79]
[ 1  1 80 82]	[ 1  1 79 80]
[ 1  1 82 80]	[ 1  8 80 82]
[ 1  1 80 78]	[ 8  8 82 80]
[ 1  1 78 77]	[ 8  8 80 78]
[ 1  1 77 80]	[ 8  8 78 77]
[ 1  1 80 77]	[ 8  1 77 75]
[ 1  1 77 75]	[ 1  1 75 77]
[ 1  1 75 73]	[ 1  1 77 73]
[ 1  1 73 72]	[ 1  1 73 73]
[ 1  1 72 73]	[ 1  6 73 72]
[ 1  1 73 77]	[ 6  6 72 70]
[ 1  1 77 75]	[ 6 15 70 75]
[ 1  1 75 73]	[15 15 75 75]
[ 1  1 73 73]	[15  8 75 73]
[ 1  1 73 77]	[ 8  8 73 72]
[ 1  1 77 78]	[ 8  8 72 80]
[ 1  1 78 80]	[ 8  8 80 80]
[ 1  1 80 82]	[ 8  6 80 80]
[ 1  1 82 80]	[ 6  1 80 82]
[ 1  1 80 78]	[ 1  1 82 80]
[ 1  1 78 77]	[ 1  1 80 78]
[ 1  1 77 73]	[ 1  8 78 77]
[ 1  1 73 73]	[ 8  8 77 78]
[ 1  1 73 75]	[ 8  1 78 75]
[ 1  1 75 77]	[ 1  1 75 77]
[ 1  1 77 78]	[ 1  1 77 79]
[ 1  1 78 77]	[ 1  3 79 78]
[ 1  1 77 73]	[ 3  3 78 79]
[ 1  1 73 75]	[ 3  3 79 75]
[ 1  1 75 77]	[ 3  3 75 75]
[ 1  1 77 75]	[ 3  3 75 77]
[ 1  1 75 73]	[ 3  3 77 75]
[ 1  1 73 77]	[ 3  8 75 73]
[ 1  1 77 78]	[ 8  8 73 72]
[ 1  1 78 80]	[ 8  8 72 80]
[ 1  1 80 77]	[ 8  3 80 80]
[ 1  1 77 80]	[ 3  3 80 79]
[ 1  1 80 85]	[ 3  3 79 75]
[ 1  1 85 84]	[ 3  3 75 75]
[ 1  1 84 85]	[ 3  3 75 87]
[ 1  1 85 80]	[ 3  8 87 85]
[ 1  1 80 77]	[ 8  8 85 84]
[ 1  1 77 80]	[ 8  1 84 80]
[ 1  1 80 85]	[ 1  1 80 80]
[ 1  1 85 80]	[ 1  1 80 85]
[ 1  1 80 77]	[ 1  6 85 85]
[ 1  1 77 80]	[ 6  6 85 82]
[ 1  1 80 78]	[ 6  6 82 78]
[ 1  1 78 77]	[ 6  6 78 78]
[ 1  1 77 73]	[ 6 11 78 77]
[ 1  1 73 73]	[11 11 77 75]
[ 1  1 73 73]	[11 11 75 83]
[ 1  1 73 75]	[11 20 83 84]
[ 1  1 75 77]	[20 20 84 75]
[ 1  1 77 78]	[20  8 75 77]
[ 1  1 78 80]	[ 8  8 77 78]
[ 1  1 80 77]	[ 8  1 78 80]
[ 1  1 77 75]	[ 1  1 80 77]
[ 1  1 75 73]	[ 1  1 77 73]
[ 1  1 73 77]	[ 1 11 73 73]
[ 1  1 77 80]	[11 11 73 75]
[ 1  1 80 77]	[11 11 75 73]
[ 1  8 77 73]	[11  6 73 71]
[ 8  8 73 72]	[ 6  1 71 73]
[ 8  8 72 70]	[ 1  1 73 71]
[ 8  8 70 68]	[ 1  1 71 70]
[ 8  8 68 68]	[ 1  6 70 68]
[ 8  8 68 68]	[ 6  8 68 70]
[ 8  8 68 70]	[ 8  8 70 68]
[ 8  1 70 72]	[ 8  8 68 70]
[ 1  1 72 73]	[ 8  8 70 72]
[ 1  1 73 77]	[ 8  8 72 73]
[ 1  1 77 80]	[ 8  8 73 75]
[ 1  1 80 77]	[ 8  1 75 80]
[ 1  1 77 80]	[ 1  1 80 77]
[ 1  1 80 80]	[ 1  1 77 73]
[ 1  1 80 80]	[ 1  6 73 73]
[ 1  1 80 82]	[ 6 10 73 82]
[ 1  1 82 80]	[10 10 82 82]
[ 1  1 80 77]	[10 15 82 80]
[ 1  1 77 80]	[15 15 80 78]
[ 1  1 80 85]	[15 15 78 75]
[ 1  1 85 85]	[15  3 75 75]
[ 1  1 85 85]	[ 3  3 75 87]
[ 1  1 85 87]	[ 3  3 87 87]
[ 1  1 87 89]	[ 3  3 87 87]
[ 1  1 89 87]	[ 3  3 87 89]
[ 1  1 87 85]	[ 3  3 89 87]
[ 1  1 85 85]	[ 3  8 87 85]
[ 1  1 85 85]	[ 8  8 85 84]
[ 1  1 85 85]	[ 8  8 84 80]
[ 1  1 85 87]	[ 8  8 80 80]
[ 1  1 87 89]	[ 8 18 80 87]
[ 1  1 89 87]	[18 18 87 88]
[ 1  1 87 85]	[18 18 88 87]
[ 1  1 85 85]	[18 18 87 85]
[ 1  1 85 84]	[18 18 85 85]
[ 1  1 84 85]	[18  1 85 84]
[ 1  1 85 80]	[ 1  1 84 85]
[ 1  1 80 77]	[ 1  1 85 80]
[ 1  1 77 80]	[ 1 15 80 81]
[ 1  1 80 85]	[15 15 81 82]
[ 1  1 85 84]	[15 15 82 85]
[ 1  1 84 85]	[15 15 85 85]
[ 1  1 85 85]	[15  8 85 82]
[ 1  1 85 84]	[ 8  8 82 85]
[ 1  1 84 85]	[ 8  1 85 87]
[-1 -1 -1 -1]	[ 1  1 87 85]
[ 1  1 77 80]	[ 1 -1 85 85]
[ 1  1 80 82]	[-1  1 85 80]
[ 1  1 82 80]	[ 1  1 80 85]
[ 1  1 80 78]	[ 1  8 85 80]
[ 1  1 78 77]	[ 8  8 80 78]
[ 1  1 77 80]	[ 8  8 78 77]
[ 1  1 80 80]	[ 8  1 77 75]
[ 1  1 80 82]	[ 1  1 75 77]
[ 1  1 82 80]	[ 1  1 77 78]
[ 1  1 80 78]	[ 1  8 78 80]
[ 1  1 78 77]	[ 8  8 80 78]
[ 1  1 77 75]	[ 8  8 78 77]
[ 1  1 75 73]	[ 8  1 77 75]
[ 1  1 73 75]	[ 1  1 75 73]
[ 1  1 75 77]	[ 1  1 73 75]
[ 1  1 77 78]	[ 1  6 75 77]
[ 1  1 78 80]	[ 6  6 77 78]
[ 1  1 80 82]	[ 6  6 78 80]
[ 1  1 82 80]	[ 6  8 80 82]
[ 1  1 80 77]	[ 8  8 82 80]
[ 1  1 77 80]	[ 8  8 80 80]
[ 1  1 80 82]	[ 8  1 80 80]
[ 1  1 82 80]	[ 1  1 80 85]
[ 1  1 80 78]	[ 1  8 85 80]
[ 1  1 78 77]	[ 8  8 80 78]
[ 1  1 77 80]	[ 8  8 78 77]
[ 1  1 80 80]	[ 8  1 77 75]
[ 1  1 80 82]	[ 1  1 75 77]
[ 1  1 82 80]	[ 1  1 77 78]
[ 1  1 80 78]	[ 1  8 78 80]
[ 1  1 78 77]	[ 8  8 80 78]
[ 1  1 77 75]	[ 8  8 78 77]
[ 1  1 75 73]	[ 8  1 77 75]
[ 1  1 73 75]	[ 1  1 75 73]
[ 1  1 75 77]	[ 1  1 73 75]
[ 1  1 77 75]	[ 1  8 75 77]
[ 1  1 75 73]	[ 8  8 77 75]
[ 1  1 73 73]	[ 8  8 75 73]
[ 1  1 73 75]	[ 8  1 73 72]
[ 1  1 75 77]	[ 1  1 72 73]
[ 1  1 77 75]	[ 1  1 73 73]
[ 1  1 75 73]	[ 1  1 73 73]
[ 1  1 73 73]	[ 1  1 73 73]
[ 1  1 73 77]	[ 1  1 73 72]
[ 1  1 77 75]	[ 1  8 72 73]
[ 1  1 75 73]	[ 8  8 73 75]
[ 1  1 73 73]	[ 8  8 75 73]
[ 1  1 73 73]	[ 8  8 73 72]
[ 1  1 73 75]	[ 8  8 72 73]
[ 1  1 75 77]	[ 8  1 73 75]
[ 1  1 77 73]	[ 1  1 75 77]
[ 1  1 73 73]	[ 1  1 77 75]
[ 1  1 73 75]	[ 1  1 75 73]
[ 1  1 75 77]	[ 1  1 73 75]
[ 1  1 77 78]	[ 1  6 75 77]
[ 1  1 78 80]	[ 6  6 77 78]
[ 1  1 80 82]	[ 6  6 78 80]
[ 1  1 82 80]	[ 6  1 80 82]
[ 1  1 80 78]	[ 1  1 82 80]
[ 1  1 78 77]	[ 1  1 80 78]
[ 1  1 77 73]	[ 1  8 78 77]
[ 1  1 73 73]	[ 8  8 77 75]
[ 1  1 73 73]	[ 8  8 75 75]
[ 1  1 73 77]	[ 8  8 75 72]
[ 1  1 77 75]	[ 8  8 72 73]
[ 1  1 75 73]	[ 8  8 73 75]
[ 1  1 73 73]	[ 8  8 75 73]
[ 1  1 73 73]	[ 8  8 73 72]
[ 1  1 73 75]	[ 8  8 72 73]
[ 1  1 75 77]	[ 8  1 73 75]
[ 1  1 77 75]	[ 1  1 75 77]
[ 1  1 75 73]	[ 1  1 77 75]
[ 1  1 73 77]	[ 1  1 75 73]
[ 1  1 77 78]	[ 1  1 73 77]
[ 1  1 78 80]	[ 1  1 77 80]
[ 1  1 80 78]	[ 1  1 80 80]
[ 1  1 78 77]	[ 1  1 80 78]
[ 1  1 77 75]	[ 1  8 78 77]
[ 1  1 75 73]	[ 8  8 77 75]
[ 1  1 73 77]	[ 8  8 75 73]
[ 1  1 77 75]	[ 8  1 73 72]
[ 1  1 75 73]	[ 1  1 72 73]
[ 1  1 73 73]	[ 1  1 73 73]
[ 1  1 73 77]	[ 1  1 73 72]
[ 1  1 77 75]	[ 1  8 72 73]
[ 1  1 75 73]	[ 8  8 73 75]
[ 1  1 73 73]	[ 8  8 75 73]
[ 1  1 73 73]	[ 8  8 73 72]
[ 1  1 73 75]	[ 8  8 72 73]
[ 1  1 75 77]	[ 8  1 73 75]
[ 1  1 77 73]	[ 1  1 75 77]
[ 1  1 73 73]	[ 1  1 77 75]
[ 1  1 73 75]	[ 1  1 75 73]
[ 1  1 75 77]	[ 1  1 73 75]
[ 1  1 77 78]	[ 1  6 75 77]
[ 1  1 78 80]	[ 6  6 77 78]
[ 1  1 80 82]	[ 6  6 78 80]
[ 1  1 82 80]	[ 6  1 80 82]
[ 1  1 80 78]	[ 1  1 82 80]
[ 1  1 78 77]	[ 1  1 80 78]
[ 1  1 77 73]	[ 1  8 78 77]
[ 1  1 73 73]	[ 8  8 77 75]
[ 1  1 73 77]	[ 8  8 75 75]
[ 1  1 77 80]	[ 8  8 75  0]
[ 1  1 80 85]	[ 8  6  0 80]
[ 1  1 85 84]	[ 6  6 80 82]
[ 1  1 84 82]	[ 6  6 82 84]
[ 1  1 82 80]	[ 6  1 84 85]
[ 1  1 80 77]	[ 1  1 85 80]
[ 1  1 77 80]	[ 1  1 80  0]
[ 1  1 80 85]	[ 1  6  0 80]
[ 1  1 85 84]	[ 6  6 80 82]
[ 1  1 84 85]	[ 6  6 82 84]
[ 1  1 85 85]	[ 6  1 84 85]
[ 1  1 85 84]	[ 1  1 85 80]
[ 1  1 84 85]	[ 1  1 80  0]
[ 1  1 85 80]	[ 1  8  0 85]
[ 1  1 80 82]	[ 8  8 85 84]
[ 1  1 82 80]	[ 8  8 84 82]
[ 1  1 80 78]	[ 8  8 82 80]
[ 1  1 78 77]	[ 8  8 80 78]
[ 1  1 77 75]	[ 8  8 78 77]
[-1 -1 -1 -1]	[ 8  1 77 75]
[ 1  1 77 75]	[ 1 -1 75 73]
[ 1  1 75 73]	[-1 13 73 68]
[ 1  1 73 77]	[13 13 68 73]
[ 1  1 77 75]	[13 13 73 75]
[ 1  1 75 73]	[13 13 75 76]
[ 8  8 75 72]	[13 13 76 73]
[ 8  8 72 68]	[13 13 73 68]
[ 8  8 68 70]	[13 13 68 68]
[ 8  1 70 72]	[13 12 68 70]
[ 1  1 72 73]	[12 12 70 71]
[ 1  1 73 75]	[12 12 71 73]
[ 1  1 75 77]	[12 12 73 75]
[ 1  1 77 73]	[12 12 75 76]
[ 1  1 73 73]	[12 12 76 78]
[ 1  1 73 77]	[12 12 78 75]
[ 1  1 77 75]	[12 12 75 71]
[ 1  1 75 73]	[12 13 71 75]
[ 1  1 73 77]	[13 13 75 73]
[ 1  1 77 75]	[13 13 73 75]
[ 1  1 75 73]	[13 13 75 76]
[ 1  1 73 77]	[13 13 76 73]
[ 1  1 77 80]	[13 13 73 68]
[ 1  1 80 82]	[13 13 68 68]
[ 1  1 82 80]	[13  8 68 81]
[ 1  1 80 78]	[ 8  8 81 80]
[ 1  1 78 77]	[ 8  8 80 78]
[ 1  1 77 75]	[ 8  8 78 76]
[ 1  1 75 73]	[ 8 13 76 75]
[ 1  1 73 77]	[13 13 75 73]
[ 1  1 77 77]	[13 13 73 73]
[ 1  1 77 77]	[13  5 73 75]
[ 1  1 77 77]	[ 5  5 75 76]
[ 1  1 77 78]	[ 5  5 76 76]
[ 1  1 78 80]	[ 5  5 76 76]
[ 1  1 80 77]	[ 5 12 76 80]
[ 1  1 77 80]	[12 12 80 78]
[ 1  1 80 77]	[12 12 78 78]
[ 1  1 77 77]	[12 12 78 78]
[ 1  1 77 77]	[12  5 78 80]
[ 1  1 77 77]	[ 5  5 80 76]
[ 1  1 77 78]	[ 5  5 76 76]
[ 1  1 78 80]	[ 5  5 76 76]
[ 1  1 80 77]	[ 5 12 76 80]
[ 1  1 77 77]	[12 12 80 78]
[ 1  1 77 77]	[12 12 78 78]
[ 1  1 77 77]	[12  5 78 75]
[ 1  1 77 77]	[ 5  5 75 76]
[ 1  1 77 78]	[ 5  5 76 76]
[ 1  1 78 80]	[ 5  5 76 76]
[12 12 78 75]	[ 5 12 76 80]
[12 12 75 71]	[12 12 80 83]
[18 18 78 80]	[12 12 83 71]
[ 8  8 84 82]	[12 12 71 71]
[ 8  8 82 80]	[12  8 71 81]
[ 8  8 80 78]	[ 8  8 81 80]
[ 8  8 78 77]	[ 8  8 80 78]
[-1 -1 -1 -1]	[ 8  8 78 76]
[ 1  1 73 77]	[ 8 15 76 75]
[ 1  1 77 80]	[15 15 75 75]
[ 1  1 80 80]	[15 15 75 78]
[ 1  1 80 77]	[15 15 78 82]
[ 1  1 77 78]	[15  8 82 78]
[ 1  1 78 80]	[ 8  8 78 80]
[ 1  1 80 82]	[ 8  8 80 80]
[ 1  1 82 80]	[ 8  8 80 82]
[ 1  1 80 77]	[ 8  8 82 80]
[ 1  1 77 73]	[ 8  8 80 78]
[ 1  1 73 77]	[ 8 15 78 75]
[ 1  1 77 80]	[15 15 75 75]
[ 1  1 80 80]	[15 15 75 78]
[ 1  1 80 77]	[15 15 78 82]
[ 1  1 77 78]	[15  8 82 78]
[ 1  1 78 80]	[ 8  8 78 80]
[ 1  1 80 77]	[ 8  8 80 80]
[ 1  1 77 73]	[ 8  8 80 82]
[ 1  1 73 77]	[ 8 15 82 80]
[ 1  1 77 80]	[15 15 80 75]
[ 1  1 80 80]	[15 15 75 78]
[ 1  1 80 77]	[15 15 78 82]
[ 1  1 77 78]	[15  8 82 78]
[ 1  1 78 80]	[ 8  8 78 80]
[ 1  1 80 82]	[ 8  8 80 80]
[ 1  1 82 80]	[ 8  8 80 82]
[ 1  1 80 77]	[ 8  8 82 80]
[ 1  1 77 73]	[ 8  8 80 78]
[ 1  1 73 77]	[ 8 11 78 75]
[ 1  1 77 78]	[11 11 75 75]
[ 1  1 78 80]	[11 11 75 78]
[ 1  1 80 82]	[11 11 78 80]
[ 1  1 82 80]	[11  1 80 82]
[ 1  1 80 77]	[ 1  1 82 80]
[ 1  1 77 80]	[ 1  1 80 78]
[ 1  1 80 80]	[ 1 10 78 80]
[ 1  1 80 82]	[10 10 80 82]
[ 1  1 82 80]	[10 10 82 82]
[ 1  1 80 77]	[10 11 82 80]
[ 1  1 77 78]	[11 15 80 78]
[ 1  1 78 80]	[15 15 78 78]
[ 1  1 80 85]	[15 15 78 80]
[ 1  1 85 84]	[15 15 80 82]
[ 1  1 84 85]	[15  1 82 84]
[ 1  1 85 84]	[ 1  1 84 85]
[ 1  1 84 85]	[ 1  1 85 84]
[ 1  1 85 80]	[ 1  8 84 82]
[ 1  1 80 77]	[ 8  8 82 84]
[ 1  1 77 80]	[ 8  8 84 82]
[ 1  1 80 82]	[ 8 15 82 80]
[ 1  1 82 80]	[15 15 80 82]
[ 1  1 80 77]	[15 15 82 80]
[ 1  1 77 78]	[15 15 80 78]
[ 1  6 78 80]	[15 15 78 78]
[ 6  6 80 82]	[15 15 78 80]
[ 6  6 82 84]	[15 15 80 82]
[ 6  6 84 85]	[15 22 82 84]
[ 6  6 85 84]	[22 22 84 85]
[ 6  1 84 82]	[22 22 85 84]
[ 1  1 82 80]	[22  8 84 82]
[ 1  1 80 82]	[ 8  8 82 80]
[ 1  1 82 80]	[ 8  8 80 82]
[ 1  1 80 77]	[ 8  6 82 84]
[ 1  6 77 80]	[ 6  6 84 78]
[ 6  6 80 82]	[ 6  6 78 80]
[ 6  6 82 84]	[ 6  6 80 82]
[ 6  6 84 85]	[ 6  6 82 84]
[ 6  6 85 84]	[ 6  6 84 85]
[ 6  6 84 85]	[ 6  6 85 84]
[ 6  6 85 84]	[ 6  8 84 82]
[ 6  1 84 82]	[ 8  8 82 84]
[ 1  1 82 80]	[ 8  8 84 82]
[ 1  1 80 82]	[ 8 15 82 80]
[ 1  1 82 80]	[15 15 80 82]
[ 1  1 80 77]	[15 15 82 80]
[ 1  1 77 78]	[15  6 80 78]
[ 1  1 78 80]	[ 6  6 78 78]
[ 1  1 80 85]	[ 6  6 78 80]
[ 1  1 85 84]	[ 6  6 80 82]
[ 1  1 84 85]	[ 6  8 82 84]
[ 1  1 85 85]	[ 8  8 84 85]
[ 1  1 85 84]	[ 8  8 85 84]
[ 1  1 84 85]	[ 8  8 84 80]
[ 1  1 85 84]	[ 8 22 80 82]
[-1 -1 -1 -1]	[22 22 82 84]
[ 8  8 80 78]	[22  1 84 82]
[ 8  8 78 77]	[ 1  1 82 73]
[ 8  1 77 75]	[ 1  1 73 77]
[ 1  1 75 73]	[ 1  1 77 75]
[ 1  1 73 77]	[ 1  1 75 73]
[ 1  1 77 80]	[ 1  8 73 77]
[ 1  1 80 85]	[ 8  8 77 80]
[ 1  1 85 84]	[ 8  8 80 82]
[ 1  1 84 82]	[ 8  1 82 84]
[ 1  1 82 80]	[ 1  1 84 85]
[ 1  1 80 77]	[ 1  1 85 80]
[ 1  1 77 73]	[ 1  1 80 77]
[ 1  1 73 77]	[ 1  1 77 73]
[ 1  1 77 75]	[ 1  1 73 77]
[ 1  1 75 73]	[ 1  1 77 75]
[ 1  1 73 73]	[ 1  1 75 73]
[ 1  1 73 73]	[ 1  8 73 77]
[ 1  1 73 73]	[ 8  8 77 75]
[ 1  1 73 73]	[ 8  8 75 72]
[ 1  1 73 73]	[ 8  8 72 68]
[ 1  1 73 73]	[ 8  8 68 75]
[ 1  1 73 73]	[ 8  8 75 72]
[ 1  1 73 75]	[ 8  1 72 68]
[ 1  1 75 77]	[ 1  1 68 73]
[ 1  1 77 75]	[ 1  1 73 77]
[ 1  1 75 73]	[ 1  1 77 75]
[ 1  1 73 77]	[ 1  1 75 73]
[ 1  1 77 80]	[ 1  8 73 77]
[ 1  1 80 85]	[ 8  8 77 80]
[ 1  1 85 84]	[ 8  8 80 82]
[ 1  1 84 85]	[ 8 22 82 84]
[ 1  1 85 80]	[22 22 84 85]
[ 1  1 80 77]	[22 22 85 84]
[ 1  1 77 80]	[22  6 84 85]
[ 1  1 80 80]	[ 6  6 85 82]
[ 1  1 80 82]	[ 6  6 82 85]
[ 1  1 82 80]	[ 6  8 85 82]
[ 1  1 80 77]	[ 8  8 82 80]
[ 1  1 77 80]	[ 8  8 80 77]
[ 1  1 80 77]	[ 8  1 77 75]
[ 1  1 77 80]	[ 1  1 75 77]
[ 1  1 80 77]	[ 1  1 77 73]
[ 1  6 77 80]	[ 1  1 73 73]
[ 6  6 80 82]	[ 1 22 73 73]
[ 6  6 82 85]	[22 22 73 82]
[ 6  6 85 84]	[22 22 82 84]
[ 6  1 84 82]	[22 22 84 82]
[ 1  1 82 80]	[22 22 82 82]
[ 1  1 80 77]	[22 22 82 80]
[ 1  1 77 80]	[22  8 80 77]
[ 1  1 80 85]	[ 8  8 77 80]
[ 1  1 85 84]	[ 8  8 80 82]
[ 1  1 84 85]	[ 8  1 82 84]
[ 1  1 85 85]	[ 1  1 84 85]
[ 1  6 85 80]	[ 1  1 85 84]
[ 6  6 80 82]	[ 1 22 84 85]
[ 6  6 82 85]	[22 22 85 82]
[ 6  6 85 84]	[22 22 82 84]
[ 6  1 84 82]	[22 22 84 82]
[ 1  1 82 80]	[22 22 82 82]
[ 1  1 80 77]	[22 22 82 80]
[ 1  1 77 73]	[22 17 80 77]
[ 1  1 73 73]	[17 17 77 80]
[ 1  1 73 73]	[17 17 80 77]
[ 1  1 73 73]	[17 17 77 75]
[ 1  1 73 77]	[17 17 75 75]
[ 1  6 77 80]	[17 17 75 77]
[ 6  6 80 82]	[17 22 77 80]
[ 6  6 82 85]	[22 22 80 82]
[ 6  6 85 84]	[22 22 82 84]
[ 6  1 84 82]	[22 22 84 82]
[ 1  1 82 80]	[22 22 82 82]
[ 1  1 80 77]	[22 22 82 80]
[ 1  1 77 80]	[22  8 80 77]
[ 1  1 80 85]	[ 8  8 77 80]
[ 1  1 85 84]	[ 8  8 80 82]
[ 1  1 84 85]	[ 8  1 82 84]
[ 1  1 85 85]	[ 1  1 84 85]
[ 1  1 85 84]	[ 1  1 85 84]
[ 1  1 84 85]	[ 1  6 84 85]
[ 1  1 85 80]	[ 6  6 85 82]
[ 1  1 80 77]	[ 6  6 82 85]
[ 1  1 77 73]	[ 6  8 85 82]
[ 1  1 73 73]	[ 8  8 82 80]
[ 1  1 73 75]	[ 8  8 80 77]
[ 1  1 75 77]	[ 8  1 77 75]
[ 1  1 77 75]	[ 1  1 75 77]
[-1 -1 -1 -1]	[ 1  1 77 73]
[ 8  8 82 80]	[ 1 -1 73 73]
[ 8  1 80 78]	[-1 -1 73 80]
[ 1  1 78 77]	[-1  1 80 78]
[ 1  1 77 75]	[ 1  1 78 77]
[ 1  1 75 73]	[ 1  1 77 80]
[ 1  1 73 73]	[ 1  1 80 73]
[ 1  1 73 73]	[ 1  8 73 77]
[ 1  1 73 73]	[ 8  8 77 75]
[ 1  1 73 75]	[ 8  8 75 72]
[ 1  1 75 77]	[ 8  1 72 68]
[ 1  1 77 78]	[ 1  1 68 77]
[ 1  1 78 80]	[ 1  1 77 73]
[ 1  1 80 77]	[ 1  1 73 80]
[ 1  1 77 78]	[ 1  8 80 77]
[ 1  1 78 80]	[ 8  8 77 75]
[ 1  1 80 82]	[ 8  1 75 80]
[ 1  1 82 80]	[ 1  1 80 85]
[ 1  1 80 77]	[ 1  1 85 80]
[ 1  1 77 80]	[ 1  1 80 77]
[ 1  1 80 77]	[ 1 15 77 80]
[ 1  1 77 77]	[15 15 80 82]
[ 1  1 77 75]	[15 15 82 78]
[ 1  1 75 73]	[15 15 78 75]
[ 1  1 73 73]	[15  8 75 73]
[ 1  1 73 73]	[ 8  8 73 72]
[ 1  1 73 73]	[ 8  8 72 75]
[ 1  1 73 77]	[ 8  8 75 68]
[ 1  1 77 75]	[ 8  1 68 72]
[ 1  1 75 73]	[ 1  1 72 73]
[ 1  1 73 72]	[ 1  8 73 73]
[ 1  1 72 73]	[ 8  8 73 68]
[ 1  1 73 77]	[ 8  8 68 70]
[ 1  1 77 75]	[ 8  1 70 72]
[ 1  1 75 73]	[ 1  1 72 73]
[ 1  1 73 73]	[ 1 22 73 73]
[ 1  1 73 73]	[22 22 73 70]
[ 1  1 73 73]	[22 22 70 72]
[ 1  1 73 73]	[22 15 72 73]
[ 1  1 73 73]	[15 15 73 75]
[ 1  1 73 73]	[15 24 75 75]
[ 1  1 73 73]	[24 24 75 72]
[ 1  1 73 75]	[24 24 72 73]
[ 1  1 75 77]	[24 17 73 75]
[ 1  1 77 75]	[17 17 75 77]
[ 1  8 75 73]	[17 22 77 77]
[ 8  8 73 72]	[22 22 77 73]
[ 8  8 72 70]	[22  3 73 72]
[ 8  8 70 68]	[ 3  8 72 70]
[ 8  8 68 70]	[ 8  8 70 68]
[ 8  1 70 72]	[ 8  8 68 70]
[ 1  1 72 73]	[ 8  1 70 72]
[ 1  1 73 72]	[ 1  1 72 73]
[ 1  1 72 73]	[ 1 22 73 73]
[ 1  1 73 73]	[22 22 73 70]
[ 1  1 73 73]	[22 22 70 72]
[ 1  1 73 77]	[22  3 72 73]
[ 1  1 77 78]	[ 3  3 73 75]
[ 1  1 78 80]	[ 3  8 75 80]
[ 1  1 80 82]	[ 8  8 80 80]
[ 1  1 82 80]	[ 8  8 80 82]
[ 1  1 80 78]	[ 8  8 82 80]
[ 1  1 78 77]	[ 8  8 80 78]
[ 1  1 77 73]	[ 8  8 78 77]
[ 1  1 73 77]	[ 8  1 77 75]
[ 1  1 77 80]	[ 1  8 75 73]
[ 1  1 80 77]	[ 8  8 73 80]
[ 1  1 77 73]	[ 8  8 80 80]
[ 1  1 73 73]	[ 8  8 80 80]
[ 1  1 73 77]	[ 8  8 80 75]
[ 1  1 77 80]	[ 8  8 75 72]
[ 1  1 80 80]	[ 8  6 72 80]
[ 1  1 80 77]	[ 6  6 80 78]
[ 1  1 77 75]	[ 6  6 78 78]
[ 1  1 75 73]	[ 6  6 78 78]
[ 1  1 73 77]	[ 6  6 78 73]
[ 1  1 77 77]	[ 6  6 73 70]
[ 1  1 77 75]	[ 6  4 70 78]
[ 1  1 75 73]	[ 4  4 78 76]
[ 1  1 73 72]	[ 4  4 76 77]
[ 1  1 72 73]	[ 4  4 77 77]
[ 1  1 73 75]	[ 4  4 77 71]
[ 1  1 75 77]	[ 4  4 71 68]
[ 1  1 77 78]	[ 4  3 68 77]
[ 1  1 78 80]	[ 3  8 77 75]
[ 1  1 80 82]	[ 8  8 75 80]
[ 1  1 82 80]	[ 8  8 80 80]
[ 1  1 80 77]	[ 8  8 80 80]
[ 1  1 77 80]	[ 8  8 80 79]
[ 1  1 80 77]	[ 8 15 79 80]
[ 1  1 77 77]	[15 15 80 82]
[ 1  1 77 75]	[15 15 82 78]
[ 1  1 75 73]	[15 15 78 75]
[ 1  1 73 73]	[15  8 75 73]
[ 1  1 73 77]	[ 8  8 73 72]
[ 1  1 77 80]	[ 8  8 72 75]
[ 1  1 80 85]	[ 8  8 75 80]
[-1 -1 -1 -1]	[ 8  8 80 82]
[ 8  1 82 84]	[ 8 -1 82 84]
[ 1  1 84 85]	[-1  1 84 80]
[ 1  1 85 85]	[ 1  1 80 85]
[ 1  1 85 85]	[ 1  8 85 85]
[ 1  1 85 80]	[ 8  8 85 87]
[ 1  1 80 77]	[ 8  8 87 85]
[ 1  1 77 80]	[ 8  1 85 82]
[ 1  1 80 78]	[ 1  1 82 80]
[ 1  1 78 77]	[ 1  1 80 85]
[ 1  1 77 80]	[ 1  8 85 77]
[ 1  1 80 82]	[ 8  8 77 75]
[ 1  1 82 80]	[ 8  8 75 82]
[ 1  1 80 77]	[ 8  1 82 80]
[ 1  1 77 80]	[ 1  1 80 77]
[ 1  1 80 80]	[ 1  1 77 80]
[ 1  1 80 82]	[ 1  6 80 85]
[ 1  1 82 80]	[ 6  6 85 82]
[ 1  1 80 77]	[ 6  6 82 80]
[ 1  1 77 80]	[ 6  1 80 78]
[ 1  1 80 85]	[ 1  1 78 77]
[ 1  1 85 85]	[ 1  1 77 80]
[ 1  1 85 87]	[ 1  8 80 89]
[ 1  1 87 89]	[ 8  8 89 87]
[ 1  1 89 87]	[ 8  8 87 89]
[ 1  1 87 85]	[ 8  1 89 87]
[ 1  1 85 85]	[ 1  1 87 85]
[ 1  1 85 85]	[ 1  8 85 85]
[ 1  1 85 80]	[ 8  8 85 87]
[ 1  1 80 77]	[ 8  8 87 85]
[ 1  1 77 80]	[ 8  1 85 82]
[ 1  1 80 78]	[ 1  1 82 80]
[ 1  1 78 77]	[ 1  1 80 85]
[ 1  1 77 80]	[ 1  8 85 77]
[ 1  1 80 82]	[ 8  8 77 75]
[ 1  1 82 80]	[ 8  8 75 82]
[ 1  1 80 77]	[ 8  1 82 80]
[ 1  1 77 80]	[ 1  1 80 77]
[ 1  1 80 85]	[ 1  1 77 80]
[ 1  1 85 89]	[ 1  6 80 85]
[ 1  1 89 85]	[ 6  6 85 87]
[ 1  1 85 85]	[ 6  6 87 90]
[ 1  1 85 84]	[ 6  8 90 89]
[ 1  1 84 85]	[ 8  8 89 87]
[ 1  1 85 85]	[ 8  8 87 82]
[ 1  1 85 84]	[ 8  1 82 84]
[ 1  1 84 85]	[ 1  1 84 85]
[ 1  1 85 89]	[ 1  8 85 85]
[ 1  1 89 85]	[ 8  8 85 87]
[ 1  1 85 85]	[ 8  1 87 92]
[ 1  1 85 84]	[ 1  1 92 89]
[ 1  1 84 85]	[ 1  1 89 87]
[ 1  1 85 84]	[ 1  8 87 85]
[ 1  1 84 85]	[ 8  8 85 85]
[ 1  1 85 84]	[ 8  8 85 85]
[ 1  1 84 85]	[ 8  1 85 85]
[ 1  1 85 87]	[ 1  6 85 85]
[ 1  1 87 89]	[ 6  6 85 94]
[ 1  1 89 85]	[ 6  6 94 89]
[ 1  1 85 87]	[ 6  1 89 90]
[ 1  1 87 89]	[ 1  1 90 92]
[ 1  1 89 87]	[ 1  1 92 89]
[ 1  1 87 85]	[ 1  3 89 87]
[ 1  1 85 87]	[ 3  3 87 85]
[ 1  1 87 89]	[ 3  3 85 82]
[ 1  1 89 87]	[ 3  8 82 89]
[ 1  1 87 85]	[ 8  8 89 87]
[ 1  1 85 84]	[ 8  8 87 89]
[ 1  1 84 85]	[ 8  1 89 87]
[ 1  1 85 85]	[ 1  1 87 85]
[ 1  1 85 85]	[ 1  8 85 85]
[ 1  1 85 80]	[ 8  8 85 87]
[ 1  1 80 77]	[ 8  8 87 85]
[ 1  1 77 80]	[ 8  1 85 82]
[ 1  1 80 78]	[ 1  1 82 80]
[ 1  1 78 77]	[ 1  1 80 85]
[ 1  1 77 80]	[ 1  8 85 77]
[ 1  1 80 82]	[ 8  8 77 75]
[ 1  1 82 80]	[ 8  8 75 82]
[ 1  1 80 77]	[ 8  1 82 80]
[ 1  1 77 80]	[ 1  1 80 77]
[ 1  1 80 85]	[ 1  1 77 80]
[ 1  1 85 89]	[ 1  6 80 85]
[ 1  1 89 85]	[ 6  6 85 87]
[ 1  1 85 85]	[ 6  6 87 90]
[ 1  1 85 84]	[ 6  8 90 89]
[ 1  1 84 85]	[ 8  8 89 87]
[ 1  1 85 84]	[ 8  8 87 82]
[ 1  1 84 82]	[ 8  1 82 84]
[ 1  1 82 80]	[ 1  1 84 85]
[ 1  1 80 78]	[ 1  1 85  0]
[ 1  1 78 77]	[ 1  1  0 78]
[ 1  1 77 80]	[ 1  1 78 77]
[ 1  1 80 85]	[ 1  1 77  0]
[ 1  1 85 80]	[ 1  1  0 85]
[ 1  1 80 77]	[ 1  1 85 85]
[-1 -1 -1 -1]	[ 1  1 85  0]
[ 1  1 85 85]	[ 1 -1  0 78]
[ 1  1 85 87]	[-1 -1 78 85]
[ 1  1 87 89]	[-1  1 85 87]
[ 1  1 89 87]	[ 1  1 87 89]
[ 1  1 87 85]	[ 1  1 89 87]
[ 1  1 85 85]	[ 1  1 87 85]
[ 1  1 85 84]	[ 1  6 85 84]
[ 1  1 84 85]	[ 6  6 84 87]
[ 1  1 85 80]	[ 6  6 87 85]
[ 1  1 80 82]	[ 6  6 85 84]
[ 1  1 82 80]	[ 6  1 84 82]
[ 1  1 80 77]	[ 1  1 82 80]
[ 1  1 77 75]	[ 1  1 80 77]
[ 1  1 75 73]	[ 1  1 77 80]
[ 1  1 73 77]	[ 1  1 80 73]
[ 1  1 77 80]	[ 1  1 73 77]
[ 1  1 80 80]	[ 1  1 77 80]
[ 1  1 80 77]	[ 1  6 80 73]
[ 1  1 77 73]	[ 6  6 73 82]
[ 1  1 73 77]	[ 6  6 82 78]
[ 1  1 77 80]	[ 6  6 78 73]
[ 1  1 80 77]	[ 6  6 73 78]
[ 1  1 77 80]	[ 6  6 78 82]
[ 1  1 80 80]	[ 6  6 82 73]
[ 1  1 80 77]	[ 6  6 73 78]
[ 1  1 77 75]	[ 6  1 78 82]
[ 1  1 75 73]	[ 1  1 82 80]
[ 1  1 73 77]	[ 1  1 80 73]
[ 1  1 77 80]	[ 1  1 73 77]
[ 1  1 80 85]	[ 1  1 77 80]
[ 1  1 85 85]	[ 1  1 80 77]
[ 1  1 85 87]	[ 1  1 77 80]
[ 1  1 87 89]	[ 1  1 80 85]
[ 1  1 89 87]	[ 1  1 85 89]
[ 1  1 87 85]	[ 1  1 89 87]
[ 1  1 85 85]	[ 1  1 87 85]
[ 1  1 85 84]	[ 1  6 85 84]
[ 1  1 84 85]	[ 6  6 84 87]
[ 1  1 85 80]	[ 6  6 87 85]
[ 1  1 80 82]	[ 6  6 85 84]
[ 1  1 82 80]	[ 6  1 84 82]
[ 1  1 80 77]	[ 1  1 82 80]
[ 1  1 77 75]	[ 1  1 80 77]
[ 1  1 75 73]	[ 1  1 77 80]
[ 1  1 73 77]	[ 1  1 80 73]
[ 1  1 77 80]	[ 1  1 73 77]
[ 1  1 80 80]	[ 1  1 77 80]
[ 1  1 80 77]	[ 1  6 80 73]
[ 1  1 77 80]	[ 6  6 73 82]
[ 1  1 80 85]	[ 6  6 82 78]
[ 1  1 85 85]	[ 6  6 78 82]
[ 1  1 85 85]	[ 6  8 82 85]
[ 1  1 85 85]	[ 8  8 85 84]
[ 1  1 85 85]	[ 8  8 84 80]
[ 1  1 85 84]	[ 8  8 80 84]
[ 1  1 84 85]	[ 8  1 84 87]
[ 1  1 85 87]	[ 1  1 87 85]
[ 1  1 87 89]	[ 1  1 85 87]
[ 1  1 89 85]	[ 1  1 87 89]
[ 1  1 85 89]	[ 1  1 89 87]
[ 1  1 89 85]	[ 1  1 87 85]
[ 1  1 85 87]	[ 1  1 85 92]
[ 1  1 87 89]	[ 1  1 92 90]
[ 1  1 89 85]	[ 1  1 90 89]
[ 1  1 85 89]	[ 1  1 89 85]
[ 1  1 89 85]	[ 1  1 85 89]
[ 1  1 85 85]	[ 1  1 89 92]
[ 1  1 85 87]	[ 1  1 92 89]
[ 1  1 87 89]	[ 1  1 89 85]
[ 1  1 89 90]	[ 1  1 85 89]
[ 1  1 90 89]	[ 1 15 89 92]
[ 1  1 89 85]	[15 15 92 92]
[ 1  1 85 89]	[15 15 92 90]
[ 1  1 89 85]	[15 15 90 89]
[ 1  1 85 85]	[15 15 89 90]
[ 1  1 85 85]	[15  8 90 89]
[ 1  1 85 85]	[ 8  8 89 87]
[ 1  1 85 89]	[ 8  8 87 84]
[ 1  1 89 85]	[ 8  8 84 87]
[ 1  1 85 85]	[ 8  8 87 90]
[ 1  1 85 85]	[ 8  8 90 87]
[ 1  1 85 89]	[ 8  8 87 84]
[ 1  1 89 92]	[ 8  8 84 87]
[ 1  1 92 89]	[ 8  1 87 90]
[ 1  1 89 92]	[ 1  1 90 94]
[ 1  1 92 89]	[ 1  1 94 92]
[ 1  1 89 85]	[ 1  8 92 91]
[ 1  1 85 87]	[ 8  8 91 92]
[ 1  1 87 89]	[ 8  1 92 90]
[ 1  1 89 85]	[ 1  1 90 89]
[ 1  1 85 89]	[ 1  1 89 85]
[ 1  1 89 85]	[ 1  1 85 89]
[ 1  1 85 85]	[ 1  1 89 92]
[ 1  1 85 87]	[ 1  1 92 89]
[ 1  1 87 89]	[ 1  1 89 85]
[ 1  1 89 90]	[ 1  1 85 89]
[ 1  1 90 89]	[ 1 15 89 92]
[ 1  1 89 85]	[15 15 92 92]
[ 1  1 85 89]	[15 15 92 90]
[ 1  1 89 85]	[15 15 90 89]
[ 1  1 85 85]	[15 15 89 90]
[ 1  1 85 85]	[15  8 90 89]
[ 1  1 85 85]	[ 8  8 89 87]
[ 1  1 85 89]	[ 8  8 87 84]
[ 1  1 89 85]	[ 8  8 84 87]
[ 1  1 85 85]	[ 8  8 87 90]
[ 1  1 85 85]	[ 8  8 90 87]
[ 1  1 85 89]	[ 8  8 87 84]
[ 1  1 89 85]	[ 8  8 84 87]
[ 1  1 85 85]	[ 8  8 87 90]
[ 1  1 85 85]	[ 8  8 90 89]
[ 1  1 85 85]	[ 8  8 89 85]
[-1 -1 -1 -1]	[ 8  8 85 87]
[ 1  1 75 73]	[ 8 -1 87 84]
[ 1  1 73 77]	[-1  1 84 73]
[ 1  1 77 78]	[ 1  1 73 73]
[ 1  1 78 80]	[ 1  1 73 80]
[ 1  1 80 82]	[ 1  1 80 80]
[ 1  1 82 80]	[ 1  1 80 82]
[ 1  1 80 77]	[ 1  1 82 80]
[ 1  1 77 73]	[ 1  1 80 77]
[ 1  1 73 73]	[ 1  1 77 73]
[ 1  1 73 73]	[ 1  1 73 72]
[ 1  1 73 75]	[ 1  1 72 73]
[ 1  1 75 77]	[ 1  1 73 75]
[ 1  1 77 78]	[ 1  1 75 77]
[ 1  1 78 80]	[ 1  8 77 78]
[ 1  1 80 77]	[ 8  8 78 80]
[ 1  1 77 73]	[ 8  8 80 80]
[ 1  1 73 77]	[ 8  1 80 73]
[ 1  1 77 78]	[ 1  1 73 73]
[ 1  1 78 80]	[ 1  1 73 80]
[ 1  1 80 82]	[ 1  1 80 80]
[ 1  1 82 80]	[ 1  1 80 82]
[ 1  1 80 77]	[ 1  1 82 80]
[ 1  1 77 73]	[ 1  1 80 77]
[ 1  1 73 73]	[ 1  1 77 73]
[ 1  1 73 73]	[ 1  1 73 72]
[ 1  1 73 75]	[ 1  1 72 73]
[ 1  1 75 77]	[ 1  1 73 75]
[ 1  1 77 78]	[ 1  1 75 77]
[ 1  1 78 80]	[ 1  8 77 78]
[ 1  1 80 82]	[ 8  8 78 80]
[ 1  1 82 80]	[ 8  1 80 80]
[ 1  1 80 77]	[ 1  1 80 85]
[ 1  1 77 80]	[ 1  1 85 85]
[ 1  1 80 80]	[ 1  1 85 85]
[ 1  1 80 80]	[ 1 11 85 85]
[ 1  1 80 82]	[11  6 85 83]
[ 1  1 82 80]	[ 6  1 83 82]
[ 1  1 80 77]	[ 1  1 82 80]
[ 1  1 77 73]	[ 1  1 80 77]
[ 1  1 73 77]	[ 1  1 77 73]
[ 1  1 77 80]	[ 1  6 73 73]
[ 1  1 80 80]	[ 6  6 73 78]
[ 1  1 80 82]	[ 6  6 78 77]
[ 1  1 82 80]	[ 6  1 77 78]
[ 1  1 80 77]	[ 1  1 78 80]
[ 1  1 77 78]	[ 1  1 80 80]
[ 1  1 78 80]	[ 1  6 80 80]
[ 1  1 80 82]	[ 6  6 80 80]
[ 1  1 82 80]	[ 6 15 80 82]
[ 1  1 80 77]	[15  8 82 80]
[ 1  1 77 75]	[ 8  8 80 78]
[-1 -1 -1 -1]	[ 8  1 78 75]
[ 8  8 80 80]	[ 1 -1 75 73]
[ 8  8 80 82]	[-1 -1 73 80]
[ 8  1 82 84]	[-1 -1 80 82]
[ 1  1 84 85]	[-1  1 82 84]
[ 1  1 85 84]	[ 1  1 84 85]
[ 1  1 84 85]	[ 1  1 85 84]
[ 1  1 85 80]	[ 1  1 84 85]
[ 1  1 80 77]	[ 1  1 85 87]
[ 1  1 77 73]	[ 1  1 87 85]
[ 1  1 73 77]	[ 1  1 85 75]
[ 1  1 77 78]	[ 1  1 75 77]
[ 1  1 78 80]	[ 1  1 77 78]
[ 1  1 80 82]	[ 1  1 78 80]
[ 1  1 82 80]	[ 1  1 80 82]
[ 1  1 80 77]	[ 1  1 82 80]
[ 1  1 77 78]	[ 1  1 80 77]
[ 1  1 78 80]	[ 1  1 77 73]
[ 1  1 80 85]	[ 1  1 73 80]
[ 1  1 85 84]	[ 1  1 80 82]
[ 1  1 84 85]	[ 1  1 82 84]
[ 1  1 85 84]	[ 1  1 84 85]
[ 1  1 84 85]	[ 1  1 85 84]
[ 1  1 85 87]	[ 1  1 84 85]
[ 1  1 87 89]	[ 1  1 85 87]
[ 1  1 89 87]	[ 1  1 87 89]
[ 1  1 87 85]	[ 1  1 89 87]
[ 1  1 85 87]	[ 1  1 87 85]
[ 1  1 87 89]	[ 1 15 85 87]
[ 1  1 89 89]	[15 15 87 89]
[ 1  1 89 87]	[15 15 89 87]
[ 1  1 87 85]	[15 15 87 87]
[ 1  1 85 89]	[15  8 87 85]
[ 1  1 89 85]	[ 8  8 85 87]
[ 1  1 85 85]	[ 8  8 87 90]
[ 1  1 85 84]	[ 8  8 90 89]
[ 1  1 84 85]	[ 8  1 89 87]
[ 1  1 85 84]	[ 1  1 87 85]
[ 1  1 84 85]	[ 1  1 85 84]
[ 1  1 85 80]	[ 1  1 84 85]
[ 1  1 80 77]	[ 1  1 85 87]
[ 1  1 77 73]	[ 1  1 87 85]
[ 1  1 73 77]	[ 1  1 85 80]
[ 1  1 77 78]	[ 1  1 80 77]
[ 1  1 78 80]	[ 1  1 77 78]
[ 1  1 80 82]	[ 1  1 78 80]
[ 1  1 82 80]	[ 1  1 80 82]
[ 1  1 80 77]	[ 1  1 82 80]
[ 1  1 77 73]	[ 1  1 80 77]
[ 1  1 73 75]	[ 1  1 77 73]
[ 1  1 75 77]	[ 1  1 73 75]
[ 1  1 77 78]	[ 1  1 75 77]
[ 1  1 78 80]	[ 1  1 77 78]
[ 1  1 80 82]	[ 1  1 78 80]
[ 1  1 82 80]	[ 1  1 80 82]
[ 1  1 80 78]	[ 1  1 82 80]
[ 1  1 78 77]	[ 1  1 80 78]
[ 1  1 77 80]	[ 1  1 78 77]
[ 1  1 80 85]	[ 1  1 77 80]
[ 1  1 85 85]	[ 1  1 80 85]
[ 1  1 85 84]	[ 1  1 85 87]
[ 1  1 84 85]	[ 1  1 87 89]
[ 1  1 85 85]	[ 1  8 89 85]
[ 1  1 85 85]	[ 8  8 85 87]
[ 1  1 85 84]	[ 8  1 87 84]
[ 1  1 84 82]	[ 1  1 84 85]
[ 1  1 82 80]	[ 1  1 85 85]
[ 1  1 80 78]	[ 1  1 85 80]
[ 1  1 78 77]	[ 1  1 80 78]
[ 1  1 77 80]	[ 1  1 78 77]
[ 1  1 80 82]	[ 1  1 77 80]
[ 1  1 82 80]	[ 1  1 80 85]
[ 1  1 80 77]	[ 1  1 85 80]
[ 1  1 77 80]	[ 1  1 80 77]
[ 1  1 80 82]	[ 1  1 77 80]
[ 1  1 82 80]	[ 1  1 80 85]
[ 1  1 80 77]	[ 1  6 85 80]
[ 1  1 77 80]	[ 6  6 80 82]
[ 1  1 80 85]	[ 6  6 82 78]
[ 1  1 85 80]	[ 6  6 78 78]
[ 1  1 80 77]	[ 6  6 78 84]
[ 1  1 77 78]	[ 6  6 84 82]
[ 1  1 78 80]	[ 6  3 82 80]
[ 1  1 80 85]	[ 3  3 80 79]
[ 1  1 85 80]	[ 3  3 79 82]
[ 1  1 80 77]	[ 3  3 82 87]
[ 1  1 77 80]	[ 3  3 87 82]
[ 1  1 80 85]	[ 3  3 82 78]
[ 1  1 85 84]	[ 3  3 78 82]
[ 1  1 84 85]	[ 3  3 82 87]
[ 1  1 85 80]	[ 3  8 87 82]
[ 1  1 80 82]	[ 8  8 82 84]
[ 1  1 82 80]	[ 8  8 84 80]
[ 1  1 80 77]	[ 8  8 80 80]
[ 1  1 77 80]	[ 8  1 80 78]
[ 1  1 80 85]	[ 1  1 78 77]
[ 1  8 85 85]	[ 1  1 77 85]
[ 8  8 85 84]	[ 1  1 85 85]
[ 8  8 84 82]	[ 1  6 85 84]
[ 8  8 82 80]	[ 6  6 84 82]
[ 8  8 80 82]	[ 6  6 82 80]
[ 8  1 82 84]	[ 6  6 80 82]
[ 1  1 84 85]	[ 6  8 82 84]
[ 1  1 85 89]	[ 8  8 84 85]
[ 1  1 89 85]	[ 8 22 85 87]
[ 1  8 85 89]	[22 22 87 90]
[ 8  8 89 87]	[22 22 90 89]
[ 8  8 87 85]	[22 22 89 87]
[ 8  8 85 84]	[22  8 87 85]
[ 8  8 84 80]	[ 8  8 85 84]
[ 8  8 80 82]	[ 8  8 84 80]
[ 8  1 82 84]	[ 8  8 80 82]
[ 1  1 84 85]	[ 8  1 82 84]
[-1 -1 -1 -1]	[ 1  1 84 85]
[ 8  8 78 77]	[ 1 -1 85 85]
[ 8  1 77 75]	[-1 -1 85 77]
[ 1  1 75 73]	[-1  1 77 75]
[ 1  1 73 73]	[ 1  1 75 73]
[ 1  1 73 77]	[ 1  1 73 73]
[ 1  1 77 80]	[ 1  1 73 77]
[ 1  1 80 77]	[ 1  1 77 80]
[ 1  1 77 80]	[ 1  1 80 77]
[ 1  1 80 77]	[ 1  1 77 73]
[ 1  1 77 73]	[ 1  1 73 77]
[ 1  1 73 73]	[ 1  1 77 80]
[ 1  1 73 75]	[ 1  1 80 77]
[ 1  1 75 77]	[ 1  8 77 75]
[ 1  1 77 73]	[ 8  8 75 77]
[ 1  1 73 77]	[ 8  8 77 78]
[ 1  1 77 80]	[ 8  8 78 77]
[ 1  1 80 77]	[ 8  1 77 75]
[ 1  1 77 80]	[ 1  1 75 73]
[ 1  1 80 82]	[ 1  1 73 73]
[ 1  1 82 80]	[ 1  1 73 77]
[ 1  1 80 77]	[ 1  1 77 80]
[ 1  1 77 73]	[ 1  1 80 77]
[ 1  1 73 75]	[ 1 15 77 73]
[ 1  1 75 77]	[15 15 73 75]
[ 1  1 77 75]	[15 15 75 77]
[ 1  1 75 73]	[15 15 77 75]
[ 1  1 73 77]	[15  8 75 73]
[ 1  1 77 80]	[ 8  8 73 75]
[ 1  1 80 77]	[ 8  8 75 76]
[ 1  1 77 73]	[ 8  8 76 77]
[ 1  1 73 77]	[ 8  1 77 75]
[ 1  1 77 80]	[ 1  1 75 73]
[ 1  1 80 82]	[ 1  1 73 73]
[ 1  1 82 80]	[ 1  1 73 77]
[ 1  1 80 77]	[ 1  1 77 80]
[ 1  1 77 80]	[ 1  1 80 77]
[ 1  1 80 82]	[ 1  1 77 73]
[ 1  1 82 80]	[ 1  1 73 77]
[ 1  1 80 77]	[ 1  1 77 80]
[ 1  1 77 73]	[ 1  1 80 77]
[ 1  1 73 77]	[ 1  1 77 75]
[ 1  1 77 80]	[ 1  1 75 77]
[ 1  1 80 85]	[ 1  6 77 80]
[ 1  1 85 80]	[ 6  6 80 82]
[ 1  1 80 82]	[ 6  6 82 84]
[ 1  1 82 80]	[ 6  6 84 82]
[ 1  1 80 77]	[ 6  6 82 80]
[ 1  6 77 80]	[ 6  6 80 77]
[ 6  6 80 82]	[ 6  6 77 80]
[ 6  6 82 84]	[ 6  6 80 82]
[ 6  6 84 85]	[ 6 15 82 84]
[ 6  1 85 82]	[15 15 84 85]
[ 1  1 82 80]	[15 15 85 82]
[ 1  1 80 77]	[15 15 82 80]
[ 1  1 77 77]	[15  8 80 77]
[ 1  1 77 73]	[ 8  8 77 75]
[ 1  1 73 73]	[ 8  8 75 76]
[ 1  1 73 77]	[ 8  8 76 77]
[ 1  1 77 80]	[ 8  8 77 75]
[ 1  1 80 85]	[ 8  8 75 73]
[ 1  1 85 84]	[ 8  8 73 85]
[ 1  1 84 85]	[ 8  8 85 84]
[ 1  1 85 80]	[ 8  8 84 82]
[ 1  1 80 77]	[ 8  8 82 84]
[ 1  1 77 73]	[ 8  8 84 85]
[ 1  1 73 73]	[ 8  1 85 80]
[ 1  1 73 73]	[ 1  1 80 77]
[ 1  1 73 75]	[ 1  1 77 77]
[ 1  1 75 77]	[ 1  8 77 75]
[ 1  1 77 73]	[ 8  8 75 77]
[ 1  1 73 73]	[ 8  8 77 78]
[ 1  1 73 77]	[ 8  8 78 77]
[ 1  1 77 80]	[ 8  1 77 75]
[ 1  1 80 85]	[ 1  1 75 73]
[ 1  1 85 84]	[ 1  1 73 85]
[ 1  1 84 85]	[ 1  1 85 84]
[ 1  1 85 80]	[ 1  1 84 82]
[ 1  1 80 77]	[ 1  1 82 84]
[ 1  1 77 73]	[ 1  1 84 85]
[ 1  1 73 77]	[ 1 15 85 80]
[ 1  1 77 75]	[15 15 80 75]
[ 1  1 75 73]	[15 15 75 75]
[ 1  1 73 77]	[15  8 75 73]
[ 1  1 77 73]	[ 8  8 73 75]
[ 1  1 73 73]	[ 8  8 75 76]
[ 1  1 73 77]	[ 8  8 76 77]
[ 1  1 77 80]	[ 8  1 77 75]
[ 1  1 80 85]	[ 1  1 75 73]
[ 1  1 85 84]	[ 1  1 73 85]
[ 1  1 84 85]	[ 1  1 85 84]
[ 1  1 85 80]	[ 1  1 84 82]
[ 1  1 80 82]	[ 1  1 82 84]
[ 1  1 82 80]	[ 1  1 84 85]
[ 1  1 80 78]	[ 1  1 85 80]
[ 1  1 78 77]	[ 1  1 80 77]
[ 1  1 77 73]	[ 1  1 77 77]
[ 1  1 73 77]	[ 1  1 77 75]
[ 1  1 77 80]	[ 1  1 75 77]
[ 1  1 80 85]	[ 1  6 77 80]
[ 1  1 85 80]	[ 6  6 80 82]
[ 1  1 80 82]	[ 6  6 82 84]
[ 1  1 82 80]	[ 6  6 84 82]
[ 1  1 80 77]	[ 6  6 82 80]
[ 1  6 77 80]	[ 6  6 80 77]
[ 6  6 80 82]	[ 6  6 77 80]
[ 6  6 82 84]	[ 6  6 80 82]
[ 6  6 84 85]	[ 6 15 82 84]
[ 6  1 85 82]	[15 15 84 85]
[ 1  1 82 80]	[15 15 85 82]
[ 1  1 80 77]	[15 15 82 80]
[ 1  1 77 77]	[15  8 80 77]
[ 1  1 77 77]	[ 8  8 77 75]
[-1 -1 -1 -1]	[ 8  8 75 76]
[ 1  1 85 77]	[ 8  1 76 77]
[ 1  1 77 78]	[ 1  1 77 89]
[ 1  1 78 80]	[ 1  1 89 85]
[ 1  1 80 82]	[ 1  1 85 80]
[ 1  1 82 80]	[ 1  1 80 82]
[ 1  1 80 77]	[ 1  1 82 80]
[ 1  1 77 75]	[ 1  1 80 77]
[ 1  1 75 73]	[ 1  1 77 73]
[ 1  1 73 73]	[ 1  8 73 73]
[ 1  1 73 73]	[ 8  8 73 72]
[ 1  1 73 75]	[ 8  8 72 73]
[ 1  1 75 77]	[ 8  8 73 75]
[ 1  1 77 78]	[ 8  8 75 77]
[ 1  1 78 80]	[ 8  8 77 78]
[ 1  1 80 77]	[ 8  8 78 80]
[ 1  1 77 73]	[ 8  8 80 78]
[ 1  1 73 73]	[ 8  1 78 75]
[ 1  1 73 75]	[ 1  1 75 73]
[ 1  1 75 77]	[ 1  1 73 75]
[ 1  1 77 78]	[ 1  1 75 77]
[ 1  1 78 80]	[ 1  1 77 78]
[ 1  1 80 85]	[ 1  1 78 80]
[ 1  1 85 87]	[ 1  1 80 80]
[ 1  1 87 89]	[ 1  1 80 89]
[ 1  1 89 87]	[ 1  1 89 89]
[ 1  1 87 85]	[ 1  1 89 85]
[ 1  1 85 80]	[ 1  1 85 85]
[ 1  1 80 82]	[ 1  1 85 80]
[ 1  1 82 80]	[ 1  1 80 82]
[ 1  1 80 77]	[ 1  1 82 80]
[ 1  1 77 75]	[ 1  1 80 77]
[ 1  1 75 73]	[ 1  1 77 73]
[ 1  1 73 73]	[ 1  8 73 73]
[ 1  1 73 73]	[ 8  8 73 72]
[ 1  1 73 75]	[ 8  8 72 73]
[ 1  1 75 77]	[ 8  8 73 75]
[ 1  1 77 78]	[ 8  8 75 77]
[ 1  1 78 80]	[ 8  8 77 78]
[ 1  1 80 85]	[ 8  8 78 80]
[ 1  1 85 84]	[ 8  8 80 82]
[ 1  1 84 85]	[ 8  1 82 84]
[ 1  1 85 85]	[ 1  1 84 85]
[ 1  1 85 84]	[ 1  1 85 85]
[ 1  1 84 85]	[ 1  1 85 85]
[ 1  1 85 84]	[ 1  1 85 85]
[ 1  1 84 85]	[ 1  1 85 84]
[ 1  1 85 85]	[ 1  8 84 85]
[ 1  1 85 85]	[ 8  8 85 87]
[ 1  1 85 85]	[ 8  8 87 87]
[ 1  1 85 85]	[ 8  8 87 84]
[ 1  1 85 85]	[ 8  8 84 87]
[ 1  1 85 85]	[ 8  8 87 87]
[ 1  1 85 87]	[ 8  8 87 84]
[ 1  1 87 89]	[ 8  8 84 87]
[ 1  8 89 85]	[ 8  8 87 89]
[ 8  8 85 84]	[ 8  8 89 87]
[ 8  8 84 82]	[ 8  8 87 84]
[ 8  8 82 80]	[ 8  8 84 80]
[ 8  8 80 82]	[ 8  3 80 80]
[ 8  8 82 80]	[ 3  3 80 78]
[ 8  8 80 82]	[ 3  3 78 80]
[ 8  1 82 84]	[ 3  3 80 82]
[ 1  1 84 85]	[ 3  3 82 84]
[ 1  1 85 84]	[ 3  3 84 85]
[ 8  8 85 84]	[ 3  3 85 87]
[ 8  8 84 82]	[ 3  3 87 85]
[ 8  8 82 80]	[ 3  8 85 82]
[ 8  8 80 82]	[ 8  8 82 80]
[ 8  1 82 84]	[ 8  8 80 82]
[ 1  1 84 85]	[ 8  8 82 84]
[ 1  1 85 85]	[ 8  8 84 85]
[ 1  1 85 84]	[ 8  8 85 87]
[ 1  1 84 85]	[ 8  8 87 84]
[ 1  1 85 85]	[ 8  8 84 85]
[ 1  1 85 85]	[ 8  8 85 87]
[ 1  1 85 85]	[ 8  8 87 87]
[ 1  1 85 85]	[ 8  8 87 84]
[ 1  1 85 85]	[ 8  8 84 87]
[ 1  1 85 85]	[ 8  8 87 87]
[ 1  1 85 85]	[ 8  8 87 84]
[ 1  1 85 85]	[ 8  8 84 87]
[ 1  1 85 85]	[ 8  8 87 89]
[ 1  1 85 80]	[ 8  8 89 87]
[ 1  1 80 77]	[ 8  8 87 84]
[ 1  1 77 73]	[ 8  8 84 80]
[ 1  1 73 77]	[ 8  3 80 80]
[ 1  1 77 80]	[ 3  3 80 75]
[ 1  1 80 85]	[ 3  3 75 78]
[ 1  1 85 84]	[ 3  3 78 82]
[ 1  1 84 85]	[ 3  3 82 84]
[ 1  1 85 85]	[ 3  3 84 85]
[ 1  1 85 84]	[ 3  3 85 87]
[ 1  1 84 85]	[ 3  3 87 85]
[ 1  1 85 85]	[ 3  8 85 82]
[-1 -1 -1 -1]	[ 8  8 82 80]
[ 1  1 80 80]	[ 8  1 80 84]
[ 1  1 80 82]	[ 1  1 84 80]
[ 1  1 82 80]	[ 1  1 80 80]
[ 1  1 80 77]	[ 1  1 80 80]
[ 1  1 77 80]	[ 1  1 80 79]
[ 1  1 80 80]	[ 1  1 79 80]
[ 1  1 80 78]	[ 1  1 80 82]
[ 1  1 78 77]	[ 1  1 82 77]
[ 1  1 77 75]	[ 1  1 77 77]
[ 1  1 75 73]	[ 1  1 77 75]
[ 1  1 73 72]	[ 1  6 75 73]
[ 1  1 72 70]	[ 6  6 73 70]
[ 1  1 70 68]	[ 6 18 70 70]
[ 1  1 68 73]	[18 18 70 69]
[ 1  1 73 77]	[18  1 69 70]
[ 1  1 77 80]	[ 1 15 70 68]
[ 1  1 80 77]	[15 15 68 78]
[ 1  1 77 73]	[15  8 78 78]
[ 1  1 73 73]	[ 8  8 78 78]
[ 1  1 73 75]	[ 8  8 78 77]
[ 1  1 75 77]	[ 8  1 77 75]
[ 1  1 77 75]	[ 1  1 75 77]
[ 1  1 75 73]	[ 1  1 77 75]
[ 1  1 73 77]	[ 1  1 75 73]
[ 1  1 77 75]	[ 1  3 73 77]
[ 1  1 75 73]	[ 3  3 77 75]
[ 1  1 73 73]	[ 3  3 75 73]
[ 1  1 73 73]	[ 3  3 73 72]
[ 1  1 73 77]	[ 3  8 72 73]
[ 1  1 77 80]	[ 8  1 73 75]
[ 1  1 80 82]	[ 1  1 75 80]
[ 1  1 82 80]	[ 1  1 80 80]
[ 1  1 80 77]	[ 1  1 80 80]
[ 1  1 77 80]	[ 1  1 80 79]
[ 1  1 80 80]	[ 1  1 79 80]
[ 1  1 80 78]	[ 1  1 80 82]
[ 1  1 78 77]	[ 1  1 82 77]
[ 1  1 77 75]	[ 1  1 77 77]
[ 1  1 75 77]	[ 1  1 77 75]
[ 1  1 77 73]	[ 1  6 75 73]
[ 1  1 73 77]	[ 6  6 73 78]
[ 1  1 77 78]	[ 6  6 78 77]
[ 1  1 78 80]	[ 6  6 77 78]
[ 1  1 80 82]	[ 6  6 78 80]
[ 1  1 82 80]	[ 6  6 80 82]
[ 1  1 80 77]	[ 6  6 82 85]
[ 1  1 77 78]	[ 6  1 85 82]
[ 1  1 78 80]	[ 1  1 82 80]
[ 1  1 80 82]	[ 1  1 80 80]
[ 1  1 82 80]	[ 1  1 80 77]
[ 1  1 80 82]	[ 1  6 77 80]
[ 1  1 82 80]	[ 6  6 80 82]
[ 1  1 80 77]	[ 6  1 82 80]
[ 1  1 77 73]	[ 1  1 80 77]
[ 1  1 73 73]	[ 1 15 77 73]
[ 1  1 73 73]	[15 15 73 70]
[ 1  1 73 73]	[15  8 70 73]
[ 1  1 73 73]	[ 8  8 73 72]
[ 1  1 73 77]	[ 8  1 72 75]
[ 1  1 77 80]	[ 1  6 75 73]
[ 1  1 80 85]	[ 6  6 73 78]
[ 1  1 85 84]	[ 6  6 78 82]
[ 1  1 84 85]	[ 6  6 82 85]
[ 1  1 85 80]	[ 6  6 85 85]
[ 1  1 80 77]	[ 6  6 85 85]
[ 1  1 77 80]	[ 6  1 85 82]
[ 1  1 80 82]	[ 1  1 82 80]
[ 1  1 82 80]	[ 1  1 80 82]
[ 1  1 80 77]	[ 1  1 82 80]
[ 1  1 77 73]	[ 1  1 80 77]
[ 1  1 73 73]	[ 1 15 77 80]
[ 1  1 73 73]	[15 15 80 75]
[ 1  1 73 75]	[15 15 75 74]
[ 1  1 75 77]	[15 15 74 75]
[ 1  1 77 78]	[15  8 75 77]
[ 1  1 78 80]	[ 8  8 77 78]
[ 1  1 80 77]	[ 8  8 78 80]
[ 1  1 77 73]	[ 8  8 80 82]
[ 1  1 73 77]	[ 8  1 82 78]
[ 1  1 77 80]	[ 1  1 78 77]
[ 1  1 80 80]	[ 1  1 77 76]
[ 1  1 80 77]	[ 1  1 76 77]
[ 1  1 77 73]	[ 1  1 77 78]
[ 1  1 73 77]	[ 1  1 78 80]
[ 1  1 77 80]	[ 1  6 80 73]
[ 1  1 80 85]	[ 6  6 73 78]
[ 1  1 85 84]	[ 6  6 78 82]
[ 1  1 84 85]	[ 6  6 82 85]
[ 1  1 85 80]	[ 6  6 85 85]
[ 1  1 80 77]	[ 6  6 85 85]
[ 1  1 77 80]	[ 6  1 85 82]
[ 1  1 80 82]	[ 1  1 82 80]
[ 1  1 82 80]	[ 1  1 80 82]
[ 1  1 80 80]	[ 1  1 82 80]
[ 1  1 80 77]	[ 1 22 80 77]
[ 1  1 77 73]	[22 15 77 82]
[ 1  1 73 77]	[15 15 82 75]
[ 1  1 77 80]	[15  8 75 77]
[ 1  1 80 82]	[ 8  8 77 78]
[ 1  1 82 80]	[ 8  1 78 82]
[ 1  1 80 77]	[ 1  1 82 80]
[ 1  1 77 80]	[ 1 22 80 77]
[ 1  1 80 82]	[22 22 77 85]
[ 1  1 82 80]	[22 15 85 82]
[ 1  1 80 77]	[15 15 82 80]
[ 1  1 77 73]	[15  8 80 77]
[ 1  1 73 73]	[ 8  8 77 78]
[-1 -1 -1 -1]	[ 8  8 78 77]
[ 1  1 77 75]	[ 8 -1 77 75]
[ 1  1 75 73]	[-1  1 75 80]
[ 1  1 73 77]	[ 1  1 80 73]
[ 1  1 77 75]	[ 1  1 73 77]
[ 1  1 75 73]	[ 1  1 77 80]
[ 1  1 73 73]	[ 1  1 80 77]
[ 1  1 73 80]	[ 1  8 77 73]
[ 1  1 80 77]	[ 8  6 73 72]
[ 1  1 77 73]	[ 6  8 72 82]
[ 1  1 73 73]	[ 8  8 82 80]
[ 1  1 73 73]	[ 8  8 80 68]
[ 1  1 73 77]	[ 8  8 68 72]
[ 1  1 77 73]	[ 8  8 72 75]
[ 1  1 73 73]	[ 8  8 75 78]
[ 1  1 73 77]	[ 8  8 78 75]
[ 1  1 77 80]	[ 8  1 75 72]
[ 1  1 80 77]	[ 1  6 72 73]
[ 1  1 77 73]	[ 6  8 73 82]
[ 1  1 73 77]	[ 8  8 82 80]
[ 1  1 77 80]	[ 8  1 80 68]
[ 1  1 80 82]	[ 1  1 68 73]
[ 1  1 82 80]	[ 1  1 73 77]
[ 1  1 80 77]	[ 1  1 77 80]
[ 1  1 77 80]	[ 1  1 80 77]
[ 1  1 80 80]	[ 1  6 77 73]
[ 1  1 80 77]	[ 6  6 73 78]
[ 1  1 77 73]	[ 6 15 78 80]
[ 1  1 73 73]	[15 15 80 78]
[ 1  1 73 73]	[15  8 78 68]
[ 1  1 73 77]	[ 8  8 68 72]
[ 1  1 77 73]	[ 8  8 72 75]
[ 1  1 73 73]	[ 8  8 75 78]
[ 1  1 73 75]	[ 8  8 78 75]
[ 1  1 75 77]	[ 8  1 75 72]
[ 1  1 77 75]	[ 1  8 72 77]
[ 8  8 80 80]	[ 8  1 77 75]
[ 8  8 80 80]	[ 1  6 75 73]
[ 8  8 80 80]	[ 6  6 73 82]
[ 8  8 80 82]	[ 6  6 82 82]
[ 8  1 82 84]	[ 6  6 82 82]
[ 1  1 84 85]	[ 6  6 82 84]
[ 1  1 85 80]	[ 6  6 84 85]
[ 1  1 80 77]	[ 6  6 85 87]
[ 1  1 77 78]	[ 6  6 87 85]
[ 1  1 78 80]	[ 6  1 85 82]
[ 1  1 80 82]	[ 1  1 82 80]
[ 1  1 82 80]	[ 1  1 80 82]
[ 1  1 80 78]	[ 1  8 82 80]
[ 1  1 78 77]	[ 8  8 80 78]
[ 1  1 77 75]	[ 8  8 78 77]
[ 1  1 75 73]	[ 8  1 77 75]
[ 1  1 73 77]	[ 1  1 75 73]
[-1 -1 -1 -1]	[ 1  1 73 77]
[ 8  8 80 80]	[ 1  8 77 80]
[ 8  8 80 82]	[ 8  8 80 80]
[ 8  1 82 84]	[ 8  8 80 82]
[ 1  1 84 85]	[ 8  8 82 84]
[ 1  1 85 87]	[ 8  8 84 85]
[ 1  1 87 89]	[ 8  8 85 87]
[ 1  1 89 90]	[ 8  8 87 89]
[ 1  1 90 92]	[ 8  1 89 90]
[ 1  1 92 89]	[ 1  1 90 92]
[ 1  8 89 85]	[ 1  1 92 89]
[ 8  8 85 87]	[ 1  1 89 85]
[ 8  8 87 89]	[ 1  1 85 87]
[ 8  8 89 87]	[ 1  8 87 89]
[ 8  8 87 84]	[ 8  8 89 87]
[ 8  8 84 80]	[ 8  8 87 90]
[ 8  8 80 82]	[ 8  8 90 80]
[ 8  1 82 84]	[ 8  8 80 82]
[ 1  1 84 85]	[ 8  1 82 84]
[ 1  1 85 89]	[ 1  1 84 85]
[ 8  8 84 82]	[ 1  1 85 89]
[ 8  8 82 80]	[ 1  8 89 92]
[ 8  8 80 82]	[ 8  8 92 80]
[ 8  1 82 84]	[ 8  8 80 82]
[ 1  1 84 85]	[ 8  8 82 84]
[ 1  1 85 87]	[ 8  8 84 85]
[ 1  1 87 89]	[ 8  8 85 87]
[ 1  1 89 90]	[ 8  8 87 89]
[ 1  1 90 92]	[ 8  1 89 90]
[ 1  1 92 89]	[ 1  1 90 92]
[ 1  1 89 85]	[ 1  1 92 89]
[ 1  1 85 87]	[ 1  1 89 85]
[ 1  1 87 89]	[ 1  1 85 87]
[ 1  1 89 85]	[ 1 15 87 89]
[ 1  1 85 85]	[15 15 89 87]
[ 1  1 85 87]	[15  8 87 90]
[ 1  1 87 89]	[ 8  8 90 84]
[ 1  1 89 87]	[ 8  8 84 89]
[ 1  1 87 89]	[ 8  1 89 87]
[ 1  1 89 90]	[ 1  1 87 85]
[ 1  1 90 92]	[ 1  1 85 85]
[ 1  1 92 89]	[ 1  1 85 92]
[ 1  1 89 85]	[ 1  1 92 89]
[ 1  1 85 89]	[ 1  1 89 85]
[ 1  1 89 85]	[ 1  8 85 80]
[ 1  1 85 85]	[ 8  8 80 90]
[ 1  1 85 89]	[ 8  8 90 87]
[ 1  1 89 85]	[ 8  8 87 84]
[ 1  1 85 85]	[ 8  8 84 90]
[ 1  1 85 85]	[ 8  8 90 87]
[ 1  1 85 85]	[ 8  8 87 84]
[ 1  1 85 87]	[ 8  1 84 80]
[ 1  1 87 89]	[ 1  1 80 85]
[ 1  1 89 90]	[ 1  8 85 89]
[ 1  1 90 92]	[ 8  1 89 80]
[ 1  1 92 89]	[ 1  1 80 92]
[ 1  1 89 85]	[ 1  1 92 89]
[ 1  1 85 89]	[ 1  1 89 85]
[ 1  1 89 85]	[ 1  8 85 80]
[ 1  1 85 85]	[ 8  8 80 90]
[ 1  1 85 89]	[ 8  8 90 87]
[ 1  1 89 85]	[ 8 15 87 84]
[ 1  1 85 85]	[15 15 84 87]
[ 1  1 85 87]	[15  8 87 90]
[ 1  1 87 89]	[ 8  8 90 84]
[ 1  1 89 87]	[ 8  8 84 89]
[-1 -1 -1 -1]	[ 8  1 89 87]
[ 1  1 77 75]	[ 1 -1 87 85]
[ 1  1 75 73]	[-1  1 85 68]
[ 1  1 73 73]	[ 1  1 68 73]
[ 1  1 73 73]	[ 1  1 73 73]
[ 1  1 73 73]	[ 1  1 73 75]
[ 1  1 73 75]	[ 1  1 75 77]
[ 1  1 75 77]	[ 1  1 77 75]
[ 1  1 77 78]	[ 1  1 75 77]
[ 1  1 78 80]	[ 1  1 77 78]
[ 1  1 80 82]	[ 1  1 78 80]
[ 1  1 82 80]	[ 1  1 80 82]
[ 1  1 80 78]	[ 1  1 82 80]
[ 1  1 78 77]	[ 1  1 80 78]
[ 1  1 77 80]	[ 1  1 78 77]
[ 1  1 80 82]	[ 1  8 77 73]
[ 1  1 82 80]	[ 8  8 73 78]
[ 1  1 80 78]	[ 8  8 78 80]
[ 1  1 78 77]	[ 8  8 80 78]
[ 1  1 77 73]	[ 8  8 78 77]
[ 1  1 73 77]	[ 8  8 77 75]
[ 1  1 77 78]	[ 8  8 75 72]
[ 1  1 78 80]	[ 8  1 72 75]
[ 1  1 80 82]	[ 1  1 75 80]
[ 1  1 82 80]	[ 1  1 80 82]
[ 1  1 80 78]	[ 1  1 82 80]
[ 1  1 78 77]	[ 1  8 80 78]
[ 1  1 77 75]	[ 8  8 78 77]
[ 1  1 75 73]	[ 8  1 77 68]
[ 1  1 73 73]	[ 1  1 68 73]
[ 1  1 73 73]	[ 1  1 73 72]
[ 1  1 73 73]	[ 1  1 72 73]
[ 1  1 73 73]	[ 1  1 73 75]
[ 1  1 73 75]	[ 1  1 75 77]
[ 1  1 75 77]	[ 1  1 77 75]
[ 1  1 77 78]	[ 1  1 75 77]
[ 1  1 78 80]	[ 1  1 77 78]
[ 1  1 80 82]	[ 1  1 78 80]
[ 1  1 82 80]	[ 1  1 80 82]
[ 1  1 80 78]	[ 1  1 82 80]
[ 1  1 78 77]	[ 1  1 80 78]
[ 1  1 77 80]	[ 1  1 78 77]
[ 1  1 80 82]	[ 1  6 77 73]
[ 1  1 82 80]	[ 6  6 73 78]
[ 1  1 80 78]	[ 6  6 78 80]
[ 1  1 78 77]	[ 6  6 80 78]
[ 1  1 77 75]	[ 6  8 78 77]
[ 1  1 75 73]	[ 8  8 77 75]
[ 1  1 73 77]	[ 8  8 75 73]
[ 1  1 77 75]	[ 8  8 73 72]
[ 1  1 75 73]	[ 8  1 72 75]
[ 1  1 73 73]	[ 1  1 75 73]
[ 1  1 73 77]	[ 1  1 73 77]
[ 1  1 77 80]	[ 1  1 77 73]
[ 1  1 80 85]	[ 1  6 73 80]
[ 1  1 85 85]	[ 6  6 80 85]
[ 1  1 85 84]	[ 6  6 85 85]
[ 1  1 84 85]	[ 6  6 85 84]
[ 1  1 85 80]	[ 6  6 84 82]
[ 1  1 80 77]	[ 6  6 82 84]
[ 1  1 77 80]	[ 6  6 84 85]
[ 1  1 80 82]	[ 6  1 85 82]
[ 1  1 82 80]	[ 1  1 82 80]
[ 1  1 80 78]	[ 1  1 80 80]
[ 1  1 78 77]	[ 1  1 80 78]
[ 1  1 77 80]	[ 1  1 78 77]
[ 1  1 80 77]	[ 1 15 77 73]
[ 1  1 77 73]	[15 15 73 78]
[ 1  1 73 73]	[15 15 78 78]
[ 1  1 73 77]	[15  8 78 77]
[ 1  1 77 78]	[ 8  8 77 75]
[ 1  1 78 80]	[ 8  1 75 75]
[ 1  1 80 82]	[ 1  1 75 80]
[ 1  1 82 80]	[ 1  1 80 82]
[ 1  1 80 78]	[ 1  1 82 80]
[ 1  1 78 77]	[ 1  1 80 78]
[ 1  1 77 80]	[ 1  1 78 77]
[ 1  1 80 85]	[ 1  6 77 80]
[ 1  1 85 84]	[ 6  6 80 85]
[ 1  1 84 85]	[ 6  6 85 87]
[ 1  1 85 84]	[ 6  6 87 85]
[ 1  1 84 85]	[ 6  6 85 84]
[ 1  1 85 80]	[ 6  6 84 82]
[ 1  1 80 77]	[ 6  6 82 84]
[ 1  1 77 78]	[ 6  6 84 85]
[ 1  1 78 80]	[ 6  1 85 82]
[ 1  1 80 82]	[ 1  1 82 80]
[ 1  1 82 80]	[ 1  1 80 82]
[ 1  1 80 78]	[ 1  1 82 80]
[ 1  1 78 77]	[ 1  1 80 78]
[ 1  1 77 80]	[ 1  1 78 77]
[ 1  1 80 82]	[ 1  6 77 73]
[ 1  1 82 80]	[ 6  6 73 78]
[ 1  1 80 78]	[ 6  6 78 80]
[ 1  1 78 77]	[ 6  6 80 78]
[ 1  1 77 75]	[ 6  8 78 77]
[ 1  1 75 73]	[ 8  8 77 75]
[ 1  1 73 73]	[ 8  8 75 73]
[ 1  1 73 73]	[ 8  8 73 72]
[ 1  1 73 75]	[ 8  1 72 75]
[-1 -1 -1 -1]	[ 1  1 75 73]
[ 8  8 80 80]	[ 1 -1 73 77]
[ 8  8 80 82]	[-1 -1 77 80]
[ 8  1 82 84]	[-1 -1 80 82]
[ 1  1 84 85]	[-1  1 82 84]
[ 1  1 85 85]	[ 1  1 84 85]
[ 1  1 85 84]	[ 1  1 85 85]
[ 1  1 84 85]	[ 1  6 85 85]
[ 1  1 85 80]	[ 6  6 85 85]
[ 1  1 80 77]	[ 6  6 85 84]
[ 1  1 77 80]	[ 6  1 84 82]
[ 1  1 80 80]	[ 1  1 82 80]
[ 1  1 80 82]	[ 1  1 80 82]
[ 1  1 82 80]	[ 1  1 82 78]
[ 1  1 80 77]	[ 1  1 78 80]
[ 1  1 77 73]	[ 1  1 80 77]
[ 1  1 73 77]	[ 1  8 77 80]
[ 1  1 77 73]	[ 8  8 80 75]
[ 1  1 73 77]	[ 8  1 75 80]
[ 1  1 77 80]	[ 1  1 80 73]
[ 1  1 80 85]	[ 1  6 73 80]
[ 1  1 85 84]	[ 6  6 80 82]
[ 1  1 84 85]	[ 6  6 82 84]
[ 1  1 85 84]	[ 6  6 84 85]
[ 1  1 84 85]	[ 6  8 85 87]
[ 1  1 85 84]	[ 8  8 87 85]
[ 1  1 84 85]	[ 8  8 85 84]
[ 1  1 85 87]	[ 8  8 84 82]
[ 1  1 87 89]	[ 8  1 82 80]
[ 1  1 89 90]	[ 1  1 80 85]
[ 1  1 90 92]	[ 1  1 85 92]
[ 1  1 92 89]	[ 1  1 92 89]
[ 1  1 89 85]	[ 1  1 89 90]
[ 1  1 85 85]	[ 1  1 90 92]
[ 1  1 85 87]	[ 1  8 92 89]
[ 1  1 87 89]	[ 8  8 89 87]
[ 1  1 89 85]	[ 8  8 87 89]
[ 1  1 85 87]	[ 8  8 89 90]
[ 1  1 87 89]	[ 8  1 90 87]
[ 1  1 89 85]	[ 1  1 87 89]
[ 1  1 85 87]	[ 1  1 89 90]
[ 1  1 87 89]	[ 1  1 90 92]
[ 1  1 89 90]	[ 1  6 92 89]
[ 1  1 90 92]	[ 6  6 89 90]
[ 1  1 92 89]	[ 6  6 90 92]
[ 1  1 89 85]	[ 6  6 92 94]
[ 1  1 85 85]	[ 6  1 94 90]
[ 1  1 85 87]	[ 1  1 90 89]
[ 1  1 87 89]	[ 1  1 89 85]
[ 1  1 89 85]	[ 1  1 85 89]
[ 1  1 85 85]	[ 1 15 89 92]
[ 1  1 85 85]	[15 15 92 90]
[ 1  1 85 85]	[15 15 90 89]
[ 1  1 85 84]	[15 15 89 87]
[ 1  1 84 85]	[15  8 87 85]
[ 1  1 85 80]	[ 8  8 85 85]
[ 1  1 80 77]	[ 8  8 85 84]
[ 1  1 77 80]	[ 8  8 84 82]
[ 1  1 80 85]	[ 8  6 82 80]
[ 1  1 85 84]	[ 6  6 80 82]
[ 1  1 84 85]	[ 6  6 82 85]
[ 1  1 85 89]	[ 6  6 85 82]
[ 1  1 89 85]	[ 6  6 82 85]
[ 1  1 85 89]	[ 6  6 85 90]
[ 1  1 89 85]	[ 6  6 90 82]
[ 1  1 85 82]	[ 6  6 82 90]
[ 1  1 82 80]	[ 6  1 90 82]
[ 1  1 80 77]	[ 1  1 82 80]
[ 1  1 77 80]	[ 1  1 80 85]
[ 1  1 80 80]	[ 1  1 85 80]
[ 1  1 80 82]	[ 1  1 80 85]
[ 1  1 82 80]	[ 1  1 85 89]
[ 1  1 80 82]	[ 1  1 89 80]
[ 1  1 82 80]	[ 1  1 80 89]
[ 1  1 80 80]	[ 1  6 89 80]
[ 1  1 80 77]	[ 6  6 80 78]
[ 1  1 77 80]	[ 6  6 78 82]
[ 1  1 80 85]	[ 6  6 82 78]
[ 1  1 85 87]	[ 6  3 78 82]
[ 1  1 87 89]	[ 3  3 82 87]
[ 1  1 89 87]	[ 3  3 87 89]
[ 1  8 87 85]	[ 3  3 89 87]
[ 8  8 85 84]	[ 3  8 87 85]
[ 8  8 84 84]	[ 8  8 85 84]
[ 8  8 84 82]	[ 8  8 84 82]
[ 8  8 82 80]	[ 8  8 82 84]
[ 8  1 80 78]	[ 8  8 84 80]
[ 1  1 78 77]	[ 8  1 80 78]
[ 1  1 77 78]	[ 1  1 78 77]
[ 1  1 78 80]	[ 1  1 77 78]
[ 1  1 80 77]	[ 1  1 78 80]
[ 1  1 77 80]	[ 1  1 80 77]
[ 1  1 80 77]	[ 1  1 77 75]
[ 1  1 77 73]	[ 1  1 75 77]
[ 1  1 73 75]	[ 1  1 77 78]
[ 1  1 75 77]	[ 1  1 78 75]
[ 1  1 77 78]	[ 1  1 75 77]
[ 1  1 78 80]	[ 1  1 77 78]
[ 1  1 80 77]	[ 1  1 78 80]
[ 1  1 77 78]	[ 1  6 80 77]
[ 1  1 78 80]	[ 6  6 77 78]
[ 1  1 80 77]	[ 6  6 78 80]
[ 1  1 77 80]	[ 6  6 80 82]
[ 1  1 80 85]	[ 6  6 82 78]
[ 1  1 85 87]	[ 6  6 78 80]
[ 1  1 87 89]	[ 6  8 80 85]
[ 1  1 89 87]	[ 8  8 85 89]
[ 1  8 87 85]	[ 8  8 89 87]
[ 8  8 85 84]	[ 8  8 87 85]
[ 8  8 84 82]	[ 8  1 85 84]
[ 8  8 82 80]	[ 1  1 84 85]
[ 8  8 80 82]	[ 1  1 85 80]
[ 8  1 82 84]	[ 1  1 80 82]
[ 1  1 84 85]	[ 1  1 82 84]
[ 1  1 85 89]	[ 1  1 84 85]
[ 1  1 89 85]	[ 1  1 85 94]
[ 1  1 85 87]	[ 1  1 94 92]
[ 1  1 87 89]	[ 1  1 92 90]
[ 1  1 89 85]	[ 1  1 90 89]
[ 1  1 85 89]	[ 1  1 89 87]
[ 1  1 89 85]	[ 1  1 87 85]
[ 1  1 85 89]	[ 1  8 85 92]
[ 1  1 89 85]	[ 8  8 92 84]
[ 1  1 85 89]	[ 8  6 84 92]
[ 8  8 85 84]	[ 6  6 92 82]
[ 8  8 84 82]	[ 6  6 82 90]
[ 8  8 82 80]	[ 6  8 90 82]
[ 8  8 80 82]	[ 8  8 82 80]
[ 8  1 82 84]	[ 8  8 80 82]
[ 1  1 84 85]	[ 8  8 82 84]
[ 1  1 85 85]	[ 8  8 84 85]
[ 1  1 85 84]	[ 8  8 85 87]
[ 1  1 84 85]	[ 8  8 87 84]
[ 1  1 85 84]	[ 8  8 84 82]
[ 1  1 84 85]	[ 8  1 82 80]
[ 1  1 85 87]	[ 1  1 80 85]
[ 1  1 87 89]	[ 1  1 85 85]
[ 1  1 89 87]	[ 1  8 85 89]
[ 1  1 87 85]	[ 8  8 89 87]
[ 1  1 85 84]	[ 8  8 87 85]
[ 1  1 84 85]	[ 8  8 85 84]
[ 1  1 85 89]	[ 8  8 84 82]
[ 1  1 89 92]	[ 8  8 82 84]
[ 1  1 92 89]	[ 8  8 84 92]
[ 1  1 89 85]	[ 8  8 92 92]
[ 1  1 85 89]	[ 8  6 92 92]
[ 1  1 89 92]	[ 6  6 92 82]
[ 1  1 92 89]	[ 6  6 82 90]
[ 1  1 89 85]	[ 6  6 90 90]
[ 1  1 85 85]	[ 6  1 90 90]
[ 1  1 85 85]	[ 1  1 90 80]
[ 1  1 85 87]	[ 1  1 80 89]
[ 1  1 87 89]	[ 1  1 89 89]
[ 1  1 89 87]	[ 1  1 89 89]
[ 1  1 87 85]	[ 1  1 89 87]
[ 1  1 85 84]	[ 1  1 87 85]
[ 1  1 84 85]	[ 1  1 85 84]
[ 1  1 85 89]	[ 1  8 84 82]
[ 1  1 89 92]	[ 8  8 82 84]
[ 1  1 92 89]	[ 8  8 84 92]
[ 1  1 89 85]	[ 8  8 92 92]
[ 1  1 85 89]	[ 8  6 92 92]
[ 1  1 89 85]	[ 6  6 92 82]
[ 1  1 85 89]	[ 6  6 82 90]
[ 1  1 89 92]	[ 6  6 90 90]
[ 1  1 92 89]	[ 6  6 90 90]
[ 1  1 89 92]	[ 6  6 90 94]
[ 1  1 92 92]	[ 6  6 94 90]
[ 1  1 92 94]	[ 6  6 90 94]
[ 1  1 94 92]	[ 6  1 94 90]
[ 1  1 92 89]	[ 1  1 90 92]
[ 1  1 89 85]	[ 1  1 92 89]
[ 1  1 85 85]	[ 1  1 89 92]
[ 1  1 85 84]	[ 1 15 92 89]
[ 1  1 84 85]	[15 15 89 87]
[ 1  1 85 84]	[15 15 87 85]
[ 1  1 84 85]	[15 15 85 84]
[ 1  1 85 80]	[15 15 84 82]
[ 1  1 80 77]	[15 15 82 84]
[ 1  1 77 80]	[15 15 84 80]
[ 1  1 80 82]	[15 15 80 82]
[ 1  1 82 80]	[15 15 82 78]
[ 1  1 80 77]	[15 15 78 80]
[ 1  1 77 73]	[15 15 80 77]
[ 1  1 73 73]	[15 15 77 78]
[ 1  1 73 77]	[15  1 78 75]
[ 1  1 77 80]	[ 1  1 75 73]
[ 1  1 80 77]	[ 1  1 73 80]
[ 1  1 77 73]	[ 1  1 80 77]
[ 1  1 73 77]	[ 1  1 77 80]
[ 1  1 77 80]	[ 1  1 80 73]
[ 1  1 80 82]	[ 1  1 73 80]
[ 1  1 82 80]	[ 1  1 80 77]
[ 1  1 80 77]	[ 1 15 77 80]
[ 1  1 77 80]	[15 15 80 78]
[ 1  1 80 77]	[15 15 78 75]
[ 1  1 77 80]	[15 15 75 82]
[ 1  1 80 77]	[15  8 82 75]
[ 1  1 77 80]	[ 8  8 75 78]
[ 1  1 80 77]	[ 8  8 78 75]
[ 1  1 77 73]	[ 8  8 75 82]
[ 1  1 73 77]	[ 8  1 82 75]
[ 1  1 77 80]	[ 1  1 75 77]
[ 1  1 80 85]	[ 1  1 77 80]
[ 1  1 85 80]	[ 1  1 80 85]
[ 1  1 80 82]	[ 1  1 85 84]
[ 1  1 82 80]	[ 1  1 84 82]
[ 1  1 80 78]	[ 1  1 82 80]
[ 1  1 78 77]	[ 1  1 80 78]
[ 1  1 77 73]	[ 1 15 78 77]
[ 1  1 73 77]	[15 15 77 75]
[ 1  1 77 78]	[15 15 75 77]
[ 1  1 78 80]	[15 15 77 78]
[ 1  1 80 85]	[15  8 78 80]
[ 1  1 85 84]	[ 8  8 80 82]
[ 1  1 84 85]	[ 8  8 82 84]
[ 1  1 85 85]	[ 8  8 84 85]
[ 1  1 85 85]	[ 8  1 85 87]
[ 1  1 85 87]	[ 1  1 87 80]
[ 1  1 87 89]	[ 1  8 80 85]
[ 1  1 89 87]	[ 8  8 85 89]
[ 1  1 87 85]	[ 8  8 89 87]
[-1 -1 -1 -1]	[ 8  8 87 85]
[ 8  8 80 82]	[ 8 -1 85 84]
[ 8  8 82 80]	[-1 -1 84 80]
[ 8  8 80 78]	[-1  1 80 78]
[ 8  8 78 77]	[ 1  1 78 78]
[ 8  1 77 75]	[ 1  1 78 77]
[ 1  1 75 73]	[ 1  1 77 75]
[ 1  1 73 75]	[ 1  1 75 73]
[ 1  1 75 77]	[ 1  1 73 73]
[ 1  1 77 75]	[ 1  1 73 77]
[ 1  1 75 73]	[ 1  1 77 68]
[ 1  1 73 73]	[ 1  6 68 73]
[ 1  1 73 77]	[ 6  6 73 70]
[ 1  1 77 80]	[ 6  6 70 73]
[ 1  1 80 77]	[ 6  6 73 78]
[ 1  1 77 78]	[ 6  8 78 82]
[ 1  1 78 80]	[ 8  8 82 80]
[ 1  1 80 82]	[ 8  8 80 80]
[ 1  1 82 80]	[ 8  8 80 82]
[ 1  1 80 77]	[ 8  1 82 84]
[ 1  1 77 80]	[ 1  1 84 85]
[ 1  1 80 80]	[ 1  1 85 80]
[ 1  1 80 80]	[ 1  1 80 82]
[ 1  1 80 82]	[ 1 22 82 85]
[ 1  1 82 80]	[22 22 85 82]
[ 1  1 80 80]	[22 22 82 80]
[ 1  1 80 78]	[22 22 80 78]
[ 1  1 78 77]	[22  3 78 77]
[ 1  1 77 75]	[ 3  3 77 77]
[ 1  1 75 73]	[ 3  3 77 75]
[ 1  1 73 73]	[ 3  3 75 73]
[ 1  1 73 77]	[ 3  8 73 77]
[ 1  1 77 80]	[ 8  8 77 75]
[ 1  1 80 80]	[ 8  8 75 80]
[ 1  1 80 78]	[ 8  1 80 78]
[ 1  1 78 77]	[ 1  1 78 78]
[ 1  1 77 75]	[ 1  1 78 77]
[ 1  1 75 73]	[ 1  1 77 75]
[ 1  1 73 75]	[ 1  1 75 73]
[ 1  1 75 77]	[ 1  1 73 73]
[ 1  1 77 75]	[ 1  1 73 77]
[ 1  1 75 73]	[ 1  1 77 68]
[ 1  1 73 73]	[ 1  6 68 73]
[ 1  1 73 77]	[ 6  6 73 70]
[ 1  1 77 80]	[ 6  6 70 73]
[ 1  1 80 80]	[ 6  6 73 78]
[ 1  1 80 82]	[ 6  6 78 82]
[ 1  1 82 80]	[ 6  6 82 85]
[ 1  1 80 77]	[ 6  6 85 84]
[ 1  1 77 80]	[ 6  1 84 82]
[ 1  1 80 77]	[ 1  1 82 80]
[ 1  1 77 73]	[ 1  1 80 85]
[ 1  1 73 77]	[ 1  1 85 73]
[ 1  1 77 80]	[ 1  8 73 77]
[ 1  1 80 82]	[ 8  8 77 75]
[ 1  1 82 80]	[ 8  8 75 82]
[ 1  1 80 78]	[ 8  8 82 80]
[ 1  1 78 77]	[ 8  1 80 78]
[ 1  1 77 73]	[ 1  6 78 77]
[ 1  1 73 77]	[ 6  1 77 73]
[ 1  1 77 80]	[ 1  1 73 73]
[ 1  1 80 85]	[ 1  1 73 80]
[ 1  1 85 84]	[ 1  1 80 82]
[ 1  1 84 85]	[ 1  1 82 84]
[ 1  1 85 84]	[ 1  1 84 85]
[ 1  1 84 85]	[ 1  1 85 80]
[ 1  1 85 80]	[ 1  1 80 82]
[ 1  1 80 82]	[ 1  1 82 85]
[ 1  1 82 80]	[ 1  1 85 77]
[ 1  1 80 77]	[ 1  1 77 80]
[ 1  1 77 80]	[ 1  1 80 77]
[ 1  1 80 77]	[ 1  6 77 73]
[ 1  1 77 80]	[ 6  6 73 78]
[ 1  1 80 80]	[ 6  6 78 73]
[ 1  1 80 77]	[ 6  6 73 78]
[ 1  1 77 78]	[ 6  8 78 82]
[ 1  1 78 80]	[ 8  8 82 80]
[ 1  1 80 82]	[ 8  8 80 80]
[ 1  1 82 80]	[ 8  8 80 82]
[ 1  1 80 77]	[ 8  1 82 84]
[ 1  1 77 80]	[ 1  1 84 85]
[ 1  1 80 80]	[ 1  1 85 80]
[ 1  1 80 80]	[ 1  1 80 82]
[ 1  1 80 82]	[ 1 22 82 85]
[ 1  1 82 80]	[22 22 85 82]
[ 1  1 80 77]	[22 22 82 80]
[ 1  1 77 73]	[22 22 80 78]
[ 1  1 73 73]	[22  3 78 77]
[ 1  1 73 73]	[ 3  3 77 77]
[ 1  1 73 75]	[ 3  3 77 75]
[ 1  1 75 77]	[ 3  3 75 73]
[ 1  1 77 78]	[ 3  8 73 77]
[ 1  1 78 80]	[ 8  8 77 75]
[ 1  1 80 82]	[ 8  8 75 80]
[ 1  1 82 80]	[ 8  8 80 82]
[ 1  1 80 77]	[ 8  1 82 84]
[ 1  1 77 80]	[ 1  1 84 85]
[ 1  1 80 85]	[ 1  1 85 80]
[ 1  1 85 80]	[ 1  1 80 80]
[ 1  1 80 82]	[ 1  1 80 85]
[ 1  1 82 80]	[ 1  1 85 77]
[ 1  1 80 77]	[ 1  1 77 80]
[ 1  1 77 80]	[ 1  1 80 77]
[ 1  1 80 77]	[ 1  6 77 73]
[ 1  6 77 80]	[ 6  6 73 78]
[ 6  6 80 82]	[ 6  6 78 73]
[ 6  6 82 84]	[ 6  6 73 78]
[ 6  6 84 85]	[ 6  6 78 82]
[ 6  6 85 84]	[ 6  6 82 85]
[ 6  1 84 82]	[ 6  6 85 84]
[ 1  1 82 80]	[ 6  1 84 82]
[ 1  1 80 77]	[ 1  1 82 80]
[ 1  1 77 73]	[ 1  1 80 85]
[ 1  1 73 77]	[ 1  1 85 73]
[ 1  1 77 80]	[ 1  8 73 77]
[ 1  1 80 82]	[ 8  8 77 75]
[ 1  1 82 80]	[ 8  8 75 82]
[ 1  1 80 78]	[ 8  8 82 80]
[ 1  1 78 77]	[ 8  1 80 78]
[ 1  1 77 73]	[ 1  6 78 77]
[ 1  1 73 77]	[ 6  1 77 73]
[ 1  1 77 80]	[ 1  8 73 73]
[ 1  1 80 85]	[ 8  8 73 80]
[ 1  1 85 85]	[ 8  8 80 82]
[ 1  1 85 85]	[ 8  8 82 84]
[ 1  1 85 80]	[ 8  1 84 84]
[ 1  1 80 77]	[ 1  1 84 85]
[ 1  1 77 80]	[ 1  1 85 80]
[ 1  1 80 80]	[ 1  1 80 80]
[ 1  1 80 82]	[ 1  1 80 85]
[ 1  1 82 80]	[ 1  1 85 77]
[ 1  1 80 77]	[ 1  1 77 80]
[ 1  1 77 80]	[ 1  1 80 77]
[ 1  1 80 77]	[ 1  6 77 73]
[ 1  1 77 80]	[ 6  6 73 78]
[ 1  1 80 80]	[ 6  6 78 73]
[ 1  1 80 77]	[ 6  6 73 78]
[ 1  1 77 78]	[ 6  1 78 82]
[ 1  1 78 80]	[ 1  8 82 80]
[ 1  1 80 82]	[ 8  8 80 80]
[ 1  1 82 80]	[ 8  8 80 82]
[ 1  1 80 77]	[ 8  1 82 84]
[ 1  1 77 80]	[ 1  1 84 85]
[ 1  1 80 80]	[ 1  1 85 80]
[ 1  1 80 80]	[ 1  1 80 82]
[ 1  1 80 82]	[ 1 22 82 85]
[ 1  1 82 80]	[22 22 85 82]
[ 1  1 80 80]	[22 22 82 80]
[ 1  1 80 78]	[22 22 80 78]
[ 1  1 78 77]	[22  3 78 77]
[ 1  1 77 75]	[ 3  3 77 77]
[ 1  1 75 73]	[ 3  3 77 75]
[ 1  1 73 73]	[ 3  3 75 73]
[ 1  1 73 77]	[ 3  8 73 77]
[ 1  1 77 80]	[ 8  8 77 75]
[ 1  1 80 80]	[ 8  8 75 80]
[ 1  1 80 78]	[ 8  1 80 78]
[ 1  1 78 77]	[ 1  1 78 78]
[ 1  1 77 75]	[ 1  1 78 77]
[ 1  1 75 73]	[ 1  1 77 75]
[ 1  1 73 75]	[ 1  1 75 73]
[ 1  1 75 77]	[ 1  1 73 73]
[ 1  1 77 75]	[ 1  1 73 77]
[ 1  1 75 73]	[ 1  1 77 68]
[ 1  1 73 73]	[ 1  6 68 73]
[ 1  1 73 77]	[ 6  6 73 70]
[ 1  1 77 80]	[ 6  6 70 73]
[ 1  1 80 80]	[ 6  6 73 78]
[ 1  1 80 82]	[ 6  6 78 82]
[ 1  1 82 80]	[ 6  6 82 85]
[ 1  1 80 77]	[ 6  6 85 84]
[ 1  1 77 80]	[ 6  1 84 82]
[ 1  1 80 77]	[ 1  1 82 80]
[ 1  1 77 73]	[ 1  1 80 85]
[ 1  1 73 77]	[ 1  1 85 73]
[ 1  1 77 80]	[ 1  8 73 77]
[ 1  1 80 82]	[ 8  8 77 75]
[ 1  1 82 80]	[ 8  8 75 82]
[ 1  1 80 78]	[ 8  8 82 80]
[ 1  1 78 77]	[ 8  1 80 78]
[ 1  1 77 75]	[ 1  6 78 77]
[-1 -1 -1 -1]	[ 6  1 77 73]
[ 8  8 84 85]	[ 1  8 73 73]
[ 8  8 85 87]	[ 8  8 73 85]
[ 8  1 87 84]	[ 8  1 85 87]
[ 1  1 84 85]	[ 1  1 87 89]
[ 1  1 85 85]	[ 1  1 89 85]
[ 1  1 85 87]	[ 1  1 85 80]
[ 1  1 87 89]	[ 1  1 80 85]
[ 8  8 84 82]	[ 1 11 85 89]
[ 8  8 82 80]	[11 11 89 87]
[ 8  8 80 82]	[11 11 87 83]
[ 8  1 82 84]	[11 11 83 78]
[ 1  1 84 85]	[11 11 78 84]
[ 1  1 85 80]	[11  6 84 87]
[ 1  1 80 77]	[ 6  6 87 85]
[ 1  1 77 80]	[ 6  6 85 82]
[ 1  1 80 80]	[ 6  6 82 78]
[ 1  1 80 77]	[ 6  6 78 82]
[ 1  1 77 78]	[ 6  1 82 85]
[ 1  1 78 80]	[ 1  1 85 80]
[ 1  1 80 82]	[ 1  1 80 80]
[ 1  1 82 80]	[ 1 11 80 82]
[ 1  1 80 77]	[11 11 82 83]
[ 1  1 77 80]	[11 11 83 78]
[ 1  1 80 85]	[11 11 78 75]
[ 1  1 85 80]	[11 11 75 78]
[ 1  1 80 77]	[11  6 78 84]
[ 1  1 77 73]	[ 6  6 84 82]
[ 1  1 73 77]	[ 6  6 82 78]
[ 1  1 77 80]	[ 6  6 78 73]
[ 1  1 80 82]	[ 6  6 73 78]
[ 1  1 82 80]	[ 6  1 78 82]
[ 1  1 80 77]	[ 1  1 82 80]
[ 1  1 77 80]	[ 1  1 80 77]
[ 1  1 80 77]	[ 1  8 77 73]
[ 1  1 77 73]	[ 8  8 73 78]
[ 1  1 73 73]	[ 8  8 78 75]
[ 1  1 73 73]	[ 8  1 75 72]
[ 1  1 73 73]	[ 1  1 72 73]
[ 1  1 73 73]	[ 1  1 73 72]
[ 1  1 73 73]	[ 1  8 72 73]
[ 1  1 73 77]	[ 8  8 73 75]
[ 1  1 77 75]	[ 8  8 75 75]
[ 1  1 75 73]	[ 8  8 75 75]
[ 1  1 73 73]	[ 8  8 75 73]
[ 1  1 73 73]	[ 8  1 73 75]
[ 1  1 73 75]	[ 1  1 75 77]
[ 1  1 75 77]	[ 1 22 77 77]
[ 1  1 77 73]	[22 22 77 77]
[ 1  1 73 77]	[22 22 77 75]
[ 1  1 77 80]	[22 15 75 77]
[ 1  1 80 77]	[15 15 77 78]
[ 1  1 77 73]	[15  8 78 78]
[ 1  1 73 77]	[ 8  8 78 78]
[ 1  1 77 80]	[ 8  8 78 77]
[ 1  1 80 85]	[ 8  1 77 78]
[ 1  1 85 89]	[ 1  1 78 80]
[ 1  1 89 85]	[ 1  6 80 92]
[ 1  1 85 85]	[ 6  6 92 90]
[ 1  1 85 87]	[ 6 18 90 89]
[ 1  1 87 89]	[18 18 89 87]
[ 1  1 89 85]	[18 18 87 89]
[ 1  1 85 80]	[18  1 89 90]
[ 1  1 80 82]	[ 1  1 90 89]
[ 1  1 82 80]	[ 1 22 89 85]
[ 1  1 80 80]	[22 22 85 80]
[ 1  1 80 85]	[22 15 80 77]
[ 1  1 85 84]	[15 15 77 78]
[ 1  1 84 85]	[15 15 78 87]
[ 1  1 85 84]	[15  8 87 85]
[ 1  1 84 85]	[ 8  8 85 84]
[-1 -1 -1 -1]	[ 8  8 84 82]
[ 1  1 78 77]	[ 8  8 82 84]
[ 1  1 77 73]	[ 8  8 84 73]
[ 1  1 73 77]	[ 8  1 73 75]
[ 1  1 77 75]	[ 1  1 75 77]
[ 1  1 75 73]	[ 1  1 77 80]
[ 1  1 73 73]	[ 1  1 80 73]
[ 1  1 73 77]	[ 1  1 73 75]
[ 1  1 77 80]	[ 1  6 75 77]
[ 1  1 80 80]	[ 6  6 77 78]
[ 1  1 80 82]	[ 6  6 78 82]
[ 1  1 82 80]	[ 6  6 82 85]
[ 1  1 80 77]	[ 6  6 85 84]
[ 1  1 77 80]	[ 6  1 84 82]
[ 1  1 80 82]	[ 1  1 82 80]
[ 1  1 82 80]	[ 1  1 80 82]
[ 1  1 80 77]	[ 1  1 82 80]
[ 1  1 77 73]	[ 1  1 80 77]
[ 1  1 73 73]	[ 1  1 77 73]
[ 1  1 73 75]	[ 1  1 73 68]
[ 1  1 75 77]	[ 1  1 68 75]
[ 1  1 77 78]	[ 1  8 75 77]
[ 1  1 78 77]	[ 8  8 77 78]
[ 1  1 77 73]	[ 8  8 78 80]
[ 1  1 73 77]	[ 8  8 80 78]
[ 1  1 77 73]	[ 8  8 78 75]
[ 1  1 73 73]	[ 8  8 75 78]
[ 1  1 73 77]	[ 8  8 78 72]
[ 1  1 77 80]	[ 8  8 72 75]
[ 1  1 80 77]	[ 8  8 75 78]
[ 1  1 77 73]	[ 8  8 78 82]
[ 1  1 73 70]	[ 8  1 82 80]
[ 1  1 70 68]	[ 1  1 80 77]
[ 1  1 68 73]	[ 1  1 77 68]
[ 1  1 73 68]	[ 1  1 68 67]
[ 1  1 68 73]	[ 1  1 67 68]
[ 1  1 73 73]	[ 1  1 68 69]
[ 1  1 73 77]	[ 1  1 69 68]
[ 1  1 77 75]	[ 1  1 68 77]
[ 1  1 75 73]	[ 1  1 77 80]
[ 1  1 73 73]	[ 1  1 80 73]
[ 1  1 73 77]	[ 1  1 73 75]
[ 1  1 77 80]	[ 1  6 75 77]
[ 1  1 80 80]	[ 6  6 77 78]
[ 1  1 80 82]	[ 6  6 78 82]
[ 1  1 82 80]	[ 6  6 82 85]
[ 1  1 80 77]	[ 6  6 85 84]
[ 1  1 77 80]	[ 6  1 84 82]
[ 1  1 80 82]	[ 1  1 82 80]
[ 1  1 82 80]	[ 1  1 80 82]
[ 1  1 80 77]	[ 1  1 82 80]
[ 1  1 77 73]	[ 1  1 80 77]
[ 1  1 73 73]	[ 1  1 77 73]
[ 1  1 73 73]	[ 1  1 73 68]
[ 1  1 73 77]	[ 1  8 68 73]
[ 1  1 77 75]	[ 8  8 73 72]
[ 1  1 75 73]	[ 8  1 72 75]
[ 1  1 73 77]	[ 1  1 75 73]
[ 1  1 77 80]	[ 1  3 73 77]
[ 1  1 80 80]	[ 3  3 77 75]
[ 1  1 80 80]	[ 3  3 75 85]
[ 1  1 80 82]	[ 3  3 85 82]
[ 1  1 82 80]	[ 3  8 82 79]
[ 1  1 80 77]	[ 8 15 79 80]
[ 1  1 77 78]	[15  8 80 80]
[ 1  1 78 80]	[ 8  8 80 80]
[ 1  1 80 82]	[ 8 15 80 80]
[ 1  1 82 80]	[15 15 80 82]
[ 1  1 80 77]	[15 15 82 80]
[ 1  1 77 80]	[15 15 80 82]
[ 1  1 80 80]	[15  8 82 80]
[ 1  1 80 82]	[ 8  8 80 84]
[ 1  1 82 80]	[ 8  8 84 82]
[ 1  1 80 78]	[ 8  8 82 80]
[ 1  1 78 77]	[ 8  8 80 78]
[ 1  1 77 75]	[ 8  8 78 77]
[ 1  1 75 73]	[ 8  1 77 75]
[ 1  1 73 77]	[ 1  1 75 73]
[ 1  1 77 80]	[ 1  1 73 77]
[ 1  1 80 77]	[ 1  1 77 78]
[ 1  1 77 73]	[ 1  1 78 77]
[ 1  1 73 73]	[ 1  1 77 73]
[ 1  1 73 73]	[ 1  1 73 68]
[ 1  1 73 77]	[ 1  8 68 73]
[ 1  1 77 75]	[ 8  8 73 72]
[ 1  1 75 73]	[ 8  1 72 75]
[ 1  1 73 77]	[ 1  1 75 73]
[ 1  1 77 80]	[ 1  3 73 77]
[ 1  1 80 80]	[ 3  3 77 75]
[ 1  1 80 80]	[ 3  3 75 85]
[ 1  1 80 82]	[ 3  3 85 82]
[ 1  1 82 80]	[ 3  8 82 79]
[ 1  1 80 77]	[ 8 15 79 80]
[ 1  1 77 80]	[15  8 80 80]
[ 1  1 80 80]	[ 8  8 80 80]
[ 1  1 80 82]	[ 8  8 80 77]
[ 1  1 82 80]	[ 8  1 77 78]
[ 1  1 80 77]	[ 1  1 78 80]
[ 1  1 77 73]	[ 1  1 80 77]
[ 1  1 73 75]	[ 1  1 77 73]
[ 1  1 75 77]	[ 1  1 73 75]
[ 1  1 77 78]	[ 1  1 75 77]
[ 1  1 78 80]	[ 1  1 77 78]
[ 1  1 80 77]	[ 1  1 78 80]
[ 1  1 77 80]	[ 1  1 80 77]
[ 1  1 80 77]	[ 1  6 77 73]
[ 1  1 77 73]	[ 6  6 73 80]
[ 1  1 73 73]	[ 6  6 80 78]
[ 1  1 73 77]	[ 6  6 78 70]
[ 1  1 77 80]	[ 6 18 70 73]
[ 1  1 80 77]	[18 18 73 80]
[ 1  1 77 73]	[18 18 80 78]
[ 1  1 73 73]	[18 18 78 73]
[ 1  1 73 77]	[18  1 73 75]
[ 1  1 77 75]	[ 1  1 75 77]
[ 1  1 75 73]	[ 1 22 77 80]
[ 1  1 73 75]	[22 22 80 73]
[ 1  1 75 77]	[22 22 73 75]
[ 1  8 77 73]	[22 15 75 77]
[ 8  8 73 75]	[15 15 77 78]
[ 8  8 75 72]	[15 15 78 75]
[ 8  8 72 68]	[15  8 75 72]
[ 8  8 68 70]	[ 8  8 72 68]
[ 8  1 70 72]	[ 8  8 68 70]
[ 1  1 72 73]	[ 8  1 70 72]
[ 1  1 73 73]	[ 1  1 72 73]
[-1 -1 -1 -1]	[ 1  1 73 73]
[ 1  1 77 80]	[ 1 -1 73 73]
[ 1  1 80 80]	[-1  1 73 80]
[ 1  1 80 82]	[ 1  1 80 85]
[ 1  1 82 80]	[ 1  1 85 85]
[ 1  1 80 77]	[ 1  1 85 80]
[ 1  1 77 80]	[ 1  1 80 77]
[ 1  1 80 80]	[ 1  1 77 80]
[ 1  1 80 82]	[ 1  1 80 85]
[ 1  1 82 80]	[ 1  8 85 85]
[ 1  1 80 78]	[ 8  8 85 80]
[ 1  1 78 77]	[ 8  1 80 78]
[ 1  1 77 78]	[ 1  1 78 77]
[ 1  1 78 77]	[ 1  1 77 78]
[ 1  1 77 73]	[ 1  8 78 80]
[ 1  1 73 73]	[ 8  8 80 78]
[ 1  1 73 75]	[ 8  8 78 77]
[ 1  1 75 77]	[ 8  1 77 75]
[ 1  1 77 73]	[ 1  1 75 77]
[ 1  1 73 77]	[ 1  1 77 73]
[ 1  1 77 80]	[ 1  1 73 73]
[ 1  1 80 80]	[ 1  1 73 80]
[ 1  1 80 82]	[ 1  1 80 85]
[ 1  1 82 80]	[ 1  1 85 85]
[ 1  1 80 77]	[ 1  1 85 80]
[ 1  1 77 80]	[ 1  1 80 77]
[ 1  1 80 85]	[ 1  1 77 80]
[ 1  1 85 87]	[ 1  1 80 85]
[ 1  1 87 89]	[ 1  1 85 87]
[ 1  1 89 87]	[ 1  8 87 89]
[ 1  1 87 85]	[ 8  8 89 87]
[ 1  1 85 87]	[ 8  8 87 85]
[ 1  1 87 89]	[ 8  8 85 87]
[ 1  1 89 87]	[ 8  8 87 89]
[ 1  1 87 85]	[ 8  3 89 87]
[ 1  1 85 84]	[ 3  3 87 85]
[ 1  1 84 85]	[ 3  3 85 84]
[ 1  1 85 80]	[ 3  8 84 82]
[ 1  1 80 77]	[ 8  8 82 84]
[ 1  1 77 78]	[ 8  1 84 80]
[ 1  1 78 80]	[ 1  1 80 80]
[ 1  1 80 80]	[ 1  6 80 80]
[ 1  1 80 80]	[ 6  6 80 82]
[ 1  1 80 82]	[ 6  1 82 82]
[ 1  1 82 80]	[ 1  1 82 80]
[ 1  1 80 82]	[ 1 15 80 80]
[ 1  1 82 80]	[15 15 80 78]
[ 1  1 80 80]	[15 15 78 80]
[ 1  1 80 78]	[15  1 80 78]
[ 1  1 78 77]	[ 1  1 78 77]
[ 1  1 77 73]	[ 1  8 77 77]
[ 1  1 73 73]	[ 8  8 77 78]
[ 1  1 73 75]	[ 8  8 78 77]
[ 1  1 75 77]	[ 8  1 77 75]
[ 1  1 77 75]	[ 1  1 75 77]
[ 1  1 75 73]	[ 1  1 77 75]
[ 1  1 73 73]	[ 1  8 75 73]
[ 1  1 73 73]	[ 8  8 73 75]
[ 1  1 73 77]	[ 8  8 75 72]
[ 1  1 77 80]	[ 8  8 72 68]
[ 1  1 80 80]	[ 8  1 68 80]
[ 1  1 80 80]	[ 1  1 80 85]
[ 1  1 80 82]	[ 1  1 85 85]
[ 1  1 82 80]	[ 1  1 85 80]
[ 1  1 80 77]	[ 1  6 80 80]
[ 1  1 77 80]	[ 6  6 80 78]
[ 1  1 80 80]	[ 6  6 78 80]
[ 1  1 80 77]	[ 6  1 80 82]
[ 1  1 77 80]	[ 1  1 82 80]
[ 1  1 80 85]	[ 1  1 80 80]
[ 1  1 85 87]	[ 1  1 80 85]
[ 1  1 87 89]	[ 1  1 85 87]
[ 1  1 89 87]	[ 1  8 87 89]
[ 1  1 87 85]	[ 8  8 89 87]
[ 1  1 85 85]	[ 8  8 87 85]
[ 1  1 85 84]	[ 8  1 85 87]
[ 1  1 84 85]	[ 1  1 87 89]
[ 1  1 85 80]	[ 1  1 89 85]
[ 1  1 80 77]	[ 1  1 85 85]
[ 1  1 77 80]	[ 1  1 85 77]
[ 1  1 80 80]	[ 1 22 77 77]
[ 1  1 80 80]	[22 22 77 82]
[ 1  1 80 82]	[22 17 82 82]
[ 1  1 82 80]	[17 17 82 80]
[ 1  1 80 82]	[17 15 80 80]
[ 1  1 82 80]	[15 15 80 78]
[ 1  1 80 77]	[15 15 78 80]
[ 1  1 77 73]	[15 22 80 78]
[ 1  1 73 75]	[22 22 78 77]
[ 1  1 75 77]	[22 22 77 77]
[ 1  1 77 73]	[22 22 77 77]
[ 1  1 73 77]	[22 22 77 78]
[ 1  1 77 75]	[22 17 78 77]
[ 1  1 75 73]	[17 17 77 75]
[ 1  1 73 73]	[17 17 75 73]
[ 1  1 73 72]	[17 22 73 72]
[ 1  1 72 73]	[22 22 72 73]
[ 1  1 73 77]	[22 22 73 70]
[ 1  1 77 80]	[22 22 70 70]
[ 1  1 80 80]	[22 22 70 77]
[ 1  1 80 80]	[22 22 77 82]
[ 1  1 80 82]	[22 17 82 82]
[ 1  1 82 80]	[17 17 82 80]
[ 1  1 80 82]	[17 15 80 80]
[ 1  1 82 80]	[15 15 80 78]
[ 1  1 80 77]	[15 15 78 80]
[ 1  1 77 73]	[15 22 80 78]
[ 1  1 73 75]	[22 22 78 77]
[ 1  1 75 77]	[22 22 77 77]
[ 1  1 77 73]	[22 22 77 77]
[ 1  1 73 77]	[22 22 77 78]
[ 1  1 77 75]	[22 15 78 77]
[ 1  1 75 73]	[15 15 77 75]
[ 1  1 73 77]	[15 15 75 73]
[ 1  1 77 73]	[15  5 73 75]
[ 1  1 73 73]	[ 5  5 75 78]
[ 1  1 73 75]	[ 5  5 78 77]
[ 1  1 75 77]	[ 5  5 77 77]
[ 1  1 77 77]	[ 5  6 77 77]
[ 1  1 77 75]	[ 6  6 77 78]
[ 1  1 75 73]	[ 6 17 78 78]
[ 1  1 73 77]	[17 17 78 77]
[ 1  1 77 80]	[17  6 77 77]
[ 1  1 80 77]	[ 6  6 77 78]
[ 1  1 77 73]	[ 6  6 78 78]
[ 1  1 73 75]	[ 6 17 78 78]
[ 1  1 75 77]	[17 17 78 77]
[ 1  1 77 73]	[17 15 77 77]
[ 1  1 73 73]	[15 15 77 78]
[ 1  1 73 75]	[15 15 78 77]
[ 1  1 75 77]	[15 22 77 75]
[ 1  1 77 73]	[22 22 75 77]
[ 1  1 73 77]	[22 22 77 75]
[ 1  1 77 75]	[22 15 75 73]
