Accuracy: 0.4731018537632633

n_chords: 2
n_melody: 2
t_prior: 0.5
e_prior: 1.0
dataset: All
keys: dorian
filter_train_set: True
filter_val_set: True

~ First 3000 predicted states ~
Predicted	True
[-1 -1 -1 -1]	[-1 -1 -1 -1]
[13 13 85 83]	[-1 13 -1 -1]
[13 13 83 80]	[13 13 -1 73]
[13 13 80 78]	[13 13 73 80]
[13 13 78 75]	[13 12 80 78]
[13 13 75 76]	[12 12 78 75]
[13 13 76 78]	[12 12 75 78]
[13 13 78 80]	[12 13 78 78]
[13 13 80 85]	[13 13 78 80]
[13 13 85 85]	[13 13 80 78]
[13 13 85 83]	[13 20 78 80]
[13 13 83 80]	[20 20 80 83]
[13 13 80 78]	[20 20 83 80]
[13 13 78 76]	[20 20 80 78]
[13 13 76 78]	[20 13 78 75]
[13 13 78 80]	[13 13 75 73]
[13 13 80 73]	[13 13 73 80]
[13 13 73 75]	[13 12 80 78]
[13 13 75 76]	[12 12 78 75]
[13 13 76 78]	[12 12 75 78]
[13 13 78 80]	[12 20 78 78]
[13 13 80 80]	[20 20 78 80]
[13 13 80 78]	[20 20 80 83]
[13 13 78 76]	[20 20 83 78]
[13 13 76 75]	[20  6 78 75]
[13 13 75 73]	[ 6  6 75 75]
[13 13 73 73]	[ 6  6 75 73]
[13 13 73 73]	[ 6  6 73 71]
[13 13 73 73]	[ 6 13 71 75]
[13 13 73 73]	[13 13 75 73]
[13 13 73 73]	[13 13 73 80]
[13 13 73 75]	[13 12 80 78]
[13 13 75 76]	[12 12 78 75]
[13 13 76 78]	[12 12 75 78]
[13 13 78 80]	[12 13 78 78]
[13 13 80 73]	[13 13 78 80]
[13 13 73 73]	[13 13 80 78]
[13 13 73 75]	[13 20 78 75]
[13 13 75 76]	[20 20 75 80]
[13 13 76 75]	[20 20 80 78]
[13 13 75 76]	[20 13 78 75]
[13 13 76 78]	[13 13 75 73]
[13 13 78 80]	[13 13 73 80]
[13 13 80 73]	[13 13 80 80]
[13 13 73 73]	[13 12 80 78]
[13 13 73 75]	[12 12 78 75]
[13 13 75 76]	[12 12 75 73]
[13 13 76 78]	[12 12 73 75]
[13 13 78 80]	[12 20 75 78]
[13 13 80 78]	[20 20 78 80]
[13 13 78 76]	[20 20 80 78]
[13 13 76 75]	[20  6 78 75]
[13 13 75 73]	[ 6  6 75 75]
[13 13 73 73]	[ 6  6 75 73]
[13 13 73 73]	[ 6  6 73 73]
[13 13 73 75]	[ 6  5 73 73]
[13 13 75 73]	[ 5  5 73 75]
[13 13 73 80]	[ 5  5 75 76]
[13 13 80 80]	[ 5  5 76 71]
[13 13 80 82]	[ 5  5 71 80]
[13 13 82 83]	[ 5  5 80 82]
[13 13 83 80]	[ 5  5 82 83]
[13 13 80 78]	[ 5  5 83 82]
[13 13 78 80]	[ 5  6 82 78]
[13 13 80 85]	[ 6  6 78 80]
[13 13 85 85]	[ 6  6 80 85]
[13 13 85 87]	[ 6  6 85 85]
[13 13 87 88]	[ 6  9 85 87]
[13 13 88 87]	[ 9  9 87 88]
[13 13 87 85]	[ 9  9 88 87]
[13 13 85 83]	[ 9 20 87 85]
[13 13 83 80]	[20 20 85 83]
[13 13 80 73]	[20 20 83 80]
[13 13 73 75]	[20 20 80 78]
[13 13 75 76]	[20  9 78 75]
[13 13 76 78]	[ 9  9 75 76]
[13 13 78 80]	[ 9 20 76 78]
[13 13 80 80]	[20 20 78 80]
[13 13 80 78]	[20 20 80 83]
[13 13 78 76]	[20 20 83 78]
[13 13 76 75]	[20  6 78 75]
[13 13 75 73]	[ 6  6 75 75]
[13 13 73 73]	[ 6  6 75 73]
[13 13 73 73]	[ 6  6 73 73]
[13 13 73 75]	[ 6  5 73 76]
[13 13 75 76]	[ 5  5 76 75]
[13 13 76 78]	[ 5  5 75 76]
[13 13 78 80]	[ 5  5 76 78]
[13 13 80 73]	[ 5  5 78 80]
[13 13 73 73]	[ 5  5 80 82]
[13 13 73 76]	[ 5  5 82 83]
[13 13 76 78]	[ 5  5 83 75]
[13 13 78 80]	[ 5  6 75 78]
[13 13 80 85]	[ 6  6 78 80]
[13 13 85 85]	[ 6  6 80 85]
[13 13 85 87]	[ 6  6 85 85]
[13 13 87 88]	[ 6  9 85 87]
[13 13 88 87]	[ 9  9 87 88]
[13 13 87 85]	[ 9  9 88 87]
[13 13 85 83]	[ 9 20 87 85]
[13 13 83 80]	[20 20 85 83]
[13 13 80 73]	[20 20 83 80]
[13 13 73 75]	[20 20 80 78]
[13 13 75 76]	[20  9 78 75]
[13 13 76 78]	[ 9  9 75 76]
[13 13 78 80]	[ 9 12 76 78]
[13 13 80 82]	[12 12 78 80]
[13 13 82 83]	[12 12 80 82]
[13 13 83 80]	[12 12 82 83]
[13 12 80 82]	[12 12 83 82]
[12 12 82 83]	[12 18 82 85]
[12 12 83 80]	[18 18 85 83]
[12 12 80 78]	[18 18 83 80]
[-1 -1 -1 -1]	[18 18 80 78]
[13 13 76 75]	[18 13 78 75]
[13 13 75 73]	[13 13 75 76]
[13 13 73 73]	[13 13 76 73]
[13 13 73 73]	[13 13 73 73]
[13 13 73 71]	[13 13 73 72]
[13 13 71 73]	[13 13 72 73]
[13 13 73 73]	[13 13 73 68]
[13 13 73 73]	[13 13 68 73]
[13 13 73 75]	[13 13 73 73]
[13 13 75 73]	[13 13 73 75]
[13 13 73 73]	[13 12 75 76]
[13 13 73 73]	[12 12 76 75]
[13 13 73 73]	[12 12 75 71]
[13 13 73 75]	[12 12 71 71]
[13 13 75 76]	[12 12 71 75]
[13 13 76 73]	[12 12 75 76]
[13 13 73 73]	[12 12 76 78]
[13 13 73 73]	[12 12 78 75]
[13 13 73 73]	[12 12 75 71]
[13 13 73 73]	[12 12 71 71]
[13 13 73 75]	[12 12 71 73]
[13 13 75 76]	[12 13 73 75]
[13 13 76 75]	[13 13 75 76]
[13 13 75 73]	[13 13 76 73]
[13 13 73 73]	[13 13 73 73]
[13 13 73 71]	[13 13 73 72]
[13 13 71 73]	[13 13 72 73]
[13 13 73 75]	[13 13 73 68]
[13 13 75 76]	[13 13 68 73]
[13 13 76 78]	[13 13 73 73]
[13 13 78 80]	[13 13 73 80]
[13 13 80 78]	[13 13 80 80]
[13 13 78 76]	[13 13 80 78]
[13 13 76 75]	[13  8 78 76]
[13 13 75 73]	[ 8  8 76 75]
[13 13 73 71]	[ 8  8 75 73]
[13 13 71 73]	[ 8 13 73 75]
[13 13 73 73]	[13 13 75 68]
[13 13 73 73]	[13 13 68 73]
[13 13 73 73]	[13  3 73 73]
[13 13 73 75]	[ 3  3 73 73]
[13 13 75 76]	[ 3  3 73 75]
[13 13 76 78]	[ 3  3 75 76]
[13 13 78 80]	[ 3  5 76 78]
[13 13 80 82]	[ 5  5 78 80]
[13 13 82 83]	[ 5  5 80 82]
[13 13 83 80]	[ 5  5 82 83]
[13 12 80 82]	[ 5  5 83 80]
[12 12 82 83]	[ 5  5 80 82]
[12 12 83 80]	[ 5  5 82 83]
[12 12 80 78]	[ 5 12 83 80]
[12 12 78 75]	[12 12 80 78]
[12 12 75 73]	[12 12 78 75]
[12 12 73 71]	[12 12 75 71]
[12 13 71 75]	[12 12 71 71]
[13 13 75 73]	[12 13 71 68]
[13 13 73 75]	[13 13 68 73]
[13 13 75 76]	[13 13 73 75]
[13 13 76 78]	[13 13 75 76]
[13 13 78 80]	[13  5 76 78]
[13 13 80 82]	[ 5  5 78 80]
[13 13 82 83]	[ 5  5 80 82]
[13 13 83 82]	[ 5  9 82 83]
[13 13 82 80]	[ 9  5 83 85]
[13 13 80 78]	[ 5  5 85 80]
[13 13 78 76]	[ 5  5 80 78]
[13 13 76 75]	[ 5  8 78 76]
[13 13 75 73]	[ 8  8 76 75]
[13 13 73 75]	[ 8  8 75 73]
[13 13 75 76]	[ 8 13 73 75]
[-1 -1 -1 -1]	[13 13 75 76]
[13 13 85 87]	[13 -1 76 73]
[13 13 87 85]	[-1 13 73 73]
[13 13 85 83]	[13 13 73 85]
[13 13 83 80]	[13 13 85 83]
[13 13 80 78]	[13 13 83 80]
[13 13 78 80]	[13 13 80 78]
[13 13 80 85]	[13 13 78 80]
[13 13 85 85]	[13 13 80 73]
[13 13 85 83]	[13 12 73 80]
[13 13 83 80]	[12 12 80 83]
[13 13 80 78]	[12 12 83 80]
[13 13 78 76]	[12 12 80 78]
[13 13 76 73]	[12 12 78 76]
[13 13 73 73]	[12 12 76 75]
[13 13 73 73]	[12 12 75 75]
[13 13 73 73]	[12 13 75 75]
[13 13 73 75]	[13 13 75 73]
[13 13 75 76]	[13 13 73 75]
[13 13 76 78]	[13 13 75 76]
[13 13 78 80]	[13 13 76 78]
[13 13 80 85]	[13 13 78 80]
[13 13 85 85]	[13 13 80 85]
[13 13 85 83]	[13 13 85 85]
[13 13 83 82]	[13 12 85 83]
[13 13 82 80]	[12 12 83 80]
[13 13 80 85]	[12 12 80 83]
[13 13 85 85]	[12 12 83 78]
[13 13 85 87]	[12 12 78 83]
[13 13 87 88]	[12 12 83 80]
[13 13 88 87]	[12 12 80 88]
[13 13 87 85]	[12 13 88 87]
[13 13 85 83]	[13 13 87 85]
[13 13 83 80]	[13 13 85 83]
[13 13 80 78]	[13 13 83 80]
[13 13 78 80]	[13 13 80 78]
[13 13 80 85]	[13 13 78 80]
[13 13 85 85]	[13 13 80 73]
[13 13 85 83]	[13 12 73 80]
[13 13 83 80]	[12 12 80 83]
[13 13 80 78]	[12 12 83 80]
[13 13 78 76]	[12 12 80 78]
[13 13 76 73]	[12 12 78 76]
[13 13 73 73]	[12 12 76 75]
[13 13 73 73]	[12 12 75 71]
[13 13 73 73]	[12 13 71 75]
[13 13 73 75]	[13 13 75 73]
[13 13 75 76]	[13 13 73 75]
[13 13 76 78]	[13 13 75 76]
[13 13 78 80]	[13 13 76 78]
[13 13 80 85]	[13 13 78 80]
[13 13 85 85]	[13 13 80 85]
[13 13 85 83]	[13 13 85 85]
[13 13 83 82]	[13 12 85 83]
[13 13 82 80]	[12 12 83 80]
[13 13 80 78]	[12 12 80 83]
[13 13 78 76]	[12 12 83 78]
[13 13 76 75]	[12 13 78 83]
[13 13 75 73]	[13 13 83 75]
[13 13 73 80]	[13 13 75 73]
[13 13 80 85]	[13 13 73 73]
[13 13 85 85]	[13 13 73 80]
[13 13 85 83]	[13 13 80 85]
[13 13 83 80]	[13 13 85 83]
[13 13 80 78]	[13 13 83 80]
[13 13 78 80]	[13 13 80 78]
[13 13 80 85]	[13 13 78 80]
[13 13 85 85]	[13 13 80 83]
[13 13 85 87]	[13 13 83 85]
[13 13 87 88]	[13 13 85 87]
[13 13 88 87]	[13 13 87 88]
[13 13 87 85]	[13 13 88 90]
[13 13 85 85]	[13 13 90 88]
[13 13 85 87]	[13 13 88 85]
[13 13 87 85]	[13 13 85 87]
[13 13 85 83]	[13 13 87 88]
[13 13 83 80]	[13 13 88 87]
[13 13 80 78]	[13 12 87 85]
[13 13 78 76]	[12 12 85 83]
[13 13 76 78]	[12 12 83 78]
[13 13 78 80]	[12 12 78 75]
[13 13 80 85]	[12 12 75 76]
[13 13 85 85]	[12 12 76 78]
[13 13 85 80]	[12 12 78 83]
[13 13 80 85]	[12 12 83 83]
[13 13 85 85]	[12 12 83 85]
[13 13 85 85]	[12 12 85 87]
[13 13 85 85]	[12 12 87 83]
[13 13 85 85]	[12 12 83 83]
[13 13 85 85]	[12 12 83 87]
[13 13 85 85]	[12 12 87 92]
[13 13 85 87]	[12 12 92 90]
[13 13 87 85]	[12 13 90 87]
[13 13 85 83]	[13 13 87 85]
[13 13 83 80]	[13 13 85 83]
[13 13 80 85]	[13 13 83 80]
[13 13 85 85]	[13 13 80 78]
[13 13 85 87]	[13 13 78 80]
[13 13 87 88]	[13 13 80 83]
[13 13 88 85]	[13 13 83 85]
[13 13 85 80]	[13 13 85 87]
[13 13 80 85]	[13 13 87 88]
[13 13 85 85]	[13 13 88 85]
[13 13 85 85]	[13 13 85 85]
[13 13 85 83]	[13 13 85 87]
[13 13 83 80]	[13 13 87 88]
[13 13 80 78]	[13  5 88 80]
[13 13 78 76]	[ 5  5 80 78]
[13 13 76 78]	[ 5  5 78 76]
[13 13 78 80]	[ 5  5 76 78]
[13 12 80 82]	[ 5  5 78 80]
[12 12 82 83]	[ 5  5 80 82]
[12 12 83 80]	[ 5  5 82 83]
[12 12 80 78]	[ 5 12 83 80]
[12 12 78 75]	[12 12 80 78]
[12 12 75 71]	[12 12 78 75]
[-1 -1 -1 -1]	[12 12 75 71]
[12 13 75 71]	[12 -1 71 75]
[13 13 71 73]	[-1  8 75 68]
[13 13 73 75]	[ 8  8 68 73]
[13 13 75 76]	[ 8  8 73 75]
[13 13 76 75]	[ 8  8 75 76]
[13 13 75 76]	[ 8  8 76 78]
[13 13 76 78]	[ 8  8 78 76]
[13 13 78 80]	[ 8  8 76 78]
[13 13 80 85]	[ 8  8 78 80]
[13 13 85 85]	[ 8  8 80 80]
[13 13 85 83]	[ 8  8 80 80]
[13 13 83 85]	[ 8  8 80 83]
[13 13 85 83]	[ 8  8 83 82]
[13 13 83 80]	[ 8  8 82 80]
[13 13 80 78]	[ 8  8 80 80]
[13 13 78 80]	[ 8  8 80 78]
[13 13 80 80]	[ 8  8 78 76]
[13 13 80 78]	[ 8  8 76 80]
[13 13 78 80]	[ 8  8 80 78]
[13 13 80 78]	[ 8  8 78 76]
[13 13 78 76]	[ 8  8 76 76]
[13 13 76 75]	[ 8  8 76 75]
[13 13 75 73]	[ 8  8 75 75]
[13 13 73 73]	[ 8  8 75 73]
[13 13 73 75]	[ 8  8 73 73]
[13 13 75 76]	[ 8  8 73 75]
[13 13 76 75]	[ 8  8 75 76]
[13 13 75 76]	[ 8  8 76 78]
[13 13 76 78]	[ 8  8 78 76]
[13 13 78 80]	[ 8  8 76 78]
[13 13 80 78]	[ 8  8 78 80]
[13 13 78 80]	[ 8  8 80 80]
[13 13 80 85]	[ 8  8 80 80]
[13 13 85 87]	[ 8  8 80 85]
[13 13 87 85]	[ 8  8 85 80]
[13 13 85 83]	[ 8  8 80 85]
[13 13 83 80]	[ 8  8 85 83]
[13 13 80 73]	[ 8  8 83 82]
[13 13 73 73]	[ 8 13 82 80]
[13 13 73 75]	[13 13 80 73]
[13 13 75 76]	[13 13 73 75]
[13 13 76 75]	[13 13 75 76]
[13 13 75 76]	[13 13 76 78]
[13 13 76 78]	[13 13 78 76]
[13 13 78 80]	[13 13 76 78]
[13 13 80 85]	[13 13 78 80]
[13 13 85 85]	[13 13 80 80]
[13 13 85 83]	[13 13 80 80]
[13 13 83 85]	[13 13 80 83]
[13 13 85 83]	[13 13 83 82]
[13 13 83 80]	[13 13 82 80]
[13 13 80 78]	[13 13 80 80]
[13 13 78 80]	[13 13 80 78]
[13 13 80 80]	[13 13 78 76]
[13 13 80 78]	[13 13 76 80]
[13 13 78 76]	[13 13 80 78]
[13 13 76 73]	[13 13 78 76]
[13 13 73 73]	[13 13 76 76]
[13 13 73 80]	[13 13 76 75]
[13 13 80 82]	[13 13 75 75]
[13 13 82 83]	[13 13 75 73]
[13 13 83 85]	[13 13 73 83]
[13 13 85 83]	[13 13 83 82]
[13 13 83 85]	[13 13 82 83]
[13 13 85 83]	[13 13 83 82]
[13 13 83 80]	[13 13 82 83]
[13 13 80 85]	[13 13 83 82]
[13 13 85 85]	[13 13 82 80]
[13 13 85 83]	[13 13 80 85]
[13 13 83 82]	[13 13 85 83]
[13 13 82 80]	[13 13 83 82]
[13 13 80 78]	[13 13 82 80]
[13 13 78 80]	[13 13 80 78]
[13 13 80 78]	[13  8 78 76]
[13 13 78 76]	[ 8  8 76 82]
[13 13 76 75]	[ 8  8 82 80]
[13 13 75 73]	[ 8  8 80 78]
[13 13 73 73]	[ 8  8 78 76]
[13 13 73 75]	[ 8  8 76 75]
[13 13 75 76]	[ 8  8 75 73]
[13 13 76 78]	[ 8 13 73 71]
[13 13 78 80]	[13 13 71 73]
[13 13 80 85]	[13 10 73 80]
[13 13 85 85]	[10 10 80 85]
[13 13 85 83]	[10 10 85 80]
[13 13 83 80]	[10 10 80 85]
[13 13 80 78]	[10 10 85 80]
[13 13 78 80]	[10 10 80 85]
[13 13 80 85]	[10 10 85 80]
[13 13 85 85]	[10 10 80 85]
[13 13 85 83]	[10 10 85 80]
[13 13 83 80]	[10 10 80 85]
[13 13 80 78]	[10 10 85 80]
[13 13 78 80]	[10 10 80 85]
[13 13 80 82]	[10 10 85 80]
[13 13 82 83]	[10 10 80 85]
[13 13 83 82]	[10 10 85 83]
[13 13 82 80]	[10 10 83 82]
[13 13 80 78]	[10 10 82 80]
[13 13 78 76]	[10 10 80 78]
[13 13 76 75]	[10 10 78 76]
[13 13 75 73]	[10 10 76 78]
[13 13 73 80]	[10 10 78 76]
[13 13 80 85]	[10 10 76 75]
[13 13 85 85]	[10 10 75 73]
[13 13 85 83]	[10 10 73 85]
[13 13 83 82]	[10 10 85 83]
[13 13 82 80]	[10 10 83 82]
[13 13 80 80]	[10 10 82 80]
[13 13 80 78]	[10 10 80 78]
[13 13 78 80]	[10 10 78 82]
[13 13 80 85]	[10 10 82 80]
[13 13 85 85]	[10 10 80 80]
[13 13 85 83]	[10 10 80 85]
[13 13 83 82]	[10 10 85 83]
[13 13 82 80]	[10 10 83 82]
[13 13 80 78]	[10 10 82 80]
[13 13 78 80]	[10 10 80 78]
[13 13 80 78]	[10 10 78 76]
[13 13 78 76]	[10 10 76 78]
[13 13 76 75]	[10 10 78 76]
[13 13 75 73]	[10 10 76 75]
[13 13 73 73]	[10  8 75 73]
[13 13 73 75]	[ 8  8 73 75]
[13 13 75 76]	[ 8  8 75 75]
[13 13 76 75]	[ 8  8 75 76]
[13 13 75 73]	[ 8  8 76 75]
[13 13 73 73]	[ 8  8 75 73]
[13 13 73 73]	[ 8 13 73 71]
[13 13 73 75]	[13 13 71 73]
[13 13 75 76]	[13 12 73  0]
[13 13 76 78]	[12 12  0 76]
[13 13 78 80]	[12 12 76 80]
[13 13 80 80]	[12 12 80 80]
[13 13 80 78]	[12 12 80 78]
[13 13 78 80]	[12 12 78 78]
[13 13 80 85]	[12 12 78 76]
[13 13 85 83]	[12 12 76 76]
[13 13 83 80]	[12 12 76 80]
[13 13 80 80]	[12 12 80 80]
[13 13 80 78]	[12 12 80 78]
[13 13 78 80]	[12 12 78 78]
[13 13 80 80]	[12 12 78 76]
[13 13 80 78]	[12 12 76 80]
[13 13 78 80]	[12 12 80 79]
[13 13 80 82]	[12 12 79 80]
[13 13 82 83]	[12 12 80 82]
[13 13 83 82]	[12 12 82 83]
[13 13 82 80]	[12 12 83 82]
[13 13 80 78]	[12 12 82 80]
[13 13 78 80]	[12 12 80 78]
[13 13 80 73]	[12 12 78 80]
[13 13 73 73]	[12 12 80 85]
[13 13 73 73]	[12 12 85 76]
[13 13 73 75]	[12 12 76 80]
[13 13 75 76]	[12 12 80 80]
[13 13 76 78]	[12 12 80 78]
[13 13 78 80]	[12 12 78 78]
[13 13 80 82]	[12 18 78 76]
[13 13 82 83]	[18 18 76 78]
[13 13 83 82]	[18  8 78 79]
[13 13 82 80]	[ 8  8 79 82]
[13 13 80 78]	[ 8  8 82 80]
[13 13 78 80]	[ 8  8 80 79]
[13 13 80 78]	[ 8  8 79 76]
[13 13 78 76]	[ 8  8 76 78]
[13 13 76 75]	[ 8  8 78 76]
[-1 -1 -1 -1]	[ 8  8 76 75]
[13 13 85 87]	[ 8 13 75 76]
[13 13 87 85]	[13 13 76 80]
[13 13 85 83]	[13 13 80 85]
[13 13 83 85]	[13 13 85 85]
[13 13 85 83]	[13 12 85 80]
[13 13 83 80]	[12 12 80 83]
[13 13 80 78]	[12 12 83 80]
[13 13 78 80]	[12 13 80 78]
[13 13 80 85]	[13 13 78 80]
[13 13 85 85]	[13 13 80 85]
[13 13 85 85]	[13 13 85 85]
[13 13 85 83]	[13 12 85 80]
[13 13 83 80]	[12 12 80 83]
[13 13 80 85]	[12 13 83 80]
[13 13 85 80]	[13 13 80 80]
[13 13 80 85]	[13 13 80 85]
[13 13 85 85]	[13 13 85 85]
[13 13 85 83]	[13 12 85 80]
[13 13 83 82]	[12 12 80 83]
[13 13 82 80]	[12 12 83 80]
[13 13 80 78]	[12 12 80 80]
[13 13 78 76]	[12 13 80 78]
[13 13 76 75]	[13 13 78 76]
[13 13 75 73]	[13 12 76 73]
[13 13 73 75]	[12 12 73 73]
[13 13 75 76]	[12 13 73 71]
[13 13 76 75]	[13 13 71 76]
[13 13 75 73]	[13 13 76 73]
[13 13 73 75]	[13  3 73 73]
[13 13 75 73]	[ 3 13 73 75]
[13 13 73 73]	[13 13 75 76]
[13 13 73 73]	[13 12 76 73]
[13 13 73 75]	[12 12 73 75]
[13 13 75 76]	[12 13 75 78]
[13 13 76 75]	[13 13 78 76]
[13 13 75 73]	[13 13 76 73]
[13 13 73 75]	[13 13 73 73]
[13 13 75 76]	[13 13 73 75]
[13 13 76 75]	[13 13 75 76]
[13 13 75 73]	[13 13 76 73]
[13 13 73 75]	[13 13 73 73]
[13 13 75 76]	[13 13 73 75]
[13 13 76 75]	[13 13 75 76]
[13 13 75 73]	[13 13 76 73]
[13 13 73 75]	[13 13 73 73]
[13 13 75 73]	[13 13 73 75]
[13 13 73 73]	[13 13 75 76]
[13 13 73 73]	[13 12 76 73]
[13 13 73 75]	[12 12 73 75]
[13 13 75 76]	[12 13 75 78]
[13 13 76 75]	[13 13 78 76]
[13 13 75 73]	[13 13 76 73]
[13 13 73 75]	[13 13 73 73]
[13 13 75 76]	[13 13 73 75]
[13 13 76 75]	[13 13 75 76]
[13 13 75 73]	[13 12 76 73]
[13 13 73 73]	[12 12 73 73]
[-1 -1 -1 -1]	[12 13 73 71]
[13 13 80 80]	[13 13 71 73]
[13 13 80 78]	[13 13 73 80]
[13 13 78 76]	[13 13 80 78]
[13 13 76 75]	[13 13 78 76]
[13 13 75 73]	[13 13 76 75]
[13 13 73 73]	[13 13 75 76]
[13 13 73 75]	[13 13 76 73]
[13 13 75 73]	[13 13 73 73]
[13 13 73 73]	[13 13 73 76]
[13 13 73 73]	[13 13 76 73]
[13 13 73 73]	[13 13 73 80]
[13 13 73 75]	[13 13 80 73]
[13 13 75 76]	[13 13 73 76]
[13 13 76 78]	[13 13 76 73]
[13 13 78 80]	[13 13 73 73]
[13 13 80 78]	[13 13 73 80]
[13 13 78 76]	[13 13 80 78]
[13 13 76 75]	[13 13 78 76]
[13 13 75 73]	[13 13 76 75]
[13 13 73 73]	[13 13 75 76]
[13 13 73 73]	[13 13 76 73]
[13 13 73 75]	[13 12 73 73]
[13 13 75 76]	[12 12 73 75]
[13 13 76 75]	[12 12 75 71]
[13 13 75 73]	[12 12 71 78]
[13 13 73 73]	[12 12 78 76]
[13 13 73 73]	[12 12 76 75]
[13 13 73 80]	[12 12 75 71]
[13 13 80 80]	[12 13 71 71]
[13 13 80 78]	[13 13 71 80]
[13 13 78 76]	[13 13 80 78]
[13 13 76 75]	[13 13 78 76]
[13 13 75 73]	[13 13 76 75]
[13 13 73 73]	[13 13 75 76]
[13 13 73 75]	[13 13 76 73]
[13 13 75 76]	[13 13 73 73]
[13 13 76 78]	[13 13 73 76]
[13 13 78 80]	[13 13 76 73]
[13 13 80 78]	[13 13 73 80]
[13 13 78 76]	[13 13 80 73]
[13 13 76 75]	[13 13 73 76]
[13 13 75 73]	[13 13 76 73]
[13 13 73 80]	[13  5 73 73]
[13 13 80 73]	[ 5  5 73 80]
[13 13 73 73]	[ 5  5 80 78]
[13 13 73 75]	[ 5  5 78 76]
[13 13 75 76]	[ 5  5 76 75]
[13 13 76 78]	[ 5  5 75 76]
[13 13 78 80]	[ 5  5 76 78]
[13 13 80 82]	[ 5  5 78 80]
[13 13 82 83]	[ 5 12 80 82]
[13 13 83 80]	[12 12 82 83]
[13 13 80 78]	[12 12 83 80]
[13 13 78 76]	[12 12 80 78]
[13 13 76 75]	[12 12 78 76]
[13 13 75 73]	[12 12 76 75]
[13 13 73 85]	[12 12 75 71]
[13 13 85 85]	[12 12 71 71]
[13 13 85 83]	[12 12 71 83]
[13 13 83 85]	[12 12 83 83]
[13 13 85 87]	[12 12 83 85]
[13 13 87 85]	[12 12 85 87]
[13 13 85 85]	[12  6 87 88]
[13 13 85 83]	[ 6  6 88 87]
[13 13 83 80]	[ 6  6 87 83]
[13 13 80 85]	[ 6  6 83 85]
[13 13 85 85]	[ 6 12 85 82]
[13 13 85 83]	[12 12 82 83]
[13 13 83 85]	[12 12 83 83]
[13 13 85 87]	[12 12 83 85]
[13 13 87 85]	[12 12 85 87]
[13 13 85 83]	[12 20 87 88]
[13 13 83 80]	[20 20 88 87]
[13 13 80 85]	[20 20 87 80]
[13 13 85 85]	[20 12 80 80]
[13 13 85 83]	[12 12 80 83]
[13 13 83 85]	[12 12 83 83]
[13 13 85 87]	[12 12 83 85]
[13 13 87 85]	[12 12 85 87]
[13 13 85 85]	[12  6 87 88]
[13 13 85 80]	[ 6  6 88 87]
[13 13 80 85]	[ 6  6 87 83]
[13 13 85 85]	[ 6  6 83 85]
[13 13 85 83]	[ 6  6 85 82]
[13 13 83 80]	[ 6  6 82 83]
[13 13 80 78]	[ 6  6 83 80]
[13 13 78 76]	[ 6  6 80 78]
[13 13 76 75]	[ 6 12 78 76]
[13 13 75 73]	[12 12 76 75]
[13 13 73 85]	[12 12 75 71]
[13 13 85 85]	[12 12 71 71]
[13 13 85 83]	[12 12 71 83]
[13 13 83 85]	[12 12 83 83]
[13 13 85 87]	[12 12 83 85]
[13 13 87 85]	[12 12 85 87]
[13 13 85 85]	[12  5 87 88]
[13 13 85 83]	[ 5  5 88 87]
[13 13 83 80]	[ 5  5 87 83]
[13 13 80 85]	[ 5  5 83 85]
[13 13 85 85]	[ 5 12 85 82]
[13 13 85 85]	[12 12 82 83]
[13 13 85 85]	[12 12 83 87]
[13 13 85 87]	[12 12 87 90]
[13 13 87 88]	[12  6 90 87]
[13 13 88 85]	[ 6  6 87 88]
[13 13 85 85]	[ 6  6 88 87]
[13 13 85 85]	[ 6 12 87 88]
[13 13 85 87]	[12 12 88 90]
[13 13 87 88]	[12 12 90 87]
[13 13 88 87]	[12 12 87 88]
[13 13 87 85]	[12 12 88 87]
[13 13 85 85]	[12  5 87 85]
[13 13 85 83]	[ 5  5 85 87]
[13 13 83 80]	[ 5  5 87 83]
[13 12 80 82]	[ 5  5 83 85]
[12 12 82 83]	[ 5  6 85 82]
[12 12 83 80]	[ 6  6 82 83]
[12 12 80 78]	[ 6  6 83 80]
[12 12 78 76]	[ 6  6 80 78]
[12 12 76 75]	[ 6 12 78 76]
[12 12 75 73]	[12 12 76 75]
[12 12 73 71]	[12 12 75 71]
[12 12 71 75]	[12 12 71 71]
[12 12 75 78]	[12 12 71 75]
[12 12 78 80]	[12 12 75 78]
[12 12 80 78]	[12 12 78 83]
[12 12 78 80]	[12 12 83 78]
[12 12 80 83]	[12 12 78 75]
[12 12 83 80]	[12 12 75 78]
[12 12 80 78]	[12 12 78 83]
[12 12 78 80]	[12 12 83 78]
[12 12 80 83]	[12 12 78 75]
[12 12 83 80]	[12 12 75 78]
[12 12 80 78]	[12 12 78 83]
[12 13 78 75]	[12  6 83 78]
[13 13 75 73]	[ 6  6 78 75]
[13 13 73 73]	[ 6  6 75 73]
[13 13 73 80]	[ 6 12 73 73]
[13 13 80 82]	[12 12 73 75]
[13 13 82 80]	[12 12 75 78]
[13 13 80 78]	[12 12 78 83]
[13 13 78 76]	[12  5 83 78]
[13 13 76 78]	[ 5  5 78 80]
[13 13 78 80]	[ 5  5 80 78]
[13 12 80 82]	[ 5  5 78 80]
[12 12 82 83]	[ 5  6 80 82]
[12 12 83 80]	[ 6  6 82 83]
[12 12 80 78]	[ 6  6 83 80]
[12 12 78 76]	[ 6  6 80 78]
[12 12 76 75]	[ 6 12 78 76]
[12 12 75 73]	[12 12 76 75]
[12 12 73 71]	[12 12 75 71]
[12 12 71 75]	[12 12 71 71]
[12 12 75 78]	[12 12 71 75]
[12 12 78 80]	[12 12 75 78]
[12 12 80 78]	[12 12 78 83]
[12 12 78 80]	[12 12 83 78]
[12 12 80 83]	[12 12 78 75]
[12 12 83 80]	[12 12 75 78]
[12 12 80 78]	[12 12 78 83]
[12 12 78 80]	[12 12 83 78]
[12 12 80 82]	[12 12 78 75]
[13 13 80 85]	[12 12 75 78]
[13 13 85 85]	[12 12 78 83]
[13 13 85 80]	[12  6 83 85]
[13 13 80 85]	[ 6  6 85 87]
[13 13 85 85]	[ 6  6 87 85]
[13 13 85 85]	[ 6  5 85 85]
[13 13 85 83]	[ 5  5 85 87]
[13 13 83 80]	[ 5  5 87 83]
[13 12 80 82]	[ 5  5 83 85]
[12 12 82 83]	[ 5  5 85 82]
[12 12 83 80]	[ 5  5 82 83]
[12 12 80 78]	[ 5  5 83 80]
[12 12 78 80]	[ 5  5 80 78]
[12 12 80 83]	[ 5  6 78 75]
[12 12 83 80]	[ 6  6 75 76]
[12 12 80 78]	[ 6  6 76 80]
[12 12 78 76]	[ 6  6 80 78]
[12 12 76 75]	[ 6 12 78 76]
[-1 -1 -1 -1]	[12 12 76 75]
[13 13 76 78]	[12 -1 75 71]
[13 13 78 80]	[-1 13 71 78]
[13 13 80 85]	[13 13 78 80]
[13 13 85 85]	[13 13 80 85]
[13 13 85 87]	[13 12 85 85]
[13 13 87 85]	[12 12 85 83]
[13 13 85 83]	[12 12 83 85]
[13 13 83 82]	[12 12 85 83]
[13 13 82 80]	[12 12 83 82]
[13 13 80 78]	[12 12 82 80]
[13 13 78 80]	[12 13 80 78]
[13 13 80 85]	[13 13 78 80]
[13 13 85 85]	[13 13 80 85]
[13 13 85 87]	[13 13 85 85]
[13 13 87 85]	[13 13 85 87]
[13 13 85 85]	[13 20 87 85]
[13 13 85 83]	[20 20 85 83]
[13 13 83 82]	[20 20 83 83]
[13 13 82 80]	[20 20 83 80]
[13 13 80 78]	[20 20 80 80]
[13 13 78 80]	[20 13 80 78]
[13 13 80 85]	[13 13 78 80]
[13 13 85 85]	[13 13 80 85]
[13 13 85 85]	[13 12 85 85]
[13 13 85 87]	[12 12 85 83]
[13 13 87 85]	[12 12 83 83]
[13 13 85 83]	[12 12 83 85]
[13 13 83 80]	[12 12 85 83]
[13 13 80 78]	[12 12 83 82]
[13 13 78 80]	[12 12 82 80]
[13 13 80 85]	[12 12 80 80]
[13 13 85 85]	[12 12 80 82]
[13 13 85 83]	[12 12 82 83]
[13 13 83 82]	[12 12 83 83]
[13 13 82 80]	[12 12 83 82]
[13 13 80 73]	[12 12 82 80]
[13 13 73 73]	[12 20 80 78]
[13 13 73 73]	[20 20 78 76]
[13 13 73 75]	[20 20 76 73]
[13 13 75 76]	[20 20 73 75]
[13 13 76 75]	[20 13 75 76]
[13 13 75 73]	[13 13 76 73]
[13 13 73 73]	[13 13 73 73]
[13 13 73 75]	[13 13 73 75]
[13 13 75 73]	[13 13 75 76]
[13 13 73 73]	[13 12 76 76]
[13 13 73 75]	[12 12 76 75]
[13 13 75 76]	[12 13 75 75]
[13 13 76 75]	[13 13 75 73]
[13 13 75 73]	[13 13 73 75]
[13 13 73 71]	[13 13 75 73]
[13 13 71 73]	[13 13 73 71]
[13 13 73 73]	[13 13 71 68]
[13 13 73 73]	[13 13 68 73]
[13 13 73 75]	[13 13 73 75]
[13 13 75 76]	[13 13 75 76]
[13 13 76 75]	[13 12 76 76]
[13 13 75 73]	[12 12 76 75]
[13 13 73 73]	[12 12 75 73]
[13 13 73 73]	[12 13 73 71]
[13 13 73 73]	[13 13 71 73]
[13 13 73 73]	[13 13 73 73]
[13 13 73 75]	[13 13 73 75]
[13 13 75 73]	[13 13 75 76]
[13 13 73 73]	[13 12 76 76]
[13 13 73 73]	[12 12 76 75]
[13 13 73 73]	[12 13 75 75]
[13 13 73 73]	[13 13 75 73]
[13 13 73 73]	[13 13 73 73]
[13 13 73 75]	[13 13 73 75]
[13 13 75 76]	[13 13 75 73]
[13 13 76 78]	[13 13 73 71]
[13 13 78 80]	[13 13 71 68]
[13 13 80 85]	[13 13 68 80]
[13 13 85 85]	[13 12 80 82]
[13 13 85 83]	[12 12 82 83]
[13 13 83 82]	[12 12 83 83]
[13 13 82 80]	[12 12 83 82]
[13 13 80 73]	[12 12 82 80]
[13 13 73 73]	[12 20 80 78]
[13 13 73 73]	[20 20 78 76]
[13 13 73 75]	[20 20 76 73]
[13 13 75 76]	[20 20 73 75]
[13 13 76 75]	[20 13 75 76]
[13 13 75 73]	[13 13 76 73]
[13 13 73 73]	[13 13 73 73]
[13 13 73 75]	[13 13 73 75]
[13 13 75 73]	[13 13 75 76]
[13 13 73 73]	[13 12 76 76]
[13 13 73 73]	[12 12 76 75]
[13 13 73 75]	[12 13 75 75]
[13 13 75 76]	[13 13 75 73]
[13 13 76 75]	[13 13 73 73]
[13 13 75 73]	[13 13 73 75]
[13 13 73 71]	[13 13 75 73]
[13 13 71 73]	[13 13 73 71]
[13 13 73 73]	[13 13 71 68]
[13 13 73 73]	[13 13 68 73]
[13 13 73 75]	[13 13 73 75]
[13 13 75 73]	[13 13 75 76]
[13 13 73 73]	[13 13 76 76]
[13 13 73 75]	[13 13 76 75]
[13 13 75 76]	[13 13 75 73]
[13 13 76 75]	[13 12 73 76]
[13 13 75 73]	[12 12 76 75]
[13 13 73 73]	[12 12 75 73]
[13 13 73 73]	[12  1 73 71]
[13 13 73 73]	[ 1  1 71 77]
[13 13 73 73]	[ 1  1 77 73]
[13 13 73 75]	[ 1 13 73 75]
[13 13 75 73]	[13 13 75 76]
[13 13 73 73]	[13 12 76 76]
[13 13 73 73]	[12 12 76 75]
[13 13 73 73]	[12 13 75 75]
[13 13 73 73]	[13 13 75 73]
[13 13 73 73]	[13 13 73 73]
[13 13 73 75]	[13 13 73 75]
[13 13 75 76]	[13 13 75 73]
[13 13 76 78]	[13 13 73 71]
[13 13 78 80]	[13 13 71 68]
[13 13 80 85]	[13 13 68 80]
[13 13 85 85]	[13 12 80 82]
[13 13 85 83]	[12 12 82 83]
[13 13 83 82]	[12 12 83 83]
[13 13 82 80]	[12 12 83 82]
[13 13 80 78]	[12 12 82 80]
[13 13 78 80]	[12 20 80 78]
[13 13 80 78]	[20 20 78 76]
[13 13 78 76]	[20 20 76 73]
[13 13 76 75]	[20 20 73 75]
[13 13 75 76]	[20 13 75 76]
[13 13 76 78]	[13 13 76 73]
[13 13 78 80]	[13 13 73 78]
[13 13 80 85]	[13 13 78 80]
[13 13 85 87]	[13 13 80 83]
[13 13 87 85]	[13 13 83 85]
[13 13 85 83]	[13 13 85 85]
[13 13 83 85]	[13 13 85 83]
[13 13 85 87]	[13 13 83 85]
[13 13 87 85]	[13 13 85 87]
[13 13 85 85]	[13 13 87 85]
[13 13 85 83]	[13 13 85 83]
[13 13 83 80]	[13 13 83 82]
[13 13 80 85]	[13 13 82 80]
[13 13 85 85]	[13 13 80 85]
[13 13 85 87]	[13 13 85 85]
[13 13 87 88]	[13 13 85 87]
[13 13 88 85]	[13 13 87 85]
[13 13 85 88]	[13 13 85 87]
[13 13 88 85]	[13 13 87 87]
[13 13 85 85]	[13 13 87 92]
[13 13 85 87]	[13 13 92 92]
[13 13 87 85]	[13 13 92 90]
[13 13 85 83]	[13 13 90 88]
[13 13 83 80]	[13 13 88 85]
[13 13 80 85]	[13 13 85 85]
[13 13 85 85]	[13 13 85 83]
[13 13 85 87]	[13 13 83 85]
[13 13 87 85]	[13 13 85 87]
[13 13 85 85]	[13 13 87 85]
[13 13 85 87]	[13 13 85 83]
[13 13 87 88]	[13 13 83 83]
[13 13 88 87]	[13 13 83 85]
[13 13 87 85]	[13 13 85 87]
[13 13 85 83]	[13 13 87 85]
[13 13 83 82]	[13 13 85 83]
[13 13 82 80]	[13 13 83 82]
[13 13 80 78]	[13 13 82 80]
[13 13 78 76]	[13 13 80 78]
[13 13 76 75]	[13 13 78 76]
[13 13 75 73]	[13 13 76 75]
[13 13 73 73]	[13 13 75 73]
[13 13 73 73]	[13 13 73 73]
[13 13 73 75]	[13 13 73 75]
[13 13 75 73]	[13 13 75 76]
[13 13 73 73]	[13 12 76 76]
[13 13 73 75]	[12 12 76 75]
[13 13 75 76]	[12 13 75 75]
[13 13 76 75]	[13 13 75 73]
[13 13 75 73]	[13 13 73 75]
[13 13 73 71]	[13 13 75 73]
[13 13 71 73]	[13 13 73 71]
[13 13 73 73]	[13 13 71 68]
[13 13 73 73]	[13 13 68 73]
[13 13 73 75]	[13 13 73 75]
[13 13 75 76]	[13 13 75 76]
[13 13 76 75]	[13 12 76 76]
[13 13 75 73]	[12 12 76 75]
[13 13 73 73]	[12 12 75 73]
[13 13 73 73]	[12 13 73 71]
[13 13 73 73]	[13 13 71 73]
[13 13 73 73]	[13 13 73 73]
[13 13 73 75]	[13 13 73 75]
[13 13 75 73]	[13 13 75 76]
[13 13 73 73]	[13 12 76 76]
[13 13 73 73]	[12 12 76 75]
[13 13 73 73]	[12 13 75 75]
[13 13 73 73]	[13 13 75 73]
[13 13 73 73]	[13 13 73 73]
[13 13 73 75]	[13 13 73 75]
[13 13 75 76]	[13 13 75 73]
[13 13 76 78]	[13 13 73 71]
[13 13 78 80]	[13 13 71 68]
[13 13 80 85]	[13 13 68 80]
[13 13 85 85]	[13 12 80 82]
[13 13 85 83]	[12 12 82 83]
[13 13 83 82]	[12 12 83 83]
[13 13 82 80]	[12 12 83 82]
[13 13 80 78]	[12 12 82 80]
[13 13 78 76]	[12 20 80 78]
[13 13 76 73]	[20 20 78 76]
[13 13 73 73]	[20 20 76 73]
[13 13 73 75]	[20 20 73 75]
[13 13 75 73]	[20 13 75 76]
[13 13 73 73]	[13 13 76 76]
[13 13 73 73]	[13 13 76 73]
[13 13 73 73]	[13 13 73 75]
[13 13 73 73]	[13 13 75 75]
[13 13 73 73]	[13 12 75 75]
[13 13 73 73]	[12 12 75 75]
[13 13 73 75]	[12 13 75 75]
[13 13 75 76]	[13 13 75 73]
[13 13 76 75]	[13 13 73 73]
[13 13 75 73]	[13 13 73 75]
[13 13 73 71]	[13 13 75 73]
[13 13 71 73]	[13 13 73 71]
[13 13 73 73]	[13 13 71 68]
[13 13 73 73]	[13 13 68 73]
[13 13 73 75]	[13 13 73 75]
[13 13 75 73]	[13 13 75 76]
[13 13 73 73]	[13 13 76 76]
[13 13 73 75]	[13 13 76 75]
[13 13 75 76]	[13 13 75 73]
[13 13 76 75]	[13 12 73 76]
[13 13 75 73]	[12 12 76 75]
[13 13 73 73]	[12 12 75 73]
[13 13 73 73]	[12  1 73 71]
[13 13 73 73]	[ 1  1 71 71]
[13 13 73 73]	[ 1  1 71 73]
[13 13 73 73]	[ 1 13 73 75]
[13 13 73 73]	[13 13 75 75]
[13 13 73 73]	[13 12 75 75]
[13 13 73 73]	[12 12 75 75]
[13 13 73 73]	[12 13 75 75]
[13 13 73 73]	[13 13 75 73]
[13 13 73 73]	[13 13 73 73]
[13 13 73 75]	[13 13 73 75]
[13 13 75 76]	[13 13 75 73]
[13 13 76 78]	[13 13 73 71]
[13 13 78 80]	[13 13 71 68]
[13 13 80 85]	[13 13 68 80]
[13 13 85 85]	[13 12 80 82]
[13 13 85 83]	[12 12 82 83]
[13 13 83 82]	[12 12 83 83]
[13 13 82 80]	[12 12 83 82]
[13 13 80 73]	[12 12 82 80]
[13 13 73 73]	[12 20 80 78]
[13 13 73 73]	[20 20 78 76]
[13 13 73 75]	[20 20 76 73]
[13 13 75 76]	[20 20 73 75]
[-1 -1 -1 -1]	[20 13 75 76]
[13 13 76 75]	[13 -1 76 73]
[13 13 75 73]	[-1 13 73 80]
[13 13 73 73]	[13 13 80 73]
[13 13 73 75]	[13 13 73 73]
[13 13 75 76]	[13 13 73 73]
[13 13 76 78]	[13 13 73 80]
[13 13 78 80]	[13 13 80 78]
[13 12 80 82]	[13 13 78 80]
[12 12 82 83]	[13 13 80 82]
[12 12 83 80]	[13 13 82 83]
[12 12 80 78]	[13 13 83 80]
[12 12 78 75]	[13 12 80 78]
[12 12 75 73]	[12 12 78 75]
[12 12 73 75]	[12 12 75 71]
[12 12 75 71]	[12 12 71 71]
[12 12 71 73]	[12 12 71 71]
[12 12 73 75]	[12 12 71 71]
[12 13 75 71]	[12 12 71 75]
[13 13 71 73]	[12 12 75 78]
[13 13 73 73]	[12  8 78 71]
[13 13 73 73]	[ 8  8 71 75]
[13 13 73 73]	[ 8  8 75 80]
[13 13 73 75]	[ 8 13 80 80]
[13 13 75 76]	[13 13 80 73]
[13 13 76 78]	[13 13 73 73]
[13 13 78 80]	[13 13 73 73]
[13 13 80 78]	[13 13 73 80]
[13 13 78 80]	[13 13 80 78]
[13 12 80 82]	[13 13 78 80]
[12 12 82 83]	[13 13 80 82]
[12 12 83 80]	[13 13 82 83]
[12 12 80 83]	[13 13 83 80]
[12 12 83 80]	[13 20 80 78]
[12 12 80 78]	[20 20 78 80]
[12 12 78 75]	[20 12 80 78]
[12 12 75 71]	[12 12 78 83]
[12 13 71 75]	[12 13 83 71]
[13 13 75 73]	[13 13 71 75]
[13 13 73 73]	[13 13 75 73]
[13 13 73 73]	[13 13 73 73]
[13 13 73 73]	[13 13 73 73]
[13 13 73 80]	[13 13 73 80]
[13 13 80 85]	[13 13 80 85]
[13 13 85 85]	[13 13 85 73]
[13 13 85 85]	[13 13 73 85]
[13 13 85 83]	[13 13 85 83]
[13 13 83 80]	[13 13 83 80]
[13 12 80 82]	[13 13 80 80]
[12 12 82 83]	[13 13 80 78]
[12 12 83 80]	[13 13 78 83]
[12 12 80 78]	[13 13 83 80]
[12 12 78 75]	[13 12 80 78]
[12 12 75 73]	[12 12 78 75]
[12 12 73 75]	[12 12 75 71]
[12 12 75 71]	[12 12 71 71]
[12 12 71 73]	[12 12 71 71]
[12 12 73 75]	[12 12 71 71]
[12 12 75 73]	[12 12 71 75]
[12 12 73 75]	[12 12 75 78]
[12 13 75 78]	[12 12 78 71]
[13 13 78 80]	[12 12 71 75]
[13 13 80 85]	[12 12 75 80]
[13 13 85 85]	[12 13 80 80]
[13 13 85 87]	[13 13 80 85]
[13 13 87 85]	[13 13 85 73]
[13 13 85 85]	[13 13 73 85]
[13 13 85 83]	[13 13 85 83]
[13 13 83 80]	[13 13 83 80]
[13 12 80 82]	[13 13 80 80]
[12 12 82 83]	[13 13 80 78]
[12 12 83 80]	[13 13 78 83]
[12 12 80 83]	[13 13 83 80]
[12 12 83 80]	[13 20 80 78]
[12 12 80 78]	[20 20 78 80]
[12 12 78 75]	[20 12 80 78]
[12 12 75 71]	[12 12 78 83]
[12 13 71 75]	[12 13 83 71]
[13 13 75 73]	[13 13 71 75]
[13 13 73 73]	[13 13 75 73]
[13 13 73 73]	[13 13 73 73]
[13 13 73 73]	[13 13 73 73]
[13 13 73 80]	[13 13 73 80]
[13 13 80 85]	[13 13 80 85]
[13 13 85 85]	[13 13 85 73]
[13 13 85 85]	[13 13 73 85]
[13 13 85 83]	[13 13 85 83]
[13 13 83 80]	[13 13 83 80]
[13 12 80 82]	[13 13 80 80]
[12 12 82 83]	[13 13 80 78]
[12 12 83 80]	[13 13 78 83]
[12 12 80 78]	[13 13 83 80]
[12 12 78 75]	[13 12 80 78]
[12 12 75 73]	[12 12 78 75]
[12 12 73 75]	[12 12 75 71]
[12 12 75 71]	[12 12 71 71]
[12 12 71 73]	[12 12 71 71]
[12 12 73 75]	[12 12 71 71]
[12 13 75 71]	[12 12 71 75]
[13 13 71 73]	[12 12 75 78]
[13 13 73 73]	[12 12 78 71]
[13 13 73 73]	[12 12 71 75]
[13 13 73 73]	[12 12 75 80]
[13 13 73 75]	[12 13 80 80]
[13 13 75 76]	[13 13 80 73]
[13 13 76 78]	[13 13 73 73]
[13 13 78 80]	[13 13 73 73]
[13 13 80 78]	[13 13 73 80]
[13 13 78 80]	[13 13 80 78]
[13 12 80 82]	[13 13 78 80]
[12 12 82 83]	[13 13 80 82]
[12 12 83 80]	[13 13 82 83]
[12 12 80 83]	[13 13 83 80]
[12 12 83 80]	[13 20 80 78]
[12 12 80 78]	[20 20 78 80]
[12 12 78 75]	[20 12 80 78]
[12 12 75 71]	[12 12 78 83]
[12 13 71 75]	[12 13 83 71]
[13 13 75 73]	[13 13 71 75]
[13 13 73 73]	[13 13 75 73]
[13 13 73 73]	[13 13 73 73]
[13 13 73 73]	[13 13 73 73]
[13 13 73 73]	[13 13 73 80]
[13 13 73 73]	[13 13 80 73]
[13 13 73 73]	[13 13 73 73]
[13 13 73 73]	[13 13 73 73]
[13 13 73 73]	[13 13 73 80]
[13 13 73 73]	[13 13 80 73]
[13 13 73 80]	[13 13 73 80]
[13 13 80 73]	[13 13 80 73]
[13 13 73 73]	[13 13 73 85]
[13 13 73 75]	[13 13 85 73]
[13 13 75 76]	[13 13 73 80]
[13 13 76 73]	[13 13 80 73]
[13 13 73 73]	[13 12 73 78]
[13 13 73 73]	[12 12 78 75]
[13 13 73 73]	[12 12 75 71]
[13 13 73 73]	[12 12 71 71]
[13 13 73 73]	[12 12 71 71]
[13 13 73 75]	[12 12 71 71]
[13 13 75 73]	[12 12 71 75]
[13 13 73 73]	[12 12 75 78]
[13 13 73 73]	[12 12 78 71]
[13 13 73 73]	[12 12 71 75]
[13 13 73 73]	[12 12 75 80]
[13 13 73 73]	[12 13 80 80]
[13 13 73 73]	[13 13 80 73]
[13 13 73 73]	[13 13 73 73]
[13 13 73 73]	[13 13 73 73]
[13 13 73 73]	[13 13 73 80]
[13 13 73 73]	[13 13 80 73]
[13 13 73 73]	[13 13 73 80]
[13 13 73 73]	[13 13 80 73]
[13 13 73 73]	[13 13 73 83]
[13 13 73 75]	[13 13 83 73]
[13 13 75 76]	[13 13 73 80]
[13 13 76 78]	[13 13 80 73]
[13 13 78 80]	[13 20 73 78]
[13 13 80 73]	[20 20 78 80]
[13 13 73 73]	[20 12 80 78]
[13 13 73 73]	[12 12 78 83]
[13 13 73 73]	[12 13 83 71]
[13 13 73 75]	[13 13 71 75]
[13 13 75 76]	[13 13 75 73]
[13 13 76 78]	[13 13 73 73]
[13 13 78 80]	[13 13 73 73]
[13 13 80 73]	[13 13 73 80]
[13 13 73 80]	[13 13 80 85]
[13 13 80 85]	[13 13 85 73]
[13 13 85 85]	[13  5 73 73]
[13 13 85 85]	[ 5  5 73 80]
[13 13 85 83]	[ 5  5 80 83]
[13 13 83 80]	[ 5  6 83 83]
[13 13 80 80]	[ 6  6 83 82]
[13 13 80 78]	[ 6  6 82 78]
[13 13 78 80]	[ 6 20 78 78]
[13 13 80 73]	[20 20 78 80]
[13 13 73 75]	[20 13 80 82]
[13 13 75 76]	[13 13 82 83]
[13 13 76 78]	[13 13 83 73]
[13 13 78 80]	[13 13 73 73]
[13 13 80 73]	[13 13 73 80]
[13 13 73 73]	[13 13 80 83]
[13 13 73 73]	[13 13 83 83]
[13 13 73 73]	[13 13 83 80]
[13 13 73 73]	[13 12 80 73]
[13 13 73 73]	[12 12 73 75]
[13 13 73 73]	[12 12 75 71]
[13 13 73 75]	[12 13 71 71]
[13 13 75 76]	[13 13 71 85]
[13 13 76 78]	[13 13 85 73]
[13 13 78 80]	[13  5 73 73]
[13 13 80 82]	[ 5  5 73 80]
[13 13 82 83]	[ 5  5 80 83]
[13 13 83 80]	[ 5  6 83 83]
[13 13 80 80]	[ 6  6 83 82]
[13 13 80 78]	[ 6  6 82 78]
[13 13 78 76]	[ 6 20 78 78]
[13 13 76 78]	[20 20 78 80]
[13 13 78 80]	[20 20 80 78]
[13 13 80 73]	[20 20 78 80]
[13 13 73 73]	[20 12 80 78]
[13 13 73 73]	[12 12 78 83]
[13 13 73 73]	[12 13 83 71]
[13 13 73 75]	[13 13 71 75]
[13 13 75 76]	[13 13 75 73]
[13 13 76 78]	[13 13 73 73]
[13 13 78 80]	[13 13 73 73]
[13 13 80 73]	[13 13 73 80]
[13 13 73 80]	[13 13 80 85]
[13 13 80 85]	[13 13 85 73]
[13 13 85 85]	[13  5 73 73]
[13 13 85 85]	[ 5  5 73 80]
[13 13 85 83]	[ 5  5 80 83]
[13 13 83 80]	[ 5  6 83 83]
[13 13 80 80]	[ 6  6 83 82]
[13 13 80 78]	[ 6  6 82 78]
[13 13 78 80]	[ 6 20 78 78]
[13 13 80 73]	[20 20 78 80]
[13 13 73 75]	[20 13 80 82]
[13 13 75 76]	[13 13 82 83]
[13 13 76 78]	[13 13 83 73]
[13 13 78 80]	[13 13 73 73]
[13 13 80 73]	[13 13 73 80]
[13 13 73 73]	[13 13 80 83]
[13 13 73 73]	[13 13 83 83]
[13 13 73 73]	[13 13 83 80]
[13 13 73 73]	[13 12 80 73]
[13 13 73 73]	[12 12 73 75]
[13 13 73 73]	[12 12 75 71]
[13 13 73 73]	[12 13 71 71]
[13 13 73 73]	[13 13 71 73]
[13 13 73 73]	[13 13 73 73]
[13 13 73 73]	[13 13 73 73]
[13 13 73 73]	[13 13 73 80]
[13 13 73 73]	[13 13 80 73]
[13 13 73 73]	[13 13 73 80]
[13 13 73 73]	[13 13 80 73]
[13 13 73 73]	[13 13 73 83]
[13 13 73 75]	[13 13 83 73]
[13 13 75 76]	[13 13 73 80]
[13 13 76 78]	[13 13 80 73]
[13 13 78 80]	[13 20 73 78]
[13 13 80 73]	[20 20 78 80]
[13 13 73 73]	[20 12 80 78]
[13 13 73 73]	[12 12 78 83]
[13 13 73 73]	[12 13 83 71]
[13 13 73 73]	[13 13 71 75]
[-1 -1 -1 -1]	[13 13 75 73]
[13 13 76 78]	[13 -1 73 73]
[13 13 78 80]	[-1 13 73 78]
[13 13 80 73]	[13 13 78 80]
[13 13 73 73]	[13 13 80 73]
[13 13 73 75]	[13 13 73 80]
[13 13 75 76]	[13 12 80 80]
[13 13 76 73]	[12 12 80 78]
[13 13 73 73]	[12 12 78 78]
[13 13 73 73]	[12 12 78 75]
[13 13 73 73]	[12 12 75 71]
[13 13 73 73]	[12 12 71 73]
[13 13 73 80]	[12 12 73 75]
[13 13 80 73]	[12 12 75 75]
[13 13 73 73]	[12 12 75 78]
[13 13 73 73]	[12 12 78 80]
[13 13 73 73]	[12 12 80 75]
[13 13 73 73]	[12 12 75 75]
[13 13 73 73]	[12 12 75 73]
[13 13 73 75]	[12 13 73 71]
[13 13 75 76]	[13 13 71 73]
[13 13 76 78]	[13 13 73 73]
[13 13 78 80]	[13 13 73 80]
[13 13 80 85]	[13 13 80 80]
[13 13 85 85]	[13 13 80 85]
[13 13 85 80]	[13 13 85 85]
[13 13 80 85]	[13 13 85 87]
[13 13 85 85]	[13 13 87 85]
[13 13 85 83]	[13 13 85 85]
[13 13 83 80]	[13 13 85 83]
[13 13 80 85]	[13 13 83 80]
[13 13 85 87]	[13  5 80 82]
[13 13 87 85]	[ 5  5 82 83]
[13 13 85 85]	[ 5  5 83 85]
[13 13 85 83]	[ 5  5 85 83]
[13 13 83 82]	[ 5  5 83 83]
[13 13 82 80]	[ 5  5 83 82]
[13 13 80 80]	[ 5 12 82 80]
[13 13 80 80]	[12 12 80 78]
[13 13 80 78]	[12 12 78 78]
[13 13 78 80]	[12 13 78 78]
[13 13 80 85]	[13 13 78 80]
[13 13 85 85]	[13 13 80 85]
[13 13 85 80]	[13 13 85 85]
[13 13 80 85]	[13 13 85 87]
[13 13 85 85]	[13 13 87 85]
[13 13 85 83]	[13 13 85 85]
[13 13 83 80]	[13 13 85 83]
[13 13 80 85]	[13 13 83 80]
[13 13 85 87]	[13  5 80 82]
[13 13 87 85]	[ 5  5 82 83]
[13 13 85 85]	[ 5  5 83 85]
[13 13 85 85]	[ 5  5 85 83]
[13 13 85 83]	[ 5  5 83 83]
[13 13 83 80]	[ 5  5 83 82]
[13 13 80 85]	[ 5 12 82 80]
[13 13 85 85]	[12 12 80 78]
[13 13 85 85]	[12 12 78 83]
[13 13 85 83]	[12 12 83 83]
[13 13 83 80]	[12 13 83 82]
[13 13 80 85]	[13 13 82 80]
[13 13 85 83]	[13 13 80 73]
[13 12 83 80]	[13 13 73 80]
[12 12 80 78]	[13 12 80 80]
[12 12 78 75]	[12 12 80 78]
[12 13 75 71]	[12 12 78 75]
[13 13 71 73]	[12 12 75 71]
[13 13 73 73]	[12 12 71 73]
[13 13 73 80]	[12 12 73 75]
[13 13 80 73]	[12 12 75 75]
[13 13 73 73]	[12 12 75 78]
[13 13 73 73]	[12 12 78 80]
[13 13 73 73]	[12 12 80 75]
[13 13 73 73]	[12 12 75 75]
[13 13 73 73]	[12 12 75 73]
[-1 -1 -1 -1]	[12 13 73 71]
[13 13 76 75]	[13 13 71 73]
[13 13 75 73]	[13 13 73 73]
[13 13 73 73]	[13 13 73 73]
[13 13 73 73]	[13 13 73 80]
[13 13 73 75]	[13 12 80 80]
[13 13 75 76]	[12 12 80 75]
[13 13 76 75]	[12 12 75 76]
[13 13 75 73]	[12 13 76 75]
[13 13 73 85]	[13  5 75 73]
[13 13 85 85]	[ 5  5 73  0]
[13 13 85 87]	[ 5  5  0 80]
[13 13 87 85]	[ 5 13 80 83]
[13 13 85 83]	[13 13 83 85]
[13 13 83 80]	[13  6 85 83]
[13 13 80 80]	[ 6  6 83 80]
[13 13 80 80]	[ 6  6 80 82]
[13 13 80 78]	[ 6  8 82 78]
[13 13 78 80]	[ 8  8 78 80]
[13 13 80 85]	[ 8  8 80 80]
[13 13 85 85]	[ 8  8 80  0]
[13 13 85 87]	[ 8 13  0 85]
[13 13 87 85]	[13 13 85 85]
[13 13 85 83]	[13  5 85 85]
[13 13 83 82]	[ 5  5 85 83]
[13 13 82 80]	[ 5  5 83 80]
[13 13 80 78]	[ 5  5 80 80]
[13 13 78 76]	[ 5  5 80 78]
[13 13 76 75]	[ 5 12 78 76]
[13 13 75 73]	[12 12 76 75]
[13 13 73 73]	[12 12 75 71]
[13 13 73 73]	[12 12 71 71]
[13 13 73 80]	[12 13 71  0]
[13 13 80 80]	[13 13  0 73]
[13 13 80 78]	[13 13 73 80]
[13 13 78 76]	[13 13 80 78]
[13 13 76 75]	[13 12 78 76]
[13 13 75 73]	[12 12 76 75]
[13 13 73 73]	[12 12 75 73]
[13 13 73 73]	[12 13 73 71]
[13 13 73 73]	[13 13 71 73]
[-1 -1 -1 -1]	[13 13 73 73]
[13 13 76 78]	[13 13 73  0]
[13 13 78 80]	[13 13  0 73]
[13 13 80 73]	[13 13 73 80]
[13 13 73 73]	[13 13 80 73]
[13 13 73 73]	[13 13 73 83]
[13 13 73 73]	[13 13 83 73]
[13 13 73 73]	[13 13 73 80]
[13 13 73 73]	[13 13 80 73]
[13 13 73 75]	[13 13 73 73]
[13 13 75 76]	[13 13 73 80]
[13 13 76 73]	[13 12 80 73]
[13 13 73 73]	[12 12 73 78]
[13 13 73 73]	[12 12 78 75]
[13 13 73 73]	[12 12 75 71]
[13 13 73 73]	[12 13 71 75]
[13 13 73 73]	[13 13 75 73]
[13 13 73 73]	[13 13 73 80]
[13 13 73 73]	[13 13 80 73]
[13 13 73 73]	[13 13 73 83]
[13 13 73 73]	[13 13 83 73]
[13 13 73 75]	[13 13 73 80]
[13 13 75 76]	[13 13 80 73]
[13 13 76 78]	[13 13 73 80]
[13 13 78 80]	[13 13 80 78]
[13 12 80 82]	[13 13 78 80]
[12 12 82 83]	[13 12 80 82]
[12 12 83 78]	[12 12 82 83]
[12 12 78 75]	[12 12 83 78]
[12 13 75 71]	[12 12 78 75]
[13 13 71 73]	[12 13 75 71]
[13 13 73 73]	[13 13 71 73]
[13 13 73 73]	[13 13 73 80]
[13 13 73 73]	[13 13 80 73]
[13 13 73 73]	[13 13 73 83]
[13 13 73 73]	[13 13 83 73]
[13 13 73 73]	[13 13 73 80]
[13 13 73 73]	[13 13 80 73]
[13 13 73 75]	[13 13 73 73]
[13 13 75 76]	[13 13 73 80]
[13 13 76 73]	[13 12 80 73]
[13 13 73 73]	[12 12 73 78]
[13 13 73 73]	[12 12 78 75]
[13 13 73 73]	[12 12 75 71]
[13 13 73 73]	[12 13 71 75]
[13 13 73 73]	[13 13 75 73]
[13 13 73 73]	[13 13 73 80]
[13 13 73 73]	[13 13 80 73]
[13 13 73 73]	[13 13 73 83]
[13 13 73 73]	[13 13 83 73]
[13 13 73 75]	[13 13 73 80]
[13 13 75 76]	[13 13 80 73]
[13 13 76 78]	[13 13 73 80]
[13 13 78 80]	[13 13 80 78]
[13 13 80 82]	[13 13 78 80]
[13 13 82 80]	[13 12 80 82]
[13 13 80 73]	[12 12 82 83]
[13 13 73 73]	[12 12 83 78]
[13 13 73 75]	[12 12 78 75]
[13 13 75 76]	[12 12 75 71]
[13 13 76 78]	[12 12 71 80]
[13 13 78 80]	[12 12 80 78]
[13 13 80 82]	[12 12 78 80]
[13 13 82 80]	[12 12 80 82]
[13 13 80 78]	[12 12 82 83]
[13 13 78 80]	[12 12 83 78]
[13 13 80 80]	[12 12 78 75]
[13 13 80 85]	[12 12 75 78]
[13 13 85 85]	[12 12 78 78]
[13 13 85 85]	[12 12 78 83]
[13 13 85 83]	[12 12 83 87]
[13 13 83 85]	[12  6 87 83]
[13 13 85 83]	[ 6  6 83 82]
[13 13 83 80]	[ 6  6 82 85]
[13 13 80 85]	[ 6 12 85 82]
[13 13 85 85]	[12 12 82 83]
[13 13 85 87]	[12 12 83 85]
[13 13 87 88]	[12 12 85 87]
[13 13 88 85]	[12 12 87 88]
[13 13 85 80]	[12 12 88 90]
[13 13 80 85]	[12 12 90 87]
[13 13 85 85]	[12 12 87 88]
[13 13 85 85]	[12 12 88 85]
[13 13 85 85]	[12 12 85 83]
[13 13 85 80]	[12 12 83 87]
[13 13 80 85]	[12  6 87 83]
[13 13 85 85]	[ 6  6 83 82]
[13 13 85 83]	[ 6  6 82 85]
[13 13 83 80]	[ 6  5 85 82]
[13 13 80 78]	[ 5  5 82 80]
[13 13 78 80]	[ 5  5 80 78]
[13 13 80 82]	[ 5  5 78 80]
[13 13 82 80]	[ 5  6 80 82]
[13 13 80 78]	[ 6  6 82 83]
[13 13 78 80]	[ 6  6 83 78]
[13 13 80 85]	[ 6  6 78 75]
[13 13 85 85]	[ 6 12 75 78]
[13 13 85 85]	[12 12 78 83]
[13 13 85 83]	[12 12 83 87]
[13 13 83 85]	[12  6 87 83]
[13 13 85 83]	[ 6  6 83 82]
[13 13 83 80]	[ 6  6 82 85]
[13 13 80 85]	[ 6 12 85 82]
[13 13 85 85]	[12 12 82 83]
[13 13 85 87]	[12 12 83 85]
[13 13 87 88]	[12 12 85 87]
[13 13 88 85]	[12 12 87 88]
[13 13 85 80]	[12 12 88 90]
[13 13 80 85]	[12 12 90 87]
[13 13 85 85]	[12 12 87 88]
[13 13 85 85]	[12 12 88 85]
[13 13 85 87]	[12 12 85 90]
[13 13 87 85]	[12 12 90 87]
[13 13 85 85]	[12 12 87 88]
[13 13 85 85]	[12  6 88 85]
[13 13 85 87]	[ 6  6 85 87]
[13 13 87 85]	[ 6  6 87 83]
[13 13 85 83]	[ 6  6 83 85]
[13 13 83 80]	[ 6  5 85 83]
[13 13 80 78]	[ 5  5 83 80]
[13 13 78 80]	[ 5  5 80 78]
[13 12 80 82]	[ 5  5 78 80]
[12 12 82 83]	[ 5 12 80 82]
[12 12 83 78]	[12 12 82 83]
[12 12 78 75]	[12 12 83 78]
[12 12 75 71]	[12 12 78 75]
[13 13 80 82]	[12 12 75 71]
[13 13 82 83]	[12 20 71 71]
[13 13 83 85]	[20 20 71 83]
[13 13 85 85]	[20 20 83 82]
[13 13 85 83]	[20 20 82 80]
[13 13 83 85]	[20 20 80 87]
[13 13 85 80]	[20 20 87 80]
[13 13 80 85]	[20 20 80 83]
[13 13 85 85]	[20 20 83 82]
[13 13 85 83]	[20 20 82 80]
[13 13 83 80]	[20 20 80 87]
[13 13 80 78]	[20  6 87 80]
[13 13 78 80]	[ 6  6 80 82]
[13 13 80 85]	[ 6  6 82 80]
[13 13 85 80]	[ 6  6 80 78]
[13 13 80 85]	[ 6  6 78 85]
[13 13 85 80]	[ 6  6 85 78]
[13 13 80 85]	[ 6  6 78 87]
[13 13 85 80]	[ 6  6 87 78]
[13 13 80 85]	[ 6  6 78 85]
[13 13 85 85]	[ 6 20 85 78]
[13 13 85 83]	[20 20 78 83]
[13 13 83 85]	[20 20 83 82]
[13 13 85 83]	[20 20 82 80]
[13 13 83 85]	[20 20 80 87]
[13 13 85 80]	[20 20 87 80]
[13 13 80 85]	[20 20 80 83]
[13 13 85 85]	[20 20 83 82]
[13 13 85 83]	[20 20 82 80]
[13 13 83 85]	[20 20 80 87]
[13 13 85 87]	[20 12 87 80]
[13 13 87 88]	[12 12 80 87]
[13 13 88 85]	[12 12 87 85]
[13 13 85 85]	[12 12 85 87]
[13 13 85 85]	[12  6 87 89]
[13 13 85 83]	[ 6  6 89 90]
[13 13 83 80]	[ 6  6 90 85]
[13 13 80 85]	[ 6  6 85 82]
[13 13 85 85]	[ 6 20 82 78]
[13 13 85 83]	[20 20 78 83]
[13 13 83 85]	[20 20 83 82]
[13 13 85 83]	[20 20 82 80]
[13 13 83 85]	[20 20 80 87]
[13 13 85 80]	[20 20 87 80]
[13 13 80 85]	[20 20 80 83]
[13 13 85 85]	[20 20 83 82]
[13 13 85 83]	[20 20 82 80]
[13 13 83 80]	[20 20 80 87]
[13 13 80 78]	[20  6 87 80]
[13 13 78 80]	[ 6  6 80 82]
[13 13 80 85]	[ 6  6 82 80]
[13 13 85 80]	[ 6  6 80 78]
[13 13 80 85]	[ 6  6 78 85]
[13 13 85 80]	[ 6  6 85 78]
[13 13 80 85]	[ 6  6 78 87]
[13 13 85 80]	[ 6  6 87 78]
[13 13 80 85]	[ 6  6 78 85]
[13 13 85 80]	[ 6 12 85 78]
[13 13 80 85]	[12 12 78 83]
[13 13 85 85]	[12 12 83 85]
[13 13 85 83]	[12 12 85 87]
[13 13 83 80]	[12  6 87 83]
[13 13 80 85]	[ 6  6 83 82]
[13 13 85 85]	[ 6  6 82 83]
[13 13 85 83]	[ 6  6 83 85]
[13 13 83 80]	[ 6  5 85 82]
[13 13 80 78]	[ 5  5 82 80]
[13 13 78 80]	[ 5  5 80 78]
[13 12 80 82]	[ 5  5 78 80]
[12 12 82 83]	[ 5 12 80 82]
[12 12 83 78]	[12 12 82 83]
[12 12 78 75]	[12 12 83 78]
[-1 -1 -1 -1]	[12 12 78 75]
[13 13 76 75]	[12 13 75 71]
[13 13 75 73]	[13 13 71 73]
[13 13 73 73]	[13 13 73 73]
[13 13 73 73]	[13 13 73 80]
[13 13 73 75]	[13 12 80 80]
[13 13 75 76]	[12 12 80 75]
[13 13 76 75]	[12 12 75 76]
[13 13 75 76]	[12 13 76 75]
[13 13 76 78]	[13 13 75 73]
[13 13 78 80]	[13 13 73 73]
[13 13 80 85]	[13 13 73 80]
[13 13 85 85]	[13 13 80 83]
[13 13 85 83]	[13 13 83 85]
[13 13 83 80]	[13  6 85 83]
[13 13 80 80]	[ 6  6 83 80]
[13 13 80 78]	[ 6  6 80 82]
[13 13 78 80]	[ 6 13 82 78]
[13 13 80 85]	[13 13 78 80]
[13 13 85 85]	[13 13 80 80]
[13 13 85 87]	[13 13 80 85]
[13 13 87 85]	[13 13 85 85]
[13 13 85 83]	[13  5 85 85]
[13 13 83 82]	[ 5  5 85 83]
[13 13 82 80]	[ 5  5 83 80]
[13 13 80 78]	[ 5  5 80 80]
[13 13 78 76]	[ 5  5 80 78]
[13 13 76 75]	[ 5 12 78 76]
[13 13 75 73]	[12 12 76 75]
[13 13 73 73]	[12 12 75 71]
[13 13 73 80]	[12 13 71 71]
[13 13 80 80]	[13 13 71 73]
[13 13 80 78]	[13 12 73 80]
[13 13 78 76]	[12  5 80 78]
[13 13 76 75]	[ 5 12 78 76]
[13 13 75 73]	[12 12 76 75]
[13 13 73 73]	[12 12 75 73]
[-1 -1 -1 -1]	[12 13 73 71]
[13 13 73 71]	[13  8 71 73]
[13 13 71 73]	[ 8 13 73 68]
[13 13 73 73]	[13 13 68 68]
[13 13 73 75]	[13 13 68 73]
[13 13 75 76]	[13 13 73 75]
[13 13 76 75]	[13  8 75 76]
[13 13 75 73]	[ 8  8 76 75]
[13 13 73 71]	[ 8  8 75 73]
[13 13 71 73]	[ 8  8 73 72]
[13 13 73 73]	[ 8 13 72 68]
[13 13 73 73]	[13 13 68 73]
[13 13 73 75]	[13 13 73 73]
[13 13 75 76]	[13 13 73 73]
[13 13 76 78]	[13 13 73 76]
[13 13 78 80]	[13 13 76 79]
[13 13 80 78]	[13 13 79 80]
[13 13 78 76]	[13 13 80 78]
[13 13 76 75]	[13 13 78 76]
[13 13 75 76]	[13 13 76 75]
[13 13 76 78]	[13 13 75 73]
[13 13 78 80]	[13 13 73 79]
[13 13 80 82]	[13 13 79 80]
[13 13 82 83]	[13 13 80  0]
[13 13 83 82]	[13 13  0 83]
[13 13 82 80]	[13 13 83 82]
[13 13 80 78]	[13 13 82 80]
[13 13 78 80]	[13 13 80 79]
[13 13 80 82]	[13 13 79 80]
[13 13 82 83]	[13 13 80 82]
[13 13 83 85]	[13 13 82 83]
[13 13 85 83]	[13 13 83 85]
[13 13 83 82]	[13 13 85 83]
[13 13 82 80]	[13 13 83 82]
[13 13 80 78]	[13 13 82 80]
[13 13 78 80]	[13 13 80 79]
[13 13 80 82]	[13 13 79 80]
[13 13 82 83]	[13 13 80 82]
[13 13 83 82]	[13 13 82 83]
[13 13 82 80]	[13 13 83 82]
[13 13 80 78]	[13 13 82 80]
[13 13 78 76]	[13 13 80 78]
[13 13 76 75]	[13  3 78 76]
[13 13 75 73]	[ 3  3 76 75]
[13 13 73 73]	[ 3  3 75 76]
[13 13 73 73]	[ 3  3 76 79]
[13 13 73 73]	[ 3  8 79 80]
[13 13 73 73]	[ 8  8 80 80]
[13 13 73 75]	[ 8  8 80 78]
[13 13 75 76]	[ 8  8 78 76]
[13 13 76 75]	[ 8  8 76 76]
[13 13 75 73]	[ 8  8 76 75]
[13 13 73 73]	[ 8 13 75 73]
[13 13 73 80]	[13 12 73 73]
[13 13 80 80]	[12  5 73 71]
[13 13 80 78]	[ 5  5 71 80]
[13 13 78 80]	[ 5  5 80 79]
[13 13 80 82]	[ 5  5 79 80]
[13 13 82 83]	[ 5  5 80 82]
[13 13 83 85]	[ 5  5 82 83]
[13 13 85 87]	[ 5  5 83 82]
[13 13 87 88]	[ 5  5 82 83]
[13 13 88 87]	[ 5  5 83 85]
[13 13 87 85]	[ 5  5 85 86]
[13 13 85 83]	[ 5  5 86 85]
[13 13 83 85]	[ 5  5 85 83]
[13 13 85 87]	[ 5  5 83 82]
[13 13 87 85]	[ 5  5 82 83]
[13 13 85 83]	[ 5  5 83 85]
[13 13 83 85]	[ 5  5 85 83]
[13 13 85 83]	[ 5  5 83 82]
[13 13 83 80]	[ 5  5 82 81]
[13 13 80 78]	[ 5  5 81 80]
[13 13 78 80]	[ 5  5 80 78]
[13 13 80 80]	[ 5  5 78 76]
[13 13 80 78]	[ 5  5 76 80]
[13 13 78 80]	[ 5  5 80 79]
[13 13 80 82]	[ 5  5 79 80]
[13 13 82 83]	[ 5  5 80 82]
[13 13 83 85]	[ 5  5 82 83]
[13 13 85 87]	[ 5  5 83 82]
[13 13 87 88]	[ 5  5 82 83]
[13 13 88 87]	[ 5  5 83 85]
[13 13 87 85]	[ 5  5 85 86]
[13 13 85 83]	[ 5  5 86 85]
[13 13 83 82]	[ 5  5 85 83]
[13 13 82 80]	[ 5  5 83 82]
[13 13 80 82]	[ 5  5 82 80]
[13 13 82 83]	[ 5  5 80 82]
[13 13 83 82]	[ 5  5 82 83]
[13 13 82 80]	[ 5  5 83 83]
[13 13 80 78]	[ 5  5 83 80]
[13 13 78 80]	[ 5  5 80 79]
[13 13 80 82]	[ 5  5 79 80]
[13 13 82 83]	[ 5  5 80 82]
[13 13 83 85]	[ 5  5 82 83]
[13 13 85 87]	[ 5  5 83 82]
[13 13 87 88]	[ 5  5 82 83]
[13 13 88 87]	[ 5  5 83 85]
[13 13 87 85]	[ 5  5 85 86]
[13 13 85 83]	[ 5  5 86 85]
[13 13 83 85]	[ 5  5 85 83]
[13 13 85 87]	[ 5  5 83 82]
[13 13 87 85]	[ 5  5 82 83]
[13 13 85 83]	[ 5  5 83 85]
[13 13 83 80]	[ 5  5 85 83]
[13 13 80 78]	[ 5  5 83 82]
[13 13 78 76]	[ 5  5 82 81]
[13 13 76 75]	[ 5  5 81 80]
[13 13 75 76]	[ 5  5 80 78]
[13 13 76 78]	[ 5 12 78 76]
[13 13 78 80]	[12 12 76 78]
[13 13 80 82]	[12 12 78 80]
[13 13 82 80]	[12 12 80 81]
[13 13 80 78]	[12 12 81 83]
[13 13 78 80]	[12 12 83 80]
[13 13 80 78]	[12 12 80 76]
[13 13 78 80]	[12 12 76 82]
[13 13 80 78]	[12 12 82 80]
[13 13 78 80]	[12  5 80 78]
[13 13 80 80]	[ 5  8 78 76]
[13 13 80 78]	[ 8 13 76 80]
[13 13 78 80]	[13 13 80 79]
[13 13 80 73]	[13 13 79 80]
[13 13 73 73]	[13 13 80 76]
[13 13 73 73]	[13  8 76 80]
[13 13 73 73]	[ 8  8 80 75]
[13 13 73 73]	[ 8  8 75 80]
[13 13 73 80]	[ 8  8 80 72]
[13 13 80 85]	[ 8 13 72 80]
[13 13 85 85]	[13 13 80 73]
[13 13 85 83]	[13 13 73 85]
[13 13 83 80]	[13 13 85 84]
[13 13 80 85]	[13 13 84 85]
[13 13 85 85]	[13 13 85 81]
[13 13 85 87]	[13  1 81 85]
[13 13 87 85]	[ 1  1 85 80]
[13 13 85 83]	[ 1  1 80 85]
[13 13 83 80]	[ 1  1 85 77]
[13 13 80 85]	[ 1 18 77 85]
[13 13 85 80]	[18 18 85 78]
[13 13 80 85]	[18 13 78 85]
[13 13 85 85]	[13 13 85 88]
[13 13 85 83]	[13  8 88 85]
[13 13 83 80]	[ 8  8 85 84]
[13 13 80 80]	[ 8 19 84 80]
[13 13 80 78]	[19 19 80 81]
[13 13 78 76]	[19 13 81 78]
[13 13 76 75]	[13 13 78 80]
[13 13 75 73]	[13 13 80 80]
[13 13 73 73]	[13 13 80 76]
[13 13 73 75]	[13  3 76 73]
[13 13 75 76]	[ 3  3 73 75]
[13 13 76 78]	[ 3  3 75 76]
[13 13 78 80]	[ 3  3 76 79]
[13 13 80 80]	[ 3  8 79 80]
[13 13 80 80]	[ 8  8 80 80]
[13 13 80 78]	[ 8  8 80 78]
[13 13 78 76]	[ 8  8 78 76]
[13 13 76 75]	[ 8  8 76 76]
[-1 -1 -1 -1]	[ 8  8 76 75]
[13 13 73 75]	[ 8 13 75 73]
[13 13 75 73]	[13 13 73 80]
[13 13 73 73]	[13 13 80 76]
[13 13 73 75]	[13 13 76 73]
[13 13 75 73]	[13 13 73 75]
[13 13 73 75]	[13 13 75 76]
[13 13 75 76]	[13 13 76 75]
[13 13 76 78]	[13 13 75 76]
[13 13 78 80]	[13  5 76 78]
[13 13 80 85]	[ 5  5 78 80]
[13 13 85 85]	[ 5  5 80 88]
[13 13 85 83]	[ 5  5 88 80]
[13 13 83 80]	[ 5  5 80 87]
[13 13 80 78]	[ 5  5 87 80]
[13 13 78 76]	[ 5  5 80 85]
[13 13 76 75]	[ 5 13 85 80]
[13 13 75 73]	[13 13 80 80]
[13 13 73 73]	[13 13 80 76]
[13 13 73 75]	[13 13 76 73]
[13 13 75 78]	[13 13 73 75]
[13 13 78 80]	[13 13 75 76]
[13 13 80 78]	[13 13 76 80]
[13 13 78 76]	[13 13 80 78]
[13 13 76 75]	[13 12 78 76]
[13 13 75 73]	[12 12 76 75]
[13 13 73 75]	[12 12 75 73]
[13 13 75 73]	[12 12 73 71]
[13 13 73 73]	[12 12 71 78]
[13 13 73 73]	[12 12 78 71]
[13 13 73 75]	[12 12 71 80]
[13 13 75 76]	[12 12 80 71]
[13 13 76 75]	[12 12 71 78]
[13 13 75 73]	[12 13 78 75]
[13 13 73 73]	[13 13 75 73]
[13 13 73 73]	[13 13 73 71]
[13 13 73 75]	[13 13 71 73]
[13 13 75 73]	[13 13 73 75]
[13 13 73 75]	[13 13 75 76]
[13 13 75 76]	[13 13 76 75]
[13 13 76 78]	[13 13 75 76]
[13 13 78 80]	[13  5 76 78]
[13 13 80 85]	[ 5  5 78 80]
[13 13 85 85]	[ 5  5 80 88]
[13 13 85 83]	[ 5  5 88 80]
[13 13 83 80]	[ 5  5 80 87]
[13 13 80 85]	[ 5  5 87 80]
[13 13 85 85]	[ 5  5 80 85]
[13 13 85 87]	[ 5 12 85 82]
[13 13 87 85]	[12 12 82 83]
[13 13 85 83]	[12 12 83 85]
[13 13 83 80]	[12  6 85 83]
[13 12 80 82]	[ 6  6 83 82]
[12 12 82 83]	[ 6 12 82 85]
[12 12 83 80]	[12 12 85 83]
[12 12 80 78]	[12 12 83 80]
[12 12 78 75]	[12 12 80 78]
[12 12 75 78]	[12 12 78 75]
[12 12 78 80]	[12 12 75 71]
[12 12 80 78]	[12 12 71 75]
[12 13 78 75]	[12 12 75 78]
[13 13 75 73]	[12 13 78 75]
[13 13 73 80]	[13 13 75 76]
[13 13 80 78]	[13 13 76 73]
[13 13 78 80]	[13 13 73 73]
[13 13 80 85]	[13 13 73 80]
[13 13 85 85]	[13 13 80 85]
[13 13 85 87]	[13 13 85 85]
[13 13 87 85]	[13 13 85 80]
[13 13 85 83]	[13 13 80 85]
[13 13 83 80]	[13 13 85 85]
[13 13 80 85]	[13 13 85 80]
[13 13 85 85]	[13 13 80 85]
[13 13 85 87]	[13 13 85 85]
[13 13 87 85]	[13 13 85 87]
[13 13 85 83]	[13 13 87 85]
[13 13 83 80]	[13 13 85 83]
[13 13 80 82]	[13 13 83 80]
[13 13 82 80]	[13 12 80 85]
[13 13 80 80]	[12 12 85 83]
[13 13 80 80]	[12 12 83 78]
[13 13 80 78]	[12  6 78 78]
[13 13 78 80]	[ 6  6 78 85]
[13 13 80 85]	[ 6  6 85 78]
[13 13 85 85]	[ 6  6 78 82]
[13 13 85 87]	[ 6 12 82 85]
[13 13 87 85]	[12 12 85 83]
[13 13 85 83]	[12 12 83 85]
[13 13 83 80]	[12  6 85 83]
[13 12 80 82]	[ 6  6 83 82]
[12 12 82 83]	[ 6 12 82 85]
[12 12 83 80]	[12 12 85 83]
[12 12 80 78]	[12 12 83 80]
[12 13 78 75]	[12 12 80 78]
[13 13 75 73]	[12 13 78 75]
[13 13 73 73]	[13 13 75 73]
[13 13 73 73]	[13 13 73 71]
[13 13 73 75]	[13 13 71 73]
[13 13 75 73]	[13 13 73 75]
[13 13 73 75]	[13 13 75 76]
[13 13 75 76]	[13 13 76 75]
[13 13 76 78]	[13 13 75 76]
[13 13 78 80]	[13  5 76 78]
[13 13 80 85]	[ 5  5 78 80]
[13 13 85 85]	[ 5  5 80 88]
[13 13 85 83]	[ 5  5 88 80]
[13 13 83 80]	[ 5  5 80 87]
[13 13 80 85]	[ 5  5 87 80]
[13 13 85 85]	[ 5  5 80 85]
[13 13 85 87]	[ 5 12 85 82]
[13 13 87 85]	[12 12 82 83]
[13 13 85 83]	[12 12 83 85]
[13 13 83 80]	[12  6 85 83]
[13 12 80 82]	[ 6  6 83 82]
[12 12 82 83]	[ 6 12 82 85]
[12 12 83 80]	[12 12 85 83]
[12 12 80 78]	[12 12 83 80]
[12 12 78 75]	[12 12 80 78]
[12 12 75 71]	[12 12 78 76]
[12 12 71 71]	[12 12 76 71]
[12 12 71 73]	[12 12 71 75]
[12 12 73 75]	[12 12 75 78]
[12 13 75 71]	[12 13 78 75]
[-1 -1 -1 -1]	[13 13 75 76]
[13 13 61 61]	[13 -1 76 73]
[13 13 61 61]	[-1 -1 73 68]
[13 13 61 61]	[-1 13 68 64]
[13 13 61 61]	[13 13 64 61]
[13 13 61 61]	[13 13 61 64]
[13 13 61 61]	[13 13 64 61]
[13 13 61 63]	[13 13 61 68]
[13 13 63 64]	[13 13 68 64]
[13 13 64 66]	[13  6 64 68]
[13 13 66 68]	[ 6  6 68 66]
[12 12 71 68]	[ 6  6 66 68]
[12 13 68 66]	[ 6  6 68 70]
[13 13 66 68]	[ 6  6 70 66]
[13 13 68 66]	[ 6  6 66 68]
[13 13 66 68]	[ 6  6 68 70]
[13 13 68 61]	[ 6  6 70 68]
[13 13 61 61]	[ 6 13 68 66]
[13 13 61 61]	[13 13 66 61]
[13 13 61 61]	[13 13 61 61]
[13 13 61 61]	[13 13 61 64]
[13 13 61 61]	[13 13 64 61]
[13 13 61 61]	[13 13 61 68]
[13 13 61 61]	[13 13 68 61]
[13 13 61 61]	[13 13 61 64]
[13 13 61 63]	[13  6 64 61]
[13 13 63 64]	[ 6  6 61 66]
[13 13 64 66]	[ 6  6 66 64]
[13 13 66 68]	[ 6  6 64 66]
[13 13 68 61]	[ 6  8 66 68]
[13 13 61 61]	[ 8  8 68 66]
[13 13 61 61]	[ 8  8 66 64]
[13 13 61 61]	[ 8  8 64 63]
[13 13 61 61]	[ 8 13 63 64]
[13 13 61 61]	[13 13 64 61]
[13 13 61 61]	[13 13 61 64]
[13 13 61 61]	[13 13 64 61]
[13 13 61 63]	[13 13 61 68]
[13 13 63 64]	[13 13 68 64]
[13 13 64 66]	[13  6 64 68]
[13 13 66 68]	[ 6  6 68 66]
[12 12 71 68]	[ 6  6 66 68]
[12 13 68 66]	[ 6  6 68 70]
[13 13 66 68]	[ 6  6 70 66]
[13 13 68 66]	[ 6  6 66 68]
[13 13 66 68]	[ 6  6 68 70]
[13 13 68 73]	[ 6  6 70 68]
[13 13 73 73]	[ 6 13 68 66]
[13 13 73 75]	[13 13 66 68]
[13 13 75 73]	[13 13 68 73]
[13 13 73 73]	[13 13 73 76]
[13 13 73 73]	[13 13 76 73]
[13 13 73 73]	[13 13 73 75]
[13 13 73 71]	[13 13 75 73]
[13 13 71 73]	[13 13 73 71]
[13 13 73 73]	[13 12 71 68]
[13 13 73 73]	[12 12 68 71]
[13 13 73 73]	[12 12 71 73]
[13 13 73 73]	[12 12 73 75]
[13 13 73 73]	[12 13 75 71]
[13 13 73 68]	[13 13 71 73]
[13 13 68 73]	[13 13 73  0]
[13 13 73 73]	[13 13  0 61]
[13 13 73 73]	[13 13 61 64]
[13 13 73 75]	[13 13 64 68]
[13 13 75 73]	[13 13 68 73]
[13 13 73 73]	[13 13 73 76]
[13 13 73 73]	[13 13 76 73]
[13 13 73 80]	[13 13 73 75]
[13 13 80 80]	[13 13 75 76]
[13 13 80 78]	[13 13 76 80]
[13 13 78 76]	[13 13 80 79]
[13 13 76 75]	[13 13 79 80]
[13 13 75 73]	[13 13 80 75]
[13 13 73 73]	[13 13 75 76]
[13 13 73 71]	[13 13 76 75]
[13 13 71 68]	[13 13 75 73]
[13 13 68 73]	[13 13 73 68]
[13 13 73 73]	[13 13 68 61]
[13 13 73 73]	[13 13 61 64]
[13 13 73 75]	[13 13 64 68]
[13 13 75 73]	[13 13 68 73]
[13 13 73 73]	[13 13 73 76]
[13 13 73 75]	[13 13 76 73]
[13 13 75 76]	[13 13 73 75]
[13 13 76 73]	[13 12 75 76]
[13 13 73 73]	[12 12 76 78]
[13 13 73 73]	[12 12 78 75]
[13 13 73 73]	[12 12 75 73]
[13 13 73 73]	[12 20 73 75]
[13 13 73 71]	[20 20 75 71]
[13 13 71 68]	[20 20 71 71]
[13 13 68 73]	[20 13 71 68]
[13 13 73 73]	[13 13 68 61]
[13 13 73 73]	[13 13 61 64]
[13 13 73 75]	[13 13 64 68]
[13 13 75 73]	[13 13 68 73]
[13 13 73 73]	[13 13 73 76]
[13 13 73 73]	[13 13 76 73]
[13 13 73 80]	[13 13 73 75]
[13 13 80 80]	[13 13 75 76]
[13 13 80 78]	[13 13 76 80]
[13 13 78 76]	[13 13 80 79]
[13 13 76 75]	[13 13 79 80]
[13 13 75 73]	[13 13 80 75]
[13 13 73 73]	[13 13 75 76]
[13 13 73 75]	[13 13 76 75]
[13 13 75 76]	[13 13 75 73]
[13 13 76 75]	[13 12 73 76]
[13 13 75 73]	[12 12 76 75]
[13 13 73 75]	[12 12 75 73]
[13 13 75 76]	[12 12 73 75]
[13 13 76 75]	[12 12 75 76]
[13 13 75 73]	[12 12 76 78]
[13 13 73 73]	[12 12 78 76]
[13 13 73 73]	[12 12 76 75]
[13 13 73 71]	[12 12 75 71]
[13 13 71 68]	[12 12 71 73]
[13 13 68 73]	[12 12 73 68]
[13 13 73 73]	[12 12 68 64]
[13 13 73 73]	[12  1 64 68]
[13 13 73 73]	[ 1  1 68 61]
[13 13 73 71]	[ 1  1 61  0]
[13 13 71 68]	[ 1  1  0 73]
[13 13 68 66]	[ 1  1 73 68]
[13 13 66 68]	[ 1  1 68 64]
[-1 -1 -1 -1]	[ 1 13 64 68]
[13 13 78 80]	[13 13 68 61]
[13 13 80 73]	[13 13 61 85]
[13 13 73 73]	[13 13 85 85]
[13 13 73 75]	[13 13 85 73]
[13 13 75 73]	[13 13 73 75]
[13 13 73 75]	[13 13 75 76]
[13 13 75 76]	[13 13 76 75]
[13 13 76 78]	[13 13 75 76]
[13 13 78 80]	[13 13 76 78]
[13 13 80 82]	[13 13 78 80]
[13 13 82 83]	[13 13 80 78]
[13 12 83 80]	[13 13 78 80]
[12 12 80 78]	[13 12 80 82]
[12 12 78 75]	[12 12 82 83]
[12 12 75 71]	[12 12 83 83]
[12 12 71 73]	[12 12 83 71]
[12 12 73 75]	[12 12 71 73]
[12 12 75 78]	[12 12 73 75]
[12 12 78 83]	[12 12 75 78]
[12 12 83 80]	[12 12 78 83]
[12 12 80 78]	[12 12 83 80]
[12 13 78 75]	[12 12 80 78]
[13 13 75 73]	[12 12 78 75]
[13 13 73 73]	[12 12 75 73]
[13 13 73 80]	[12 13 73 71]
[13 13 80 73]	[13 13 71 85]
[13 13 73 73]	[13 13 85 85]
[13 13 73 75]	[13 13 85 73]
[13 13 75 73]	[13 13 73 75]
[13 13 73 75]	[13 13 75 76]
[13 13 75 76]	[13 13 76 75]
[13 13 76 78]	[13 13 75 76]
[13 13 78 80]	[13 13 76 78]
[13 13 80 78]	[13 13 78 80]
[13 13 78 80]	[13 13 80 78]
[13 13 80 82]	[13 13 78 80]
[13 13 82 83]	[13 12 80 82]
[13 13 83 82]	[12 12 82 83]
[13 13 82 80]	[12 12 83 82]
[13 13 80 78]	[12 12 82 80]
[13 13 78 76]	[12  8 80 78]
[13 13 76 75]	[ 8  8 78 80]
[13 13 75 73]	[ 8  8 80 78]
[13 13 73 80]	[ 8  8 78 76]
[13 13 80 85]	[ 8 13 76 75]
[13 13 85 87]	[13 13 75 73]
[13 13 87 85]	[13 13 73 85]
[13 13 85 83]	[13 13 85 85]
[13 13 83 80]	[13 13 85 83]
[13 13 80 85]	[13 13 83 80]
[13 13 85 85]	[13 13 80 85]
[13 13 85 83]	[13 13 85 85]
[13 13 83 80]	[13 13 85 83]
[13 13 80 85]	[13 13 83 80]
[13 13 85 85]	[13 13 80 83]
[13 13 85 87]	[13 13 83 85]
[13 13 87 88]	[13 13 85 87]
[13 13 88 87]	[13 13 87 88]
[13 13 87 85]	[13 13 88 87]
[13 13 85 80]	[13 13 87 85]
[13 13 80 85]	[13 12 85 83]
[13 13 85 85]	[12 12 83 78]
[13 13 85 83]	[12 12 78 83]
[13 13 83 80]	[12 12 83 83]
[13 13 80 85]	[12 12 83 80]
[13 13 85 85]	[12 12 80 78]
[13 13 85 87]	[12 12 78 80]
[13 13 87 88]	[12 12 80 83]
[13 13 88 87]	[12 12 83 85]
[13 13 87 85]	[12 12 85 87]
[13 13 85 85]	[12 12 87 85]
[13 13 85 80]	[12 12 85 83]
[13 13 80 85]	[12 13 83 87]
[13 13 85 80]	[13 13 87 85]
[13 13 80 85]	[13 12 85 80]
[13 13 85 85]	[12 12 80 88]
[13 13 85 83]	[12  9 88 80]
[13 13 83 85]	[ 9  9 80 90]
[13 13 85 85]	[ 9  8 90 80]
[13 13 85 87]	[ 8  8 80 92]
[13 13 87 88]	[ 8 18 92 90]
[13 13 88 87]	[18 18 90 88]
[13 13 87 85]	[18 18 88 87]
[13 13 85 83]	[18 18 87 85]
[13 13 83 80]	[18  8 85 83]
[13 13 80 85]	[ 8  8 83 80]
[13 13 85 85]	[ 8  8 80 78]
[13 13 85 87]	[ 8  8 78 80]
[-1 -1 -1 -1]	[ 8 13 80 84]
[13 13 76 75]	[13 13 84 85]
[13 13 75 73]	[13 13 85 68]
[13 13 73 73]	[13 13 68 73]
[13 13 73 73]	[13 13 73 73]
[13 13 73 73]	[13 13 73 75]
[13 13 73 73]	[13 13 75 71]
[13 13 73 71]	[13 13 71 73]
[13 13 71 73]	[13 13 73 71]
[13 13 73 75]	[13 13 71 68]
[13 13 75 76]	[13 13 68 73]
[13 12 76 73]	[13 13 73 73]
[12 12 73 75]	[13 13 73 75]
[12 12 75 73]	[13 13 75 71]
[12 12 73 71]	[13 13 71 73]
[12 12 71 73]	[13 12 73 71]
[12 12 73 75]	[12 12 71 66]
[12 12 75 71]	[12 12 66 71]
[12 12 71 73]	[12 12 71 71]
[12 12 73 75]	[12 12 71 75]
[12 12 75 73]	[12 12 75 71]
[12 12 73 71]	[12 12 71 73]
[12 12 71 75]	[12 12 73 71]
[12 12 75 73]	[12 12 71 66]
[12 12 73 71]	[12 12 66 71]
[12 12 71 68]	[12 12 71 71]
[12 12 68 66]	[12 12 71 66]
[12 12 66 63]	[12 12 66 71]
[13 13 73 71]	[12 12 71 63]
[13 13 71 73]	[12 13 63 66]
[13 13 73 73]	[13 13 66 68]
[13 13 73 73]	[13 13 68 73]
[13 13 73 73]	[13 13 73 73]
[13 13 73 73]	[13 13 73 75]
[13 13 73 73]	[13 13 75 71]
[13 13 73 71]	[13 13 71 73]
[13 13 71 73]	[13 13 73 71]
[13 13 73 73]	[13 13 71 68]
[13 13 73 73]	[13 13 68 73]
[13 13 73 73]	[13 12 73 73]
[13 13 73 75]	[12 12 73 75]
[13 13 75 76]	[12 12 75 73]
[13 13 76 78]	[12 12 73 75]
[13 13 78 80]	[12 20 75 78]
[13 12 80 82]	[20 20 78 80]
[12 12 82 83]	[20 20 80 83]
[12 12 83 82]	[20 13 83 83]
[12 12 82 83]	[13 13 83 85]
[12 12 83 80]	[13 13 85 83]
[12 12 80 78]	[13 12 83 83]
[12 12 78 75]	[12 12 83 78]
[12 12 75 71]	[12 12 78 75]
[12 13 71 75]	[12 12 75 71]
[13 13 75 73]	[12 13 71 75]
[13 13 73 73]	[13 13 75 73]
[13 13 73 73]	[13 13 73 71]
[13 13 73 75]	[13 13 71 73]
[13 13 75 76]	[13  6 73 75]
[13 13 76 75]	[ 6  6 75 78]
[13 13 75 73]	[ 6  6 78 75]
[13 13 73 73]	[ 6  6 75 73]
[13 13 73 73]	[ 6 12 73 75]
[13 13 73 75]	[12 12 75 71]
[13 13 75 76]	[12 12 71 75]
[13 13 76 73]	[12 12 75 71]
[13 13 73 73]	[12 12 71 78]
[13 13 73 73]	[12 12 78 71]
[13 13 73 73]	[12 12 71 75]
[13 13 73 73]	[12 13 75 71]
[13 13 73 80]	[13 13 71 73]
[13 13 80 78]	[13  6 73 75]
[13 13 78 80]	[ 6  6 75 78]
[13 13 80 85]	[ 6  6 78 75]
[13 13 85 85]	[ 6 20 75 78]
[13 13 85 80]	[20 20 78 80]
[13 13 80 85]	[20 20 80 83]
[13 13 85 85]	[20 20 83 82]
[13 13 85 83]	[20 12 82 85]
[13 13 83 80]	[12 12 85 83]
[13 13 80 78]	[12 12 83 80]
[13 13 78 80]	[12 12 80 78]
[13 13 80 85]	[12 20 78 75]
[13 13 85 85]	[20 20 75 80]
[13 13 85 87]	[20 20 80 83]
[13 13 87 85]	[20 20 83 82]
[13 13 85 83]	[20 12 82 85]
[13 13 83 80]	[12 12 85 83]
[13 13 80 85]	[12 12 83 80]
[13 13 85 85]	[12 12 80 78]
[13 13 85 80]	[12 13 78 83]
[13 13 80 85]	[13 13 83 80]
[13 13 85 85]	[13 13 80 85]
[13 13 85 85]	[13 13 85 85]
[13 13 85 87]	[13 13 85 87]
[13 13 87 85]	[13 13 87 83]
[13 13 85 85]	[13 13 83 85]
[13 13 85 83]	[13 12 85 83]
[13 12 83 80]	[12 12 83 83]
[12 12 80 78]	[12 12 83 80]
[12 12 78 75]	[12 12 80 78]
[12 12 75 71]	[12 12 78 75]
[12 12 71 73]	[12 12 75 71]
[12 12 73 75]	[12 12 71 73]
[12 13 75 78]	[12 12 73 75]
[13 13 78 80]	[12 13 75 78]
[13 13 80 85]	[13 13 78 80]
[13 13 85 85]	[13 13 80 85]
[13 13 85 85]	[13 13 85 85]
[13 13 85 87]	[13 13 85 87]
[13 13 87 85]	[13 13 87 83]
[13 13 85 85]	[13 13 83 85]
[13 13 85 83]	[13 20 85 83]
[13 13 83 80]	[20 20 83 83]
[13 13 80 85]	[20 20 83 80]
[13 13 85 85]	[20 20 80 78]
[13 13 85 83]	[20 12 78 80]
[13 13 83 80]	[12 12 80 83]
[13 13 80 85]	[12 12 83 80]
[13 13 85 85]	[12 13 80 83]
[13 13 85 80]	[13 13 83 85]
[13 13 80 85]	[13 13 85 87]
[13 13 85 85]	[13 13 87 85]
[13 13 85 87]	[13 20 85 82]
[13 13 87 85]	[20 20 82 83]
[13 13 85 83]	[20 20 83 85]
[13 13 83 80]	[20 20 85 83]
[12 12 83 80]	[20  6 83 80]
[12 12 80 78]	[ 6  6 80 78]
[12 12 78 75]	[ 6  6 78 78]
[12 12 75 71]	[ 6 12 78 75]
[12 12 71 73]	[12 12 75 71]
[12 12 73 75]	[12 12 71 73]
[12 13 75 78]	[12 12 73 75]
[13 13 78 80]	[12 13 75 78]
[13 13 80 85]	[13 13 78 80]
[13 13 85 83]	[13 13 80 73]
[13 13 83 80]	[13 13 73 85]
[13 12 80 82]	[13 13 85 80]
[12 12 82 83]	[13 13 80 82]
[12 12 83 80]	[13 13 82 83]
[12 12 80 78]	[13 12 83 80]
[12 12 78 75]	[12 12 80 78]
[12 12 75 71]	[12 12 78 75]
[-1 -1 -1 -1]	[12 12 75 71]
[13 13 76 75]	[12 -1 71 75]
[13 13 75 73]	[-1 13 75 75]
[13 13 73 73]	[13 13 75 73]
[13 13 73 75]	[13 13 73 73]
[13 13 75 76]	[13 13 73 73]
[13 13 76 78]	[13 13 73 76]
[13 13 78 80]	[13 13 76 78]
[13 13 80 78]	[13 13 78 80]
[13 13 78 80]	[13 13 80 73]
[13 13 80 78]	[13 13 73 76]
[13 13 78 80]	[13 12 76 73]
[13 13 80 82]	[12 12 73 75]
[13 13 82 83]	[12 12 75 78]
[13 13 83 80]	[12 12 78 83]
[13 13 80 78]	[12 12 83 80]
[13 13 78 76]	[12 12 80 78]
[13 13 76 75]	[12 12 78 76]
[13 13 75 73]	[12 12 76 75]
[13 13 73 73]	[12 12 75 73]
[13 13 73 73]	[12 12 73 71]
[13 13 73 75]	[12 13 71 75]
[13 13 75 76]	[13 13 75 73]
[13 13 76 78]	[13 13 73 73]
[13 13 78 80]	[13 13 73 73]
[13 13 80 85]	[13 13 73 76]
[13 13 85 87]	[13  5 76 78]
[13 13 87 88]	[ 5  5 78 80]
[13 13 88 87]	[ 5  5 80 88]
[13 13 87 85]	[ 5  5 88 87]
[13 13 85 83]	[ 5 12 87 85]
[13 13 83 82]	[12 12 85 83]
[13 13 82 80]	[12 12 83 82]
[13 13 80 73]	[12 12 82 80]
[13 13 73 73]	[12 12 80 78]
[13 13 73 75]	[12 12 78 83]
[13 13 75 73]	[12 13 83 75]
[13 13 73 80]	[13 13 75 76]
[13 13 80 85]	[13 13 76 73]
[13 13 85 80]	[13 13 73 73]
[13 13 80 85]	[13 13 73 87]
[13 13 85 85]	[13 13 87 88]
[13 13 85 85]	[13 12 88 85]
[13 13 85 85]	[12 12 85 87]
[13 13 85 83]	[12 13 87 83]
[13 13 83 80]	[13 13 83 87]
[13 13 80 85]	[13 13 87 80]
[13 13 85 85]	[13 12 80 85]
[13 13 85 87]	[12 12 85 83]
[13 13 87 85]	[12 12 83 83]
[13 13 85 83]	[12 12 83 85]
[13 13 83 82]	[12 12 85 83]
[13 13 82 80]	[12 12 83 82]
[13 13 80 73]	[12 12 82 80]
[13 13 73 73]	[12 12 80 78]
[13 13 73 80]	[12 12 78 71]
[13 13 80 85]	[12 12 71 75]
[13 13 85 80]	[12 13 75 78]
[13 13 80 85]	[13 13 78 88]
[13 13 85 85]	[13 12 88 85]
[13 13 85 85]	[12 12 85 87]
[13 13 85 85]	[12 13 87 92]
[13 13 85 83]	[13 13 92 87]
[13 13 83 80]	[13 13 87 83]
[13 13 80 82]	[13 13 83 80]
[13 13 82 83]	[13 12 80 85]
[13 13 83 82]	[12 12 85 83]
[13 13 82 80]	[12 12 83 82]
[13 13 80 73]	[12 12 82 80]
[13 13 73 73]	[12 12 80 78]
[13 13 73 75]	[12 12 78 83]
[13 13 75 73]	[12 13 83 75]
[13 13 73 80]	[13 13 75 76]
[13 13 80 85]	[13 13 76 73]
[13 13 85 80]	[13 13 73 73]
[13 13 80 85]	[13 13 73 87]
[13 13 85 85]	[13 13 87 88]
[13 13 85 85]	[13 12 88 85]
[13 13 85 85]	[12 12 85 87]
[13 13 85 83]	[12 13 87 83]
[13 13 83 80]	[13 13 83 87]
[13 13 80 85]	[13 13 87 80]
[13 13 85 85]	[13 12 80 85]
[13 13 85 87]	[12 12 85 83]
[13 13 87 85]	[12 12 83 83]
[13 13 85 83]	[12 12 83 85]
[13 13 83 82]	[12 12 85 83]
[13 13 82 80]	[12 12 83 82]
[13 13 80 73]	[12 12 82 80]
[13 13 73 73]	[12 12 80 78]
[13 13 73 80]	[12 12 78 71]
[13 13 80 85]	[12 12 71 75]
[13 13 85 80]	[12 13 75 78]
[13 13 80 85]	[13 13 78 88]
[13 13 85 85]	[13 12 88 85]
[13 13 85 87]	[12 12 85 87]
[13 13 87 85]	[12 13 87 92]
[13 13 85 83]	[13 13 92 85]
[13 13 83 80]	[13 13 85 87]
[13 13 80 82]	[13 13 87 80]
[13 13 82 83]	[13 12 80 85]
[13 13 83 82]	[12 12 85 83]
[13 13 82 80]	[12 12 83 82]
[13 13 80 73]	[12 12 82 80]
[13 13 73 73]	[12 12 80 78]
[13 13 73 75]	[12 12 78 83]
[13 13 75 76]	[12 13 83 75]
[13 13 76 75]	[13 13 75 76]
[-1 -1 -1 -1]	[13 13 76 73]
[13 13 76 75]	[13 13 73 73]
[13 13 75 73]	[13 13 73 80]
[13 13 73 73]	[13 13 80 73]
[13 13 73 75]	[13 12 73 73]
[13 13 75 76]	[12 12 73 75]
[13 13 76 78]	[12 12 75 73]
[13 13 78 80]	[12 13 73 73]
[13 13 80 73]	[13 13 73 80]
[13 13 73 73]	[13 13 80 73]
[13 13 73 73]	[13 20 73 73]
[13 13 73 80]	[20 20 73 73]
[13 13 80 73]	[20 20 73 75]
[13 13 73 73]	[20 13 75 78]
[13 13 73 73]	[13 13 78 80]
[13 13 73 73]	[13 13 80 73]
[13 13 73 73]	[13 13 73 73]
[13 13 73 73]	[13 13 73 75]
[13 13 73 75]	[13 13 75 73]
[13 13 75 73]	[13 12 73 75]
[13 13 73 73]	[12 12 75 78]
[13 13 73 73]	[12 12 78 75]
[13 13 73 73]	[12 12 75 71]
[13 13 73 80]	[12 12 71 71]
[13 13 80 73]	[12 12 71 75]
[13 13 73 73]	[12 13 75 78]
[13 13 73 73]	[13 13 78 80]
[13 13 73 73]	[13 13 80 73]
[13 13 73 73]	[13 13 73 73]
[13 13 73 73]	[13 13 73 75]
[13 13 73 73]	[13 13 75 73]
[13 13 73 75]	[13 13 73 73]
[13 13 75 76]	[13 13 73 80]
[13 13 76 75]	[13 13 80 73]
[13 13 75 73]	[13 13 73 73]
[13 13 73 71]	[13 13 73 73]
[13 13 71 73]	[13 13 73 71]
[13 13 73 73]	[13 20 71 68]
[13 13 73 75]	[20 20 68 71]
[13 13 75 76]	[20 20 71 73]
[13 13 76 78]	[20 20 73 75]
[13 13 78 80]	[20 20 75 78]
[13 13 80 73]	[20 12 78 80]
[13 13 73 73]	[12 12 80 78]
[13 13 73 80]	[12 12 78 75]
[13 13 80 85]	[12 13 75 73]
[13 13 85 85]	[13 13 73 73]
[13 13 85 87]	[13 13 73 85]
[13 13 87 85]	[13 13 85 87]
[13 13 85 83]	[13 12 87 85]
[13 12 83 80]	[12 12 85 83]
[12 12 80 78]	[12 12 83 80]
[12 12 78 75]	[12 12 80 78]
[12 12 75 71]	[12 12 78 75]
[12 12 71 73]	[12 12 75 71]
[12 12 73 75]	[12 12 71 71]
[13 13 80 85]	[12 12 71 75]
[13 13 85 85]	[12 13 75 78]
[13 13 85 87]	[13 13 78 85]
[13 13 87 85]	[13 13 85 87]
[13 13 85 83]	[13 20 87 85]
[13 13 83 80]	[20 20 85 83]
[13 13 80 78]	[20 12 83 80]
[13 13 78 80]	[12 12 80 78]
[13 13 80 82]	[12 12 78 75]
[13 13 82 83]	[12 12 75 78]
[13 13 83 85]	[12 13 78 80]
[13 13 85 87]	[13 13 80 85]
[13 13 87 85]	[13 13 85 87]
[13 13 85 83]	[13 12 87 85]
[13 12 83 80]	[12 12 85 83]
[12 12 80 78]	[12 12 83 80]
[12 12 78 75]	[12 12 80 78]
[12 12 75 75]	[12 12 78 75]
[12 12 75 73]	[12 12 75 71]
[12 12 73 71]	[12 12 71 73]
[12 12 71 73]	[12 12 73 71]
[12 12 73 75]	[12 20 71 68]
[12 12 75 78]	[20 20 68 71]
[12 12 78 80]	[20 20 71 73]
[12 12 80 83]	[20 20 73 75]
[12 12 83 80]	[20 20 75 78]
[12 12 80 78]	[20 12 78 80]
[12 12 78 75]	[12 12 80 78]
[-1 -1 -1 -1]	[12 12 78 75]
[13 13 75 73]	[12 -1 75 73]
[13 13 73 73]	[-1 -1 73  0]
[13 13 73 73]	[-1 -1  0 71]
[13 13 73 75]	[-1 -1 71 75]
[13 13 75 76]	[-1 18 75 76]
[13 13 76 78]	[18 18 76 78]
[13 13 78 80]	[18 18 78 78]
[13 13 80 73]	[18 18 78 80]
[13 13 73 73]	[18 18 80 78]
[13 13 73 75]	[18 18 78 80]
[13 13 75 76]	[18 18 80 76]
[13 13 76 75]	[18 18 76 78]
[13 13 75 73]	[18 18 78 78]
[13 13 73 73]	[18 18 78 76]
[13 13 73 75]	[18 18 76 80]
[13 13 75 73]	[18 24 80 76]
[13 13 73 75]	[24 24 76 76]
[13 13 75 76]	[24 24 76 75]
[13 13 76 73]	[24 24 75 78]
[13 13 73 73]	[24 24 78 74]
[13 13 73 75]	[24 24 74 74]
[13 13 75 73]	[24 24 74 73]
[13 13 73 80]	[24 24 73 76]
[13 13 80 85]	[24 13 76 75]
[13 13 85 85]	[13 13 75 73]
[13 13 85 83]	[13 13 73 85]
[13 13 83 80]	[13 13 85  0]
[13 13 80 85]	[13 13  0 82]
[13 13 85 87]	[13 18 82 83]
[13 13 87 85]	[18 18 83 85]
[13 13 85 83]	[18  5 85 85]
[13 13 83 85]	[ 5  5 85 83]
[13 13 85 83]	[ 5  5 83 82]
[13 13 83 80]	[ 5  5 82 83]
[13 13 80 78]	[ 5 18 83 80]
[13 13 78 76]	[18 18 80 78]
[13 13 76 75]	[18 18 78 76]
[13 13 75 76]	[18 18 76 75]
[13 13 76 73]	[18 18 75 76]
[13 13 73 75]	[18 18 76 78]
[13 13 75 76]	[18 18 78 80]
[13 13 76 73]	[18 24 80 76]
[13 13 73 73]	[24 24 76 76]
[13 13 73 73]	[24 24 76 74]
[13 13 73 73]	[24 24 74 75]
[13 13 73 73]	[24 13 75 73]
[13 13 73 73]	[13 13 73 73]
[13 13 73 73]	[13 13 73  0]
[13 13 73 75]	[13 13  0 75]
[13 13 75 76]	[13 18 75 76]
[13 13 76 78]	[18 18 76 78]
[13 13 78 80]	[18 18 78 78]
[13 13 80 73]	[18 18 78 80]
[13 13 73 75]	[18 18 80 78]
[13 13 75 76]	[18 18 78 80]
[13 13 76 73]	[18 18 80 76]
[13 13 73 80]	[18 18 76 78]
[13 13 80 73]	[18 18 78  0]
[13 13 73 73]	[18 18  0 78]
[13 13 73 75]	[18 18 78 76]
[13 13 75 73]	[18 18 76 80]
[13 13 73 73]	[18 24 80 76]
[13 13 73 75]	[24 24 76 76]
[13 13 75 76]	[24 24 76 75]
[13 13 76 73]	[24 24 75 78]
[13 13 73 73]	[24 18 78 74]
[13 13 73 75]	[18 18 74 74]
[13 13 75 76]	[18 18 74 73]
[-1 -1 -1 -1]	[18 18 73 76]
[13 13 73 71]	[18 13 76 75]
[13 13 71 73]	[13 13 75 68]
[13 13 73 75]	[13 13 68 68]
[13 13 75 76]	[13 13 68 76]
[13 13 76 75]	[13 20 76 76]
[13 13 75 73]	[20 13 76 75]
[13 13 73 71]	[13 13 75 73]
[13 13 71 73]	[13 15 73 71]
[13 13 73 75]	[15 13 71 70]
[13 13 75 76]	[13 13 70 68]
[13 13 76 75]	[13 20 68 76]
[13 13 75 73]	[20 13 76 75]
[13 13 73 71]	[13 13 75 73]
[13 13 71 73]	[13 13 73 73]
[13 13 73 75]	[13 13 73 68]
[13 13 75 76]	[13 13 68 73]
[13 13 76 75]	[13 20 73 76]
[13 13 75 73]	[20 20 76 75]
[13 13 73 71]	[20  5 75 73]
[-1 -1 -1 -1]	[ 5  5 73 71]
[13 13 76 75]	[ 5  8 71 70]
[13 13 75 73]	[ 8  8 70 85]
[13 13 73 73]	[ 8  8 85 73]
[13 13 73 73]	[ 8  8 73 73]
[13 13 73 73]	[ 8  8 73 73]
[13 13 73 73]	[ 8  8 73 73]
[13 13 73 73]	[ 8  8 73 80]
[13 13 73 73]	[ 8  8 80 73]
[13 13 73 73]	[ 8  8 73 73]
[13 13 73 80]	[ 8  8 73 73]
[13 13 80 73]	[ 8  8 73 73]
[13 13 73 73]	[ 8  8 73 85]
[13 13 73 73]	[ 8  8 85 73]
[13 13 73 80]	[ 8  8 73 73]
[13 13 80 82]	[ 8  8 73 73]
[13 13 82 83]	[ 8  8 73 73]
[13 13 83 85]	[ 8  8 73 83]
[13 13 85 80]	[ 8  8 83 82]
[13 13 80 73]	[ 8  8 82 83]
[13 13 73 73]	[ 8  8 83 85]
[13 13 73 75]	[ 8  8 85 73]
[13 13 75 76]	[ 8  8 73 73]
[13 13 76 78]	[ 8  8 73 73]
[13 13 78 80]	[ 8  8 73 73]
[13 12 80 82]	[ 8  8 73 80]
[12 12 82 83]	[ 8  8 80 78]
[12 12 83 80]	[ 8  8 78 77]
[12 12 80 78]	[ 8  8 77 80]
[12 12 78 75]	[ 8  8 80 78]
[12 12 75 71]	[ 8  8 78 75]
[12 12 71 75]	[ 8  8 75 71]
[12 13 75 78]	[ 8  8 71 75]
[13 13 78 80]	[ 8  8 75 78]
[13 13 80 73]	[ 8  8 78 80]
[13 13 73 73]	[ 8  8 80 82]
[13 13 73 73]	[ 8  8 82 83]
[13 13 73 73]	[ 8  8 83 85]
[13 13 73 75]	[ 8  8 85 73]
[13 13 75 76]	[ 8  8 73 73]
[13 13 76 78]	[ 8  8 73 73]
[13 13 78 80]	[ 8  8 73 73]
[13 13 80 73]	[ 8  8 73 80]
[13 13 73 73]	[ 8  8 80 73]
[13 13 73 73]	[ 8  8 73 73]
[13 13 73 80]	[ 8  8 73 73]
[13 13 80 73]	[ 8  8 73 73]
[13 13 73 73]	[ 8  8 73 85]
[13 13 73 73]	[ 8  8 85 73]
[13 13 73 80]	[ 8  8 73 73]
[13 13 80 82]	[ 8  8 73 73]
[13 13 82 83]	[ 8  8 73 73]
[13 13 83 85]	[ 8  8 73 83]
[13 13 85 85]	[ 8  8 83 82]
[13 13 85 83]	[ 8  8 82 83]
[13 13 83 80]	[ 8  8 83 85]
[13 13 80 78]	[ 8  8 85 82]
[13 13 78 80]	[ 8  8 82 82]
[13 13 80 85]	[ 8  8 82 80]
[13 13 85 85]	[ 8  8 80 82]
[13 13 85 83]	[ 8  8 82 85]
[13 12 83 80]	[ 8  8 85 83]
[12 12 80 78]	[ 8  8 83 80]
[12 12 78 75]	[ 8  8 80 78]
[12 12 75 71]	[ 8  8 78 75]
[12 12 71 75]	[ 8  8 75 71]
[12 12 75 78]	[ 8  8 71 75]
[12 12 78 80]	[ 8  8 75 78]
[12 12 80 83]	[ 8  8 78 80]
[12 12 83 80]	[ 8  8 80 82]
[12 12 80 78]	[ 8  8 82 83]
[12 12 78 75]	[ 8  8 83 78]
[12 13 75 71]	[ 8  8 78 75]
[13 13 71 73]	[ 8  8 75 71]
[13 13 73 75]	[ 8  8 71 75]
[13 13 75 76]	[ 8  8 75 78]
[13 13 76 78]	[ 8  8 78 76]
[13 13 78 80]	[ 8 10 76 78]
[13 13 80 73]	[10 10 78 80]
[13 13 73 73]	[10 10 80 76]
[13 13 73 73]	[10 10 76 80]
[13 13 73 75]	[10 10 80 73]
[13 13 75 76]	[10 10 73 80]
[13 13 76 78]	[10 10 80 76]
[13 13 78 80]	[10 10 76 80]
[13 13 80 78]	[10 10 80 80]
[13 13 78 80]	[10 10 80 78]
[13 13 80 82]	[10 10 78 80]
[13 13 82 83]	[10 10 80 82]
[13 13 83 85]	[10 10 82 83]
[13 13 85 83]	[10 10 83 82]
[13 13 83 80]	[10 10 82 83]
[13 13 80 78]	[10 10 83 80]
[13 13 78 76]	[10 10 80 76]
[13 13 76 78]	[10 10 76 80]
[13 13 78 80]	[10 10 80 73]
[13 13 80 78]	[10 10 73 80]
[13 13 78 80]	[10 10 80 76]
[13 13 80 78]	[10 10 76 80]
[13 13 78 76]	[10 10 80 78]
[13 13 76 75]	[10 10 78 75]
[13 13 75 76]	[10 10 75 78]
[13 13 76 75]	[10 10 78 71]
[13 13 75 76]	[10 10 71 78]
[13 13 76 78]	[10 10 78 75]
[13 13 78 80]	[10 10 75 78]
[13 13 80 85]	[10 10 78 80]
[13 13 85 85]	[10 10 80 80]
[13 13 85 83]	[10 10 80 80]
[13 13 83 82]	[10 10 80 80]
[13 13 82 80]	[10 10 80 80]
[13 13 80 78]	[10 10 80 80]
[13 13 78 80]	[10 10 80 78]
[13 13 80 82]	[10 10 78 80]
[13 13 82 83]	[10 10 80 82]
[13 13 83 85]	[10 10 82 83]
[13 13 85 85]	[10 10 83 82]
[13 13 85 83]	[10 10 82 83]
[13 13 83 80]	[10 10 83 85]
[13 13 80 78]	[10 10 85 82]
[13 13 78 80]	[10 10 82 82]
[13 13 80 85]	[10 10 82 80]
[13 13 85 85]	[10 10 80 82]
[13 13 85 83]	[10 10 82 85]
[13 12 83 80]	[10 10 85 83]
[12 12 80 78]	[10 10 83 80]
[12 12 78 75]	[10 10 80 78]
[12 12 75 71]	[10 10 78 75]
[12 12 71 75]	[10 10 75 71]
[12 12 75 78]	[10 10 71 75]
[12 12 78 83]	[10 10 75 78]
[12 12 83 80]	[10 10 78 76]
[12 12 80 78]	[10 10 76 78]
[12 12 78 75]	[10 10 78 78]
[12 12 75 71]	[10 10 78 75]
[12 12 71 75]	[10 10 75 71]
[6 6 0 0]	[10 10 71 75]
[6 6 0 0]	[10 10 75 78]
[6 6 0 0]	[10 10 78  0]
[13 13 85 80]	[10 12  0  0]
[13 13 80 85]	[12 12  0  0]
[13 13 85 85]	[12 12  0 85]
[13 13 85 87]	[12 12 85 85]
[13 13 87 85]	[12 12 85 85]
[13 13 85 83]	[12 12 85 85]
[13 13 83 80]	[12 12 85 92]
[13 13 80 85]	[12 12 92 85]
[13 13 85 80]	[12 12 85 85]
[13 13 80 85]	[12 12 85 85]
[13 13 85 85]	[12 12 85 85]
[13 13 85 87]	[12 12 85 85]
[13 13 87 88]	[12 12 85 85]
[13 13 88 85]	[12 12 85 88]
[13 13 85 80]	[12 12 88 85]
[13 13 80 85]	[12 12 85 92]
[13 13 85 80]	[12 12 92 85]
[13 13 80 85]	[12 12 85 85]
[13 13 85 85]	[12 12 85 85]
[13 13 85 85]	[12 12 85 85]
[13 13 85 85]	[12 12 85 83]
[13 13 85 85]	[12 12 83 83]
[13 13 85 85]	[12 12 83 83]
[13 13 85 85]	[12 12 83 83]
[13 13 85 85]	[12 12 83 87]
[13 13 85 85]	[12 12 87 83]
[13 13 85 85]	[12 12 83 83]
[13 13 85 85]	[12 12 83 83]
[13 13 85 85]	[12 12 83 87]
[13 13 85 85]	[12 12 87 84]
[13 13 85 85]	[12 12 84 84]
[13 13 85 85]	[12 12 84 83]
[13 13 85 85]	[12 12 83 87]
[13 13 85 85]	[12 12 87 83]
[13 13 85 85]	[12 12 83 83]
[13 13 85 80]	[12 12 83 83]
[13 13 80 85]	[12 12 83 83]
[13 13 85 85]	[12 12 83 85]
[13 13 85 87]	[12 12 85 85]
[13 13 87 85]	[12 12 85 85]
[13 13 85 83]	[12 12 85 85]
[13 13 83 80]	[12 12 85 92]
[13 13 80 85]	[12 12 92 85]
[13 13 85 80]	[12 12 85 85]
[13 13 80 85]	[12 12 85 85]
[13 13 85 85]	[12 12 85 85]
[13 13 85 87]	[12 12 85 85]
[13 13 87 88]	[12 12 85 85]
[13 13 88 85]	[12 12 85 88]
[13 13 85 80]	[12 12 88 85]
[13 13 80 85]	[12 12 85 92]
[13 13 85 80]	[12 12 92 85]
[13 13 80 85]	[12 12 85 85]
[13 13 85 85]	[12 12 85 85]
[13 13 85 85]	[12 12 85 85]
[13 13 85 85]	[12 12 85 83]
[13 13 85 85]	[12 12 83 83]
[13 13 85 85]	[12 12 83 83]
[13 13 85 85]	[12 12 83 83]
[13 13 85 85]	[12 12 83 87]
[13 13 85 85]	[12 12 87 83]
[13 13 85 85]	[12 12 83 83]
[13 13 85 85]	[12 12 83 83]
[13 13 85 85]	[12 12 83 87]
[13 13 85 87]	[12 12 87 84]
[13 13 87 85]	[12 12 84 84]
[6 6 0 0]	[12 12 84 83]
[6 6 0 0]	[12 12 83 83]
[6 6 0 0]	[12 12 83  0]
[6 6 0 0]	[12 12  0  0]
[13 13 88 85]	[12 12  0  0]
[13 13 85 80]	[12 12  0  0]
[13 13 80 85]	[12 12  0 92]
[13 13 85 80]	[12 12 92 85]
[13 13 80 85]	[12 12 85 85]
[13 13 85 80]	[12 12 85 85]
[13 13 80 85]	[12 12 85 85]
[13 13 85 85]	[12 12 85 85]
[13 13 85 87]	[12 12 85 85]
[13 13 87 85]	[12 12 85 88]
[13 13 85 83]	[12 12 88 85]
[13 13 83 80]	[12 12 85 92]
[13 13 80 85]	[12 12 92 85]
[13 13 85 80]	[12 12 85 85]
[13 13 80 85]	[12 12 85 85]
[13 13 85 85]	[12 12 85 85]
[13 13 85 85]	[12 12 85 84]
[13 13 85 85]	[12 12 84 83]
[13 13 85 85]	[12 12 83 83]
[13 13 85 85]	[12 12 83 83]
[13 13 85 85]	[12 12 83 87]
[13 13 85 85]	[12 12 87 83]
[13 13 85 85]	[12 12 83 83]
[13 13 85 85]	[12 12 83 83]
[13 13 85 85]	[12 12 83 87]
[13 13 85 85]	[12 12 87 84]
[13 13 85 85]	[12 12 84 84]
[13 13 85 85]	[12 12 84 83]
[13 13 85 85]	[12 12 83 87]
[13 13 85 85]	[12 12 87 83]
[13 13 85 85]	[12 12 83 83]
[13 13 85 80]	[12 12 83 83]
[13 13 80 85]	[12 12 83 83]
[13 13 85 85]	[12 12 83 85]
[13 13 85 87]	[12 12 85 85]
[13 13 87 85]	[12 12 85 85]
[13 13 85 83]	[12 12 85 85]
[13 13 83 80]	[12 12 85 92]
[13 13 80 85]	[12 12 92 85]
[13 13 85 80]	[12 12 85 85]
[13 13 80 85]	[12 12 85 85]
[13 13 85 85]	[12 12 85 85]
[13 13 85 87]	[12 12 85 85]
[13 13 87 88]	[12 12 85 85]
[13 13 88 85]	[12 12 85 88]
[13 13 85 80]	[12 12 88 85]
[13 13 80 85]	[12 12 85 92]
[13 13 85 80]	[12 12 92 85]
[13 13 80 85]	[12 12 85 85]
[13 13 85 85]	[12 12 85 85]
[13 13 85 85]	[12 12 85 85]
[13 13 85 85]	[12 12 85 84]
[13 13 85 85]	[12 12 84 83]
[13 13 85 85]	[12 12 83 83]
[13 13 85 85]	[12 12 83 83]
[13 13 85 85]	[12 12 83 87]
[13 13 85 85]	[12 12 87 83]
[13 13 85 85]	[12 12 83 83]
[13 13 85 85]	[12 12 83 83]
[13 13 85 85]	[12 12 83 87]
[13 13 85 85]	[12 12 87 84]
[13 13 85 85]	[12 12 84 84]
[13 13 85 85]	[12 12 84 83]
[13 13 85 87]	[12 12 83 83]
[13 13 87 85]	[12 12 83  0]
[13 13 85 83]	[12  1  0  0]
[13 13 83 85]	[ 1  1  0 92]
[13 13 85 87]	[ 1  1 92 80]
[13 13 87 85]	[ 1  1 80 80]
[13 13 85 83]	[ 1  1 80 88]
[13 13 83 80]	[ 1  1 88 80]
[13 13 80 78]	[ 1  1 80 80]
[13 13 78 80]	[ 1  1 80 85]
[13 13 80 82]	[ 1  1 85 80]
[13 13 82 83]	[ 1  1 80 80]
[13 13 83 85]	[ 1  1 80 83]
[13 13 85 83]	[ 1  1 83 82]
[13 13 83 80]	[ 1  1 82 83]
[13 13 80 78]	[ 1  1 83 80]
[13 13 78 76]	[ 1  1 80 76]
[13 13 76 78]	[ 1  1 76 80]
[13 13 78 80]	[ 1  1 80 73]
[13 13 80 78]	[ 1  1 73 80]
[13 13 78 80]	[ 1  1 80 76]
[13 13 80 78]	[ 1  1 76 80]
[13 13 78 76]	[ 1  1 80 78]
[13 13 76 75]	[ 1  1 78 75]
[13 13 75 76]	[ 1  1 75 78]
[13 13 76 75]	[ 1  1 78 71]
[13 13 75 76]	[ 1  1 71 78]
[13 13 76 78]	[ 1  1 78 75]
[13 13 78 80]	[ 1 10 75 78]
[13 13 80 85]	[10 10 78 80]
[13 13 85 85]	[10 10 80 80]
[13 13 85 83]	[10 10 80 80]
[13 13 83 82]	[10 10 80 80]
[13 13 82 80]	[10 10 80 80]
[13 13 80 78]	[10 10 80 80]
[13 13 78 80]	[10 10 80 78]
[13 13 80 82]	[10 10 78 80]
[13 13 82 83]	[10 10 80 82]
[13 13 83 85]	[10 10 82 83]
[13 13 85 85]	[10 10 83 82]
[13 13 85 83]	[10 10 82 83]
[13 13 83 80]	[10 10 83 85]
[13 13 80 78]	[10 10 85 82]
[13 13 78 80]	[10 10 82 82]
[13 13 80 85]	[10 10 82 80]
[13 13 85 85]	[10 10 80 82]
[13 13 85 83]	[10 10 82 85]
[13 12 83 80]	[10 10 85 83]
[12 12 80 78]	[10 10 83 80]
[12 12 78 75]	[10 10 80 78]
[12 12 75 71]	[10 10 78 75]
[12 12 71 75]	[10 10 75 71]
[12 12 75 78]	[10 10 71 75]
[12 12 78 83]	[10 10 75 78]
[12 12 83 80]	[10 10 78 76]
[12 12 80 78]	[10 10 76 78]
[12 13 78 75]	[10 10 78 78]
[13 13 75 73]	[10 10 78 80]
[13 13 73 73]	[10 10 80 76]
[13 13 73 73]	[10 10 76 80]
[13 13 73 75]	[10 10 80 73]
[13 13 75 76]	[10 10 73 80]
[13 13 76 78]	[10 10 80 76]
[13 13 78 80]	[10 10 76 80]
[13 13 80 78]	[10 10 80 80]
[13 13 78 80]	[10 10 80 78]
[13 13 80 82]	[10 10 78 80]
[13 13 82 83]	[10 10 80 82]
[13 13 83 85]	[10 10 82 83]
[13 13 85 83]	[10 10 83 82]
[13 13 83 80]	[10 10 82 83]
[13 13 80 78]	[10 10 83 80]
[13 13 78 76]	[10 10 80 76]
[13 13 76 78]	[10 10 76 80]
[13 13 78 80]	[10 10 80 73]
[13 13 80 78]	[10 10 73 80]
[13 13 78 80]	[10 10 80 76]
[13 13 80 78]	[10 10 76 80]
[13 13 78 76]	[10 10 80 78]
[13 13 76 75]	[10 10 78 75]
[13 13 75 76]	[10 10 75 78]
[13 13 76 75]	[10 10 78 71]
[13 13 75 76]	[10 10 71 78]
[13 13 76 78]	[10 10 78 75]
[13 13 78 80]	[10 10 75 78]
[13 13 80 85]	[10 10 78 80]
[13 13 85 85]	[10 10 80 80]
[13 13 85 83]	[10 10 80 80]
[13 13 83 82]	[10 10 80 80]
[13 13 82 80]	[10 10 80 80]
[13 13 80 78]	[10 10 80 80]
[13 13 78 80]	[10 10 80 78]
[13 13 80 82]	[10 10 78 80]
[13 13 82 83]	[10 10 80 82]
[13 13 83 85]	[10 10 82 83]
[13 13 85 85]	[10 10 83 82]
[13 13 85 83]	[10 10 82 83]
[13 13 83 80]	[10 10 83 85]
[13 13 80 78]	[10 10 85 82]
[13 13 78 80]	[10 10 82 82]
[13 13 80 85]	[10 10 82 80]
[13 13 85 85]	[10 10 80 82]
[13 13 85 83]	[10 10 82 85]
[13 12 83 80]	[10 10 85 83]
[12 12 80 78]	[10 10 83 80]
[12 12 78 75]	[10 10 80 78]
[12 12 75 71]	[10 10 78 75]
[12 12 71 75]	[10 10 75 71]
[12 13 75 78]	[10 10 71 75]
[13 13 78 80]	[10 10 75 78]
[13 13 80 85]	[10 10 78 80]
[13 13 85 85]	[10 10 80 82]
[13 13 85 87]	[10 10 82 83]
[13 13 87 85]	[10 10 83 83]
[13 13 85 83]	[10 10 83 85]
[13 13 83 80]	[10 10 85 85]
[13 13 80 85]	[10 10 85 85]
[13 13 85 80]	[10 10 85 85]
[13 13 80 85]	[10 10 85 85]
[13 13 85 80]	[10 10 85 85]
[13 13 80 85]	[10 10 85 85]
[13 13 85 80]	[10 10 85 85]
[13 13 80 85]	[10 10 85 85]
[13 13 85 85]	[10 10 85 85]
[13 13 85 87]	[10 10 85 85]
[13 13 87 85]	[10 10 85 85]
[13 13 85 83]	[10 10 85 85]
[13 13 83 85]	[10 10 85 83]
[13 13 85 87]	[10 10 83 82]
[13 13 87 85]	[10 10 82 83]
[13 13 85 83]	[10 10 83 83]
[13 13 83 85]	[10 10 83 92]
[13 13 85 83]	[10 10 92 80]
[13 13 83 80]	[10 10 80 88]
[13 13 80 85]	[10 10 88 80]
[13 13 85 85]	[10 10 80 83]
[13 13 85 85]	[10 10 83 85]
[13 13 85 83]	[10 10 85 80]
[13 13 83 80]	[10 10 80 83]
[13 13 80 85]	[10 10 83 82]
[13 13 85 85]	[10 10 82 83]
[13 13 85 80]	[10 10 83 83]
[13 13 80 85]	[10 10 83 92]
[13 13 85 85]	[10 10 92 85]
[13 13 85 87]	[10 10 85 85]
[13 13 87 85]	[10 10 85 85]
[13 13 85 83]	[10 10 85 88]
[13 13 83 80]	[10 10 88 80]
[13 13 80 85]	[10 10 80 80]
[13 13 85 85]	[10 10 80 80]
[13 13 85 83]	[10 10 80 85]
[13 13 83 80]	[10 10 85 80]
[13 12 80 82]	[10 10 80 80]
[12 12 82 83]	[10 10 80 80]
[12 12 83 82]	[10 10 80 83]
[-1 -1 -1 -1]	[10 10 83 82]
[13 13 76 78]	[10 13 82 83]
[13 13 78 80]	[13 13 83 73]
[13 13 80 73]	[13 13 73 80]
[13 13 73 73]	[13 13 80 73]
[13 13 73 73]	[13 13 73 83]
[13 13 73 73]	[13 13 83 73]
[13 13 73 73]	[13 13 73 80]
[13 13 73 73]	[13 13 80 73]
[13 13 73 75]	[13 13 73 73]
[13 13 75 76]	[13 13 73 80]
[13 13 76 73]	[13 12 80 73]
[13 13 73 73]	[12 12 73 78]
[13 13 73 73]	[12 12 78 75]
[13 13 73 73]	[12 12 75 71]
[13 13 73 73]	[12 13 71 75]
[13 13 73 73]	[13 13 75 73]
[13 13 73 73]	[13 13 73 80]
[13 13 73 73]	[13 13 80 73]
[13 13 73 73]	[13 13 73 83]
[13 13 73 73]	[13 13 83 73]
[13 13 73 75]	[13 13 73 80]
[13 13 75 76]	[13 13 80 73]
[13 13 76 78]	[13 13 73 80]
[13 13 78 80]	[13 13 80 78]
[13 13 80 82]	[13 13 78 80]
[13 13 82 80]	[13 12 80 82]
[13 13 80 73]	[12 12 82 83]
[13 13 73 73]	[12 12 83 78]
[13 13 73 85]	[12 12 78 75]
[13 13 85 85]	[12 12 75 71]
[13 13 85 85]	[12 12 71 83]
[13 13 85 83]	[12 12 83 87]
[13 13 83 85]	[12  6 87 83]
[13 13 85 83]	[ 6  6 83 82]
[13 13 83 80]	[ 6  6 82 85]
[13 13 80 85]	[ 6  5 85 82]
[13 13 85 85]	[ 5  5 82 83]
[13 13 85 87]	[ 5  5 83 85]
[13 13 87 88]	[ 5  5 85 87]
[13 13 88 85]	[ 5  5 87 88]
[13 13 85 80]	[ 5  5 88 90]
[13 13 80 85]	[ 5  5 90 87]
[13 13 85 85]	[ 5  5 87 88]
[13 13 85 85]	[ 5 12 88 85]
[13 13 85 85]	[12 12 85 83]
[13 13 85 80]	[12 12 83 87]
[13 13 80 85]	[12  6 87 83]
[13 13 85 85]	[ 6  6 83 82]
[13 13 85 83]	[ 6  6 82 85]
[13 13 83 80]	[ 6  5 85 82]
[13 13 80 78]	[ 5  5 82 80]
[13 13 78 80]	[ 5  5 80 78]
[13 13 80 82]	[ 5  5 78 80]
[13 13 82 80]	[ 5  5 80 82]
[13 13 80 78]	[ 5  5 82 83]
[13 13 78 80]	[ 5  5 83 78]
[13 13 80 85]	[ 5  5 78 75]
[13 13 85 85]	[ 5 12 75 78]
[13 13 85 85]	[12 12 78 83]
[13 13 85 83]	[12 12 83 87]
[13 13 83 85]	[12  6 87 83]
[13 13 85 83]	[ 6  6 83 82]
[13 13 83 80]	[ 6  6 82 85]
[13 13 80 85]	[ 6  5 85 82]
[13 13 85 85]	[ 5  5 82 83]
[13 13 85 87]	[ 5  5 83 85]
[13 13 87 88]	[ 5  5 85 87]
[13 13 88 85]	[ 5  5 87 88]
[13 13 85 80]	[ 5  5 88 90]
[13 13 80 85]	[ 5  5 90 87]
[13 13 85 85]	[ 5  5 87 88]
[13 13 85 85]	[ 5  5 88 85]
[13 13 85 87]	[ 5  5 85 90]
[13 13 87 85]	[ 5  5 90 87]
[13 13 85 85]	[ 5  5 87 88]
[13 13 85 85]	[ 5  5 88 85]
[13 13 85 87]	[ 5  5 85 87]
[13 13 87 85]	[ 5  5 87 83]
[13 13 85 83]	[ 5  5 83 85]
[13 13 83 80]	[ 5  5 85 82]
[13 13 80 78]	[ 5  5 82 80]
[13 13 78 80]	[ 5  5 80 78]
[13 12 80 82]	[ 5  5 78 80]
